  0.0000000E+00  3.6838284E+00
  2.0000000E+00  3.6747609E+00
  4.0000000E+00  3.6476993E+00
  6.0000000E+00  3.6030600E+00
  8.0000000E+00  3.5415181E+00
  1.0000000E+01  3.4639801E+00
  1.2000000E+01  3.3715506E+00
  1.4000000E+01  3.2654932E+00
  1.6000000E+01  3.1471915E+00
  1.8000000E+01  3.0181120E+00
  2.0000000E+01  2.8797722E+00
  2.2000000E+01  2.7337168E+00
  2.4000000E+01  2.5815038E+00
  2.6000000E+01  2.4247024E+00
  2.8000000E+01  2.2649037E+00
  3.0000000E+01  2.1037430E+00
  3.2000000E+01 -5.1468558E-01
  3.4000000E+01 -5.6044154E-01
  3.6000000E+01 -6.1355264E-01
  3.8000000E+01 -6.7488238E-01
  4.0000000E+01 -7.4497167E-01
  4.2000000E+01 -8.2360470E-01
  4.4000000E+01 -9.0908356E-01
  4.6000000E+01 -9.9703913E-01
  4.8000000E+01 -1.0784163E+00
  5.0000000E+01 -1.1358006E+00
  5.2000000E+01 -1.1363217E+00
  5.4000000E+01 -1.0194754E+00
  5.6000000E+01 -7.0340413E-01
  5.8000000E+01 -2.7859565E-01
  6.0000000E+01 -4.0654865E-02
  6.2000000E+01  4.9706624E-02
  6.4000000E+01  8.3165813E-02
  6.6000000E+01  9.3871011E-02
  6.8000000E+01  9.4570703E-02
  7.0000000E+01  9.0699734E-02
  7.2000000E+01 -1.1785732E+01
  7.4000000E+01 -1.2761103E+01
  7.6000000E+01 -1.3888986E+01
  7.8000000E+01 -1.5101647E+01
  8.0000000E+01 -1.6304839E+01
  8.2000000E+01 -1.7365221E+01
  8.4000000E+01 -1.8112037E+01
  8.6000000E+01 -1.8363046E+01
  8.8000000E+01 -1.7977490E+01
  9.0000000E+01 -1.6917157E+01
  9.2000000E+01 -1.5276706E+01
  9.4000000E+01 -1.3255967E+01
  9.6000000E+01 -1.1089613E+01
  9.8000000E+01 -8.9789906E+00
  1.0000000E+02 -7.0581925E+00
  1.0200000E+02 -5.3950255E+00
  1.0400000E+02 -4.0102515E+00
  1.0600000E+02 -2.8996999E+00
  1.0800000E+02 -2.0505146E+00
  1.1000000E+02  6.9213415E-01
  1.1200000E+02  9.5421420E-01
  1.1400000E+02  1.2443089E+00
  1.1600000E+02  1.5275780E+00
  1.1800000E+02  1.7823334E+00
  1.2000000E+02  2.0000422E+00
  1.2200000E+02  2.1794100E+00
  1.2400000E+02  2.3221155E+00
  1.2600000E+02  2.4306381E+00
  1.2800000E+02  2.5072723E+00
  1.3000000E+02  2.5537012E+00
  1.3200000E+02  2.5708135E+00
  1.3400000E+02  2.5586157E+00
  1.3600000E+02  2.5161725E+00
  1.3800000E+02  2.4415512E+00
  1.4000000E+02  2.3317806E+00
  1.4200000E+02  2.1828887E+00
  1.4400000E+02  1.9902129E+00
  1.4600000E+02  1.7495084E+00
  1.4800000E+02  1.4602006E+00
  1.5000000E+02 -8.8228465E-01
  1.5200000E+02 -1.2426794E+00
  1.5400000E+02 -1.8883480E+00
  1.5600000E+02 -2.9577972E+00
  1.5800000E+02 -4.6240040E+00
  1.6000000E+02 -7.2122052E+00
  1.6200000E+02 -1.1443881E+01
  1.6400000E+02 -1.9171070E+01
  1.6600000E+02 -3.6770599E+01
  1.6800000E+02 -1.0963946E+02
  1.7000000E+02  2.4433873E+02
  1.7200000E+02  7.2924298E+01
  1.7400000E+02  4.8662975E+01
  1.7600000E+02  3.9807343E+01
  1.7800000E+02  3.6038818E+01
  1.8000000E+02  3.4958984E+01
 
