1.2091092E+02   -7.0866210E+01   0
1.1965942E+02   -7.0333400E+01   0
1.1596471E+02   -6.8749286E+01   0
1.1000240E+02   -6.6156548E+01   0
1.0205287E+02   -6.2625388E+01   0
9.2483745E+01   -5.8252067E+01   0
8.1727130E+01   -5.3156701E+01   0
7.0253225E+01   -4.7480254E+01   0
5.8542157E+01   -4.1380622E+01   0
4.7056000E+01   -3.5027815E+01   0
3.6212885E+01   -2.8598272E+01   0
2.6364921E+01   -2.2268474E+01   0
1.7781346E+01   -1.6208086E+01   0
1.0637898E+01   -1.0572976E+01   0
5.0129467E+00   -5.4985097E+00   0
8.9038321E-01   -1.0935683E+00   0
-1.8312009E+00   2.5642614E+00   0
-3.3239787E+00   5.4319329E+00   0
-3.8122945E+00   7.5023061E+00   0
-3.5515646E+00   8.8034518E+00   0
-2.8063630E+00   9.3958656E+00   0
-1.8293772E+00   9.3677295E+00   0
-8.4279442E-01   8.8285240E+00   0
-2.3429873E-02   7.9014410E+00   0
5.0743254E-01   6.7151556E+00   0
6.8891919E-01   5.3955772E+00   0
5.2003748E-01   4.0582088E+00   0
5.4042933E-02   2.8016920E+00   0
-6.1159601E-01   1.7030083E+00   0
-1.3486051E+00   8.1466138E-01   0
-2.0134155E+00   1.6398130E-01   0
-2.4633833E+00   -2.4549950E-01   0
-2.5723045E+00   -4.3083548E-01   0
-2.2439174E+00   -4.2502279E-01   0
-1.4222820E+00   -2.7144008E-01   0
-9.8216428E-02   -1.7964189E-02   0
1.6886833E+00   2.8864201E-01   0
3.8525369E+00   6.0752437E-01   0
6.2679043E+00   9.0727512E-01   0
8.7801112E+00   1.1679229E+00   0
1.1218254E+01   1.3812601E+00   0
1.3409750E+01   1.5495762E+00   0
1.5195179E+01   1.6830400E+00   0
1.6442160E+01   1.7961144E+00   0
1.7057063E+01   1.9034920E+00   0
1.6993589E+01   2.0160806E+00   0
1.6257457E+01   2.1375574E+00   0
1.4906797E+01   2.2619421E+00   0
1.3048191E+01   2.3725195E+00   0
1.0828636E+01   2.4422870E+00   0
8.4240857E+00   2.4359343E+00   0
6.0254528E+00   2.3131804E+00   0
3.8232180E+00   2.0331450E+00   0
1.9918806E+00   1.5593017E+00   0
6.7552468E-01   8.6448780E-01   0
-2.4302082E-02   -6.4575451E-02   0
-5.7375345E-02   -1.2237656E+00   0
5.7052431E-01   -2.5894676E+00   0
1.7974855E+00   -4.1182007E+00   0
3.5099893E+00   -5.7480918E+00   0
5.5518054E+00   -7.4021469E+00   0
7.7366300E+00   -8.9931000E+00   0
9.8635253E+00   -1.0429461E+01   0
1.1733979E+01   -1.1622269E+01   0
1.3169252E+01   -1.2491983E+01   0
1.4026617E+01   -1.2974918E+01   0
1.4213183E+01   -1.3028672E+01   0
1.3696103E+01   -1.2636067E+01   0
1.2508274E+01   -1.1807257E+01   0
1.0748942E+01   -1.0579794E+01   0
8.5789941E+00   -9.0166452E+00   0
6.2111669E+00   -7.2022707E+00   0
3.8957502E+00   -5.2370887E+00   0
1.9027679E+00   -3.2307272E+00   0
5.0188724E-01   -1.2945862E+00   0
-5.8480897E-02   4.6573015E-01   0
4.2867098E-01   1.9575508E+00   0
2.1110895E+00   3.1073205E+00   0
5.0630947E+00   3.8653890E+00   0
9.2762602E+00   4.2090766E+00   0
1.4655756E+01   4.1438184E+00   0
2.1022767E+01   3.7023327E+00   0
2.8122949E+01   2.9418991E+00   0
3.5640457E+01   1.9399649E+00   0
4.3216631E+01   7.8840643E-01   0
5.0472106E+01   -4.1313919E-01   0
5.7030809E+01   -1.5644041E+00   0
6.2544184E+01   -2.5715899E+00   0
6.6713925E+01   -3.3539567E+00   0
6.9311604E+01   -3.8494610E+00   0
7.0193795E+01   -4.0190686E+00   0
