Energy l=0 l=1 l=2 l=3 l=4 l=5 l=6 l=7 l=8 l=9 l=10
1.00000 2.65368 3.35704 3.29088 3.17674 3.15041 0.00302 0.00122 0.00057 0.00029 0.00016 0.00009
1.24500 2.50700 3.29932 3.32474 3.19316 3.15504 0.00473 0.00191 0.00090 0.00046 0.00025 0.00015
1.49000 2.37349 3.23187 3.34712 3.21079 3.16043 0.00686 0.00275 0.00129 0.00067 0.00037 0.00022
1.73500 2.25047 3.16001 3.35800 3.22867 3.16645 0.00942 0.00375 0.00176 0.00091 0.00051 0.00030
1.98000 2.13606 3.08652 3.35855 3.24588 3.17293 0.01246 0.00490 0.00230 0.00119 0.00067 0.00040
2.22500 2.02886 3.01293 3.35037 3.26169 3.17972 0.01604 0.00622 0.00291 0.00151 0.00085 0.00050
2.47000 1.92778 2.94004 3.33508 3.27548 3.18665 0.02024 0.00771 0.00359 0.00187 0.00105 0.00062
2.71500 1.83200 2.86832 3.31412 3.28683 3.19358 0.02516 0.00936 0.00436 0.00226 0.00127 0.00076
2.96000 1.74086 2.79801 3.28869 3.29550 3.20034 0.03098 0.01118 0.00519 0.00270 0.00151 0.00090
3.20500 1.65381 2.72921 3.25978 3.30134 3.20680 0.03792 0.01318 0.00610 0.00317 0.00178 0.00106
3.45000 1.57041 2.66198 3.22817 3.30436 3.21284 0.04634 0.01537 0.00709 0.00368 0.00206 0.00123
3.69500 1.49029 2.59630 3.19449 3.30462 3.21835 0.05680 0.01774 0.00816 0.00422 0.00237 0.00142
3.94000 1.41314 2.53214 3.15923 3.30226 3.22322 0.07019 0.02031 0.00931 0.00481 0.00270 0.00161
4.18500 1.33868 2.46948 3.12278 3.29744 3.22738 0.08806 0.02308 0.01053 0.00544 0.00305 0.00182
4.43000 1.26669 2.40824 3.08545 3.29035 3.23077 0.11325 0.02607 0.01184 0.00611 0.00342 0.00204
4.67500 1.19696 2.34837 3.04749 3.28120 3.23335 0.15172 0.02927 0.01323 0.00682 0.00382 0.00228
4.92000 1.12933 2.28982 3.00910 3.27017 3.23507 0.21801 0.03271 0.01470 0.00756 0.00424 0.00253
5.16500 1.06364 2.23254 2.97042 3.25745 3.23592 0.35831 0.03640 0.01626 0.00835 0.00467 0.00279
5.41000 0.99976 2.17646 2.93160 3.24322 3.23589 0.79609 0.04035 0.01790 0.00918 0.00514 0.00306
5.65500 0.93755 2.12153 2.89272 3.22765 3.23499 2.09794 0.04458 0.01963 0.01005 0.00562 0.00335
5.90000 0.87691 2.06770 2.85386 3.21088 3.23321 2.68323 0.04910 0.02145 0.01096 0.00613 0.00365
6.14500 0.81775 2.01493 2.81510 3.19305 3.23058 2.85260 0.05394 0.02336 0.01192 0.00665 0.00396
6.39000 0.75998 1.96316 2.77648 3.17429 3.22712 2.92735 0.05913 0.02536 0.01292 0.00720 0.00429
6.63500 0.70352 1.91236 2.73804 3.15472 3.22286 2.96867 0.06470 0.02746 0.01396 0.00778 0.00463
6.88000 0.64828 1.86247 2.69983 3.13442 3.21781 2.99448 0.07067 0.02965 0.01504 0.00838 0.00498
7.12500 0.59422 1.81348 2.66185 3.11349 3.21203 3.01183 0.07708 0.03194 0.01617 0.00900 0.00535
7.37000 0.54126 1.76533 2.62415 3.09201 3.20553 3.02401 0.08398 0.03434 0.01734 0.00964 0.00573
7.61500 0.48935 1.71800 2.58672 3.07005 3.19835 3.03276 0.09142 0.03683 0.01855 0.01031 0.00612
7.86000 0.43844 1.67145 2.54958 3.04767 3.19053 3.03910 0.09946 0.03944 0.01981 0.01100 0.00653
8.10500 0.38848 1.62565 2.51275 3.02494 3.18210 3.04365 0.10816 0.04215 0.02112 0.01171 0.00695
8.35000 0.33944 1.58057 2.47622 3.00190 3.17309 3.04680 0.11760 0.04498 0.02247 0.01245 0.00739
8.59500 0.29125 1.53619 2.44001 2.97860 3.16354 3.04885 0.12788 0.04793 0.02387 0.01321 0.00784
8.84000 0.24390 1.49248 2.40411 2.95507 3.15349 3.04997 0.13911 0.05099 0.02531 0.01400 0.00830
9.08500 0.19735 1.44942 2.36853 2.93136 3.14295 3.05031 0.15140 0.05418 0.02681 0.01481 0.00877
9.33000 0.15155 1.40698 2.33327 2.90750 3.13196 3.04998 0.16492 0.05749 0.02835 0.01564 0.00926
9.57500 0.10649 1.36515 2.29832 2.88351 3.12055 3.04905 0.17984 0.06094 0.02994 0.01650 0.00977
9.82000 0.06212 1.32389 2.26369 2.85942 3.10875 3.04759 0.19637 0.06453 0.03158 0.01738 0.01029
10.06500 0.01843 1.28320 2.22937 2.83525 3.09658 3.04565 0.21478 0.06826 0.03327 0.01829 0.01082
10.31000 -0.02460 1.24305 2.19537 2.81102 3.08406 3.04326 0.23537 0.07214 0.03501 0.01922 0.01136
10.55500 -0.06702 1.20342 2.16166 2.78676 3.07123 3.04045 0.25852 0.07618 0.03681 0.02018 0.01192
10.80000 -0.10883 1.16431 2.12826 2.76247 3.05810 3.03727 0.28470 0.08037 0.03865 0.02117 0.01250
11.04500 -0.15005 1.12569 2.09516 2.73818 3.04469 3.03372 0.31448 0.08474 0.04055 0.02218 0.01309
11.29000 -0.19072 1.08755 2.06236 2.71389 3.03102 3.02984 0.34855 0.08928 0.04250 0.02321 0.01369
11.53500 -0.23084 1.04987 2.02985 2.68962 3.01711 3.02563 0.38778 0.09400 0.04451 0.02428 0.01431
11.78000 -0.27044 1.01264 1.99762 2.66537 3.00298 3.02112 0.43324 0.09892 0.04658 0.02536 0.01494
12.02500 -0.30953 0.97585 1.96568 2.64116 2.98864 3.01632 0.48623 0.10404 0.04870 0.02648 0.01559
12.27000 -0.34812 0.93948 1.93401 2.61699 2.97411 3.01124 0.54832 0.10937 0.05088 0.02762 0.01625
12.51500 -0.38624 0.90353 1.90262 2.59287 2.95941 3.00589 0.62134 0.11493 0.05312 0.02879 0.01692
12.76000 -0.42390 0.86798 1.87150 2.56881 2.94454 3.00029 0.70730 0.12072 0.05542 0.02998 0.01761
13.00500 -0.46111 0.83282 1.84064 2.54482 2.92953 2.99445 0.80813 0.12676 0.05778 0.03121 0.01832
13.25000 -0.49788 0.79804 1.81005 2.52089 2.91437 2.98837 0.92519 0.13307 0.06021 0.03246 0.01904
13.49500 -0.53424 0.76363 1.77971 2.49704 2.89909 2.98207 1.05842 0.13965 0.06269 0.03374 0.01978
13.74000 -0.57018 0.72958 1.74962 2.47326 2.88369 2.97555 1.20547 0.14652 0.06525 0.03504 0.02053
13.98500 -0.60572 0.69588 1.71978 2.44957 2.86818 2.96883 1.36109 0.15370 0.06787 0.03638 0.02129
14.23000 -0.64087 0.66252 1.69018 2.42595 2.85258 2.96190 1.51784 0.16121 0.07056 0.03774 0.02207
14.47500 -0.67565 0.62949 1.66082 2.40243 2.83688 2.95479 1.66791 0.16907 0.07331 0.03913 0.02287
14.72000 -0.71006 0.59679 1.63170 2.37899 2.82111 2.94749 1.80527 0.17730 0.07614 0.04056 0.02368
14.96500 -0.74411 0.56441 1.60280 2.35565 2.80526 2.94001 1.92670 0.18593 0.07905 0.04201 0.02451
15.21000 -0.77781 0.53234 1.57414 2.33240 2.78934 2.93236 2.03155 0.19497 0.08202 0.04349 0.02535
15.45500 -0.81117 0.50057 1.54570 2.30924 2.77337 2.92455 2.12084 0.20447 0.08508 0.04500 0.02621
15.70000 -0.84420 0.46910 1.51747 2.28618 2.75734 2.91658 2.19641 0.21443 0.08821 0.04654 0.02709
15.94500 -0.87691 0.43792 1.48946 2.26322 2.74126 2.90845 2.26027 0.22491 0.09142 0.04812 0.02798
16.19000 -0.90930 0.40701 1.46167 2.24035 2.72514 2.90018 2.31432 0.23593 0.09472 0.04972 0.02888
16.43500 -0.94139 0.37639 1.43408 2.21758 2.70898 2.89177 2.36022 0.24754 0.09810 0.05136 0.02981
16.68000 -0.97317 0.34603 1.40669 2.19492 2.69279 2.88323 2.39935 0.25976 0.10156 0.05303 0.03075
16.92500 -1.00466 0.31594 1.37951 2.17235 2.67658 2.87455 2.43286 0.27265 0.10512 0.05473 0.03170
17.17000 -1.03586 0.28611 1.35253 2.14988 2.66034 2.86575 2.46166 0.28626 0.10876 0.05646 0.03267
17.41500 -1.06679 0.25653 1.32574 2.12751 2.64408 2.85683 2.48650 0.30063 0.11251 0.05823 0.03366
17.66000 -1.09744 0.22719 1.29914 2.10524 2.62780 2.84779 2.50799 0.31582 0.11635 0.06003 0.03467
17.90500 -1.12782 0.19810 1.27273 2.08308 2.61151 2.83864 2.52663 0.33189 0.12029 0.06186 0.03569
18.15000 -1.15793 0.16925 1.24650 2.06101 2.59521 2.82938 2.54282 0.34891 0.12433 0.06373 0.03673
18.39500 -1.18780 0.14063 1.22045 2.03905 2.57891 2.82003 2.55691 0.36694 0.12848 0.06564 0.03778
18.64000 -1.21741 0.11224 1.19459 2.01718 2.56260 2.81057 2.56915 0.38605 0.13273 0.06758 0.03886
18.88500 -1.24677 0.08407 1.16890 1.99541 2.54630 2.80102 2.57979 0.40633 0.13711 0.06955 0.03995
19.13000 -1.27589 0.05612 1.14339 1.97375 2.52999 2.79138 2.58902 0.42786 0.14159 0.07156 0.04105
19.37500 -1.30478 0.02839 1.11804 1.95218 2.51369 2.78165 2.59700 0.45071 0.14620 0.07361 0.04218
19.62000 -1.33344 0.00086 1.09286 1.93071 2.49740 2.77184 2.60387 0.47500 0.15093 0.07570 0.04332
19.86500 -1.36187 -0.02645 1.06785 1.90934 2.48111 2.76195 2.60975 0.50080 0.15579 0.07782 0.04448
20.11000 -1.39007 -0.05356 1.04300 1.88807 2.46484 2.75198 2.61474 0.52821 0.16078 0.07998 0.04566
20.35500 -1.41806 -0.08048 1.01831 1.86690 2.44858 2.74194 2.61892 0.55733 0.16591 0.08218 0.04685
20.60000 -1.44584 -0.10720 0.99378 1.84582 2.43233 2.73182 2.62237 0.58826 0.17118 0.08442 0.04807
20.84500 -1.47340 -0.13372 0.96941 1.82483 2.41610 2.72164 2.62517 0.62107 0.17660 0.08671 0.04930
21.09000 -1.50077 -0.16006 0.94518 1.80395 2.39989 2.71140 2.62736 0.65586 0.18217 0.08903 0.05055
21.33500 -1.52792 -0.18621 0.92111 1.78315 2.38370 2.70109 2.62900 0.69269 0.18789 0.09139 0.05182
21.58000 -1.55488 -0.21218 0.89719 1.76246 2.36753 2.69073 2.63012 0.73161 0.19378 0.09380 0.05311
21.82500 -1.58165 -0.23797 0.87341 1.74185 2.35138 2.68031 2.63078 0.77264 0.19983 0.09625 0.05441
22.07000 -1.60822 -0.26359 0.84977 1.72134 2.33525 2.66983 2.63101 0.81579 0.20606 0.09874 0.05574
22.31500 -1.63461 -0.28903 0.82628 1.70092 2.31914 2.65931 2.63083 0.86102 0.21247 0.10128 0.05708
22.56000 -1.66081 -0.31430 0.80293 1.68059 2.30307 2.64873 2.63028 0.90824 0.21907 0.10386 0.05845
22.80500 -1.68684 -0.33941 0.77972 1.66036 2.28701 2.63811 2.62939 0.95733 0.22586 0.10649 0.05983
23.05000 -1.71268 -0.36435 0.75664 1.64021 2.27099 2.62744 2.62816 1.00810 0.23285 0.10916 0.06124
23.29500 -1.73835 -0.38913 0.73369 1.62015 2.25499 2.61673 2.62664 1.06034 0.24005 0.11189 0.06266
23.54000 -1.76385 -0.41375 0.71088 1.60018 2.23902 2.60598 2.62482 1.11375 0.24747 0.11466 0.06410
23.78500 -1.78917 -0.43821 0.68820 1.58030 2.22308 2.59519 2.62274 1.16801 0.25511 0.11748 0.06557
24.03000 -1.81433 -0.46252 0.66564 1.56051 2.20717 2.58436 2.62041 1.22278 0.26299 0.12035 0.06705
24.27500 -1.83933 -0.48668 0.64322 1.54080 2.19129 2.57350 2.61783 1.27766 0.27110 0.12327 0.06855
24.52000 -1.86417 -0.51069 0.62091 1.52118 2.17544 2.56261 2.61503 1.33229 0.27947 0.12625 0.07008
24.76500 -1.88885 -0.53455 0.59873 1.50164 2.15963 2.55168 2.61202 1.38628 0.28809 0.12928 0.07163
25.01000 -1.91337 -0.55826 0.57668 1.48219 2.14384 2.54072 2.60880 1.43927 0.29699 0.13236 0.07319
25.25500 -1.93774 -0.58184 0.55474 1.46282 2.12809 2.52974 2.60539 1.49096 0.30616 0.13549 0.07478
25.50000 -1.96196 -0.60527 0.53292 1.44353 2.11238 2.51873 2.60180 1.54107 0.31563 0.13869 0.07639
25.74500 -1.98603 -0.62857 0.51122 1.42433 2.09669 2.50769 2.59803 1.58937 0.32540 0.14194 0.07802
25.99000 -2.00995 -0.65173 0.48963 1.40520 2.08104 2.49663 2.59410 1.63570 0.33547 0.14525 0.07968
26.23500 -2.03373 -0.67475 0.46815 1.38616 2.06543 2.48555 2.59001 1.67992 0.34588 0.14862 0.08136
26.48000 -2.05737 -0.69764 0.44679 1.36720 2.04985 2.47445 2.58577 1.72197 0.35661 0.15205 0.08305
26.72500 -2.08086 -0.72041 0.42554 1.34832 2.03430 2.46333 2.58138 1.76181 0.36770 0.15554 0.08478
26.97000 -2.10422 -0.74304 0.40440 1.32951 2.01879 2.45219 2.57686 1.79944 0.37914 0.15910 0.08652
27.21500 -2.12745 -0.76555 0.38336 1.31078 2.00332 2.44103 2.57220 1.83489 0.39096 0.16272 0.08829
27.46000 -2.15054 -0.78793 0.36243 1.29213 1.98788 2.42985 2.56742 1.86822 0.40316 0.16641 0.09008
27.70500 -2.17349 -0.81019 0.34161 1.27356 1.97247 2.41866 2.56251 1.89950 0.41576 0.17016 0.09190
27.95000 -2.19632 -0.83233 0.32089 1.25506 1.95711 2.40746 2.55749 1.92880 0.42878 0.17399 0.09373
28.19500 -2.21902 -0.85434 0.30028 1.23664 1.94177 2.39624 2.55236 1.95622 0.44221 0.17788 0.09560
28.44000 -2.24160 -0.87624 0.27976 1.21829 1.92648 2.38501 2.54712 1.98186 0.45609 0.18185 0.09749
28.68500 -2.26405 -0.89803 0.25935 1.20002 1.91122 2.37377 2.54177 2.00581 0.47041 0.18589 0.09940
28.93000 -2.28637 -0.91969 0.23903 1.18182 1.89600 2.36252 2.53632 2.02816 0.48520 0.19001 0.10134
29.17500 -2.30858 -0.94125 0.21881 1.16369 1.88082 2.35126 2.53078 2.04901 0.50047 0.19420 0.10330
29.42000 -2.33067 -0.96269 0.19869 1.14563 1.86567 2.34000 2.52515 2.06846 0.51622 0.19847 0.10529
29.66500 -2.35263 -0.98402 0.17866 1.12765 1.85056 2.32872 2.51943 2.08658 0.53248 0.20282 0.10730
29.91000 -2.37449 -1.00524 0.15873 1.10973 1.83548 2.31744 2.51362 2.10346 0.54924 0.20726 0.10934
30.15500 -2.39622 -1.02636 0.13889 1.09189 1.82044 2.30615 2.50773 2.11919 0.56653 0.21178 0.11141
30.40000 -2.41785 -1.04737 0.11914 1.07411 1.80544 2.29486 2.50175 2.13383 0.58435 0.21638 0.11351
30.64500 -2.43936 -1.06827 0.09949 1.05640 1.79048 2.28357 2.49570 2.14745 0.60272 0.22107 0.11563
30.89000 -2.46076 -1.08907 0.07992 1.03876 1.77555 2.27227 2.48958 2.16012 0.62162 0.22586 0.11778
31.13500 -2.48206 -1.10977 0.06044 1.02119 1.76066 2.26096 2.48338 2.17190 0.64108 0.23073 0.11995
31.38000 -2.50324 -1.13037 0.04105 1.00369 1.74581 2.24966 2.47712 2.18284 0.66110 0.23570 0.12216
31.62500 -2.52432 -1.15086 0.02175 0.98625 1.73100 2.23835 2.47079 2.19299 0.68167 0.24076 0.12439
31.87000 -2.54530 -1.17126 0.00254 0.96887 1.71622 2.22704 2.46439 2.20241 0.70280 0.24593 0.12666
32.11500 -2.56617 -1.19156 -0.01660 0.95157 1.70147 2.21573 2.45793 2.21114 0.72447 0.25119 0.12895
32.36000 -2.58694 -1.21177 -0.03564 0.93432 1.68677 2.20443 2.45141 2.21922 0.74670 0.25656 0.13127
32.60500 -2.60761 -1.23188 -0.05461 0.91714 1.67210 2.19312 2.44483 2.22669 0.76945 0.26203 0.13362
32.85000 -2.62818 -1.25189 -0.07349 0.90003 1.65747 2.18181 2.43819 2.23359 0.79274 0.26761 0.13601
33.09500 -2.64865 -1.27182 -0.09229 0.88297 1.64287 2.17051 2.43150 2.23994 0.81652 0.27330 0.13842
33.34000 -2.66902 -1.29165 -0.11101 0.86598 1.62831 2.15921 2.42475 2.24578 0.84080 0.27910 0.14087
33.58500 -2.68930 -1.31139 -0.12966 0.84905 1.61379 2.14791 2.41795 2.25114 0.86554 0.28502 0.14334
33.83000 -2.70948 -1.33104 -0.14822 0.83218 1.59931 2.13661 2.41111 2.25605 0.89071 0.29105 0.14585
34.07500 -2.72957 -1.35060 -0.16670 0.81538 1.58486 2.12532 2.40421 2.26052 0.91629 0.29721 0.14839
34.32000 -2.74957 -1.37008 -0.18511 0.79863 1.57044 2.11403 2.39727 2.26459 0.94224 0.30349 0.15097
34.56500 -2.76948 -1.38947 -0.20344 0.78194 1.55606 2.10275 2.39028 2.26827 0.96853 0.30989 0.15358
34.81000 -2.78929 -1.40877 -0.22170 0.76531 1.54172 2.09147 2.38325 2.27158 0.99510 0.31643 0.15622
35.05500 -2.80902 -1.42799 -0.23988 0.74874 1.52742 2.08020 2.37617 2.27455 1.02192 0.32309 0.15890
35.30000 -2.82865 -1.44712 -0.25799 0.73223 1.51315 2.06893 2.36906 2.27718 1.04894 0.32989 0.16161
35.54500 -2.84820 -1.46617 -0.27603 0.71578 1.49891 2.05767 2.36190 2.27951 1.07611 0.33683 0.16436
35.79000 -2.86766 -1.48514 -0.29399 0.69938 1.48472 2.04641 2.35471 2.28153 1.10338 0.34390 0.16714
36.03500 -2.88704 -1.50403 -0.31188 0.68304 1.47055 2.03517 2.34747 2.28327 1.13070 0.35112 0.16996
36.28000 -2.90633 -1.52284 -0.32970 0.66676 1.45642 2.02393 2.34021 2.28474 1.15801 0.35849 0.17282
36.52500 -2.92554 -1.54157 -0.34745 0.65053 1.44233 2.01269 2.33290 2.28595 1.18525 0.36600 0.17571
36.77000 -2.94467 -1.56022 -0.36513 0.63436 1.42827 2.00147 2.32556 2.28691 1.21239 0.37367 0.17864
37.01500 -2.96372 -1.57880 -0.38274 0.61824 1.41425 1.99025 2.31819 2.28764 1.23935 0.38149 0.18162
37.26000 -2.98268 -1.59729 -0.40029 0.60218 1.40026 1.97904 2.31079 2.28815 1.26610 0.38947 0.18463
37.50500 -3.00156 -1.61571 -0.41777 0.58617 1.38631 1.96784 2.30336 2.28843 1.29258 0.39761 0.18768
37.75000 -3.02037 -1.63406 -0.43518 0.57021 1.37239 1.95665 2.29589 2.28852 1.31875 0.40591 0.19077
37.99500 -3.03910 -1.65233 -0.45252 0.55431 1.35851 1.94546 2.28840 2.28840 1.34456 0.41438 0.19390
38.24000 -3.05774 -1.67053 -0.46980 0.53846 1.34466 1.93429 2.28088 2.28809 1.36997 0.42302 0.19707
38.48500 -3.07632 -1.68866 -0.48701 0.52266 1.33084 1.92312 2.27333 2.28761 1.39495 0.43184 0.20029
38.73000 -3.09481 -1.70671 -0.50416 0.50691 1.31706 1.91197 2.26575 2.28695 1.41946 0.44083 0.20355
38.97500 -3.11324 -1.72469 -0.52125 0.49122 1.30331 1.90083 2.25815 2.28612 1.44347 0.44999 0.20685
39.22000 -3.13158 -1.74260 -0.53827 0.47557 1.28959 1.88969 2.25053 2.28513 1.46696 0.45934 0.21020
39.46500 -3.14986 -1.76045 -0.55523 0.45998 1.27591 1.87857 2.24288 2.28398 1.48990 0.46888 0.21359
39.71000 -3.16806 -1.77822 -0.57213 0.44443 1.26227 1.86745 2.23520 2.28269 1.51228 0.47860 0.21703
39.95500 -3.18619 -1.79592 -0.58897 0.42894 1.24865 1.85635 2.22751 2.28125 1.53408 0.48851 0.22051
40.20000 -3.20425 -1.81356 -0.60574 0.41350 1.23507 1.84526 2.21979 2.27967 1.55529 0.49861 0.22404
40.44500 -3.22223 -1.83113 -0.62246 0.39810 1.22152 1.83418 2.21205 2.27796 1.57590 0.50890 0.22762
40.69000 -3.24015 -1.84863 -0.63912 0.38275 1.20801 1.82311 2.20429 2.27612 1.59590 0.51939 0.23124
40.93500 -3.25800 -1.86607 -0.65572 0.36745 1.19452 1.81205 2.19651 2.27416 1.61529 0.53008 0.23492
41.18000 -3.27578 -1.88344 -0.67226 0.35220 1.18107 1.80101 2.18871 2.27208 1.63408 0.54097 0.23864
41.42500 -3.29349 -1.90075 -0.68874 0.33700 1.16765 1.78998 2.18090 2.26988 1.65226 0.55206 0.24242
41.67000 -3.31114 -1.91799 -0.70516 0.32184 1.15427 1.77895 2.17306 2.26758 1.66984 0.56335 0.24624
41.91500 -3.32872 -1.93517 -0.72153 0.30673 1.14091 1.76794 2.16521 2.26516 1.68682 0.57484 0.25012
42.16000 -3.34623 -1.95229 -0.73784 0.29167 1.12759 1.75695 2.15734 2.26264 1.70321 0.58653 0.25405
42.40500 -3.36368 -1.96935 -0.75410 0.27665 1.11430 1.74596 2.14946 2.26002 1.71902 0.59844 0.25804
42.65000 -3.38106 -1.98634 -0.77030 0.26168 1.10104 1.73499 2.14156 2.25730 1.73427 0.61054 0.26208
42.89500 -3.39838 -2.00327 -0.78645 0.24675 1.08782 1.72403 2.13364 2.25448 1.74895 0.62285 0.26617
43.14000 -3.41564 -2.02015 -0.80254 0.23187 1.07462 1.71308 2.12571 2.25158 1.76309 0.63536 0.27032
43.38500 -3.43283 -2.03696 -0.81857 0.21703 1.06145 1.70214 2.11777 2.24858 1.77669 0.64808 0.27453
43.63000 -3.44996 -2.05371 -0.83456 0.20223 1.04832 1.69122 2.10981 2.24550 1.78977 0.66099 0.27880
43.87500 -3.46703 -2.07041 -0.85049 0.18748 1.03522 1.68031 2.10184 2.24234 1.80233 0.67411 0.28312
44.12000 -3.48404 -2.08704 -0.86637 0.17278 1.02215 1.66942 2.09386 2.23909 1.81441 0.68742 0.28750
44.36500 -3.50099 -2.10362 -0.88219 0.15812 1.00910 1.65853 2.08587 2.23577 1.82600 0.70093 0.29195
44.61000 -3.51788 -2.12014 -0.89797 0.14350 0.99609 1.64766 2.07786 2.23237 1.83712 0.71463 0.29645
44.85500 -3.53471 -2.13661 -0.91369 0.12892 0.98311 1.63681 2.06984 2.22890 1.84778 0.72852 0.30102
45.10000 -3.55148 -2.15302 -0.92936 0.11438 0.97016 1.62597 2.06182 2.22535 1.85801 0.74259 0.30565
45.34500 -3.56819 -2.16937 -0.94499 0.09989 0.95724 1.61514 2.05378 2.22174 1.86781 0.75683 0.31035
45.59000 -3.58484 -2.18567 -0.96056 0.08544 0.94435 1.60432 2.04573 2.21805 1.87719 0.77126 0.31511
45.83500 -3.60144 -2.20191 -0.97608 0.07103 0.93149 1.59352 2.03767 2.21431 1.88617 0.78585 0.31993
46.08000 -3.61798 -2.21810 -0.99156 0.05666 0.91865 1.58273 2.02960 2.21049 1.89476 0.80060 0.32482
46.32500 -3.63447 -2.23423 -1.00698 0.04233 0.90585 1.57195 2.02153 2.20662 1.90297 0.81551 0.32978
46.57000 -3.65089 -2.25032 -1.02236 0.02804 0.89308 1.56119 2.01345 2.20268 1.91082 0.83057 0.33481
46.81500 -3.66727 -2.26634 -1.03769 0.01379 0.88033 1.55045 2.00535 2.19869 1.91831 0.84576 0.33991
47.06000 -3.68359 -2.28232 -1.05297 -0.00042 0.86762 1.53971 1.99725 2.19464 1.92547 0.86109 0.34507
47.30500 -3.69985 -2.29825 -1.06820 -0.01458 0.85493 1.52899 1.98915 2.19053 1.93229 0.87654 0.35031
47.55000 -3.71606 -2.31412 -1.08339 -0.02871 0.84227 1.51829 1.98103 2.18637 1.93879 0.89210 0.35562
47.79500 -3.73222 -2.32994 -1.09853 -0.04280 0.82964 1.50760 1.97291 2.18216 1.94499 0.90777 0.36101
48.04000 -3.74832 -2.34571 -1.11363 -0.05686 0.81704 1.49692 1.96478 2.17789 1.95088 0.92353 0.36647
48.28500 -3.76438 -2.36144 -1.12868 -0.07087 0.80447 1.48626 1.95665 2.17358 1.95649 0.93937 0.37200
48.53000 -3.78038 -2.37711 -1.14368 -0.08484 0.79192 1.47561 1.94851 2.16921 1.96182 0.95529 0.37761
48.77500 -3.79632 -2.39273 -1.15864 -0.09878 0.77941 1.46497 1.94037 2.16480 1.96687 0.97126 0.38329
49.02000 -3.81222 -2.40830 -1.17356 -0.11268 0.76692 1.45435 1.93222 2.16034 1.97167 0.98729 0.38906
49.26500 -3.82807 -2.42383 -1.18843 -0.12654 0.75445 1.44374 1.92406 2.15584 1.97621 1.00335 0.39490
49.51000 -3.84387 -2.43930 -1.20325 -0.14037 0.74202 1.43315 1.91591 2.15129 1.98051 1.01943 0.40082
49.75500 -3.85961 -2.45473 -1.21804 -0.15416 0.72961 1.42257 1.90774 2.14670 1.98457 1.03553 0.40682
50.00000 -3.87531 -2.47012 -1.23278 -0.16791 0.71723 1.41201 1.89957 2.14207 1.98840 1.05162 0.41290
