24.0 8.3600546
24.02 8.3351714
24.04 8.3099487
24.06 8.2843754
24.08 8.2584397
24.1 8.2321295
24.12 8.2054318
24.14 8.1783333
24.16 8.1508203
24.18 8.122878
24.2 8.0944914
24.22 8.0656446
24.24 8.0363209
24.26 8.0065031
24.28 7.9761729
24.3 7.9453112
24.32 7.9138982
24.34 7.8819129
24.36 7.8493333
24.38 7.8161365
24.4 7.7822983
24.42 7.7477932
24.44 7.7125946
24.46 7.6766745
24.48 7.6400031
24.5 7.6025495
24.52 7.5642808
24.54 7.5251626
24.56 7.4851583
24.58 7.4442294
24.6 7.4023354
24.62 7.3594333
24.64 7.3154777
24.66 7.2704205
24.68 7.2242109
24.7 7.1767949
24.72 7.1281154
24.74 7.0781117
24.76 7.0267194
24.78 6.9738702
24.8 6.9194912
24.82 6.8635051
24.84 6.8058294
24.86 6.7463765
24.88 6.6850526
24.9 6.6217579
24.92 6.556386
24.94 6.4888228
24.96 6.4189467
24.98 6.3466276
25.0 6.2717263
25.02 6.1940937
25.04 6.1135702
25.06 6.0299849
25.08 5.9431546
25.1 5.8528831
25.12 5.7589602
25.14 5.6611608
25.16 5.559244
25.18 5.452952
25.2 5.3420098
25.22 5.2261241
25.24 5.104983
25.26 4.978256
25.28 4.8455943
25.3 4.7066323
25.32 4.5609894
25.34 4.4082741
25.36 4.2480894
25.38 4.0800417
25.4 3.9037532
25.42 3.7188797
25.44 3.5251359
25.46 3.3223307
25.48 3.1104162
25.5 2.8895551
25.52 2.6602138
25.54 2.4232884
25.56 2.1802762
25.58 1.9335057
25.6 1.6864419
25.62 1.444085
25.64 1.2134788
25.66 1.0043361
25.68 0.82976507
25.7 0.70703259
25.72 0.65821543
25.74 0.71045271
25.76 0.89533304
25.78 1.246777
25.8 1.7967528
25.82 2.5685371
25.84 3.5682431
25.86 4.7769105
25.88 6.1467851
25.9 7.605101
25.92 9.0658677
25.94 10.446056
25.96 11.680129
25.98 12.728032
26.0 13.575473
26.02 14.22869
26.04 14.707079
26.06 15.036364
26.08 15.243561
26.1 15.353915
26.12 15.389416
26.14 15.368352
26.16 15.305454
26.18 15.212324
26.2 15.097948
26.22 14.969196
26.24 14.831267
26.26 14.688058
26.28 14.542462
26.3 14.396602
26.32 14.252022
26.34 14.109818
26.36 13.970759
26.38 13.835358
26.4 13.703944
26.42 13.576705
26.44 13.453726
26.46 13.335015
26.48 13.220529
26.5 13.110181
26.52 13.003862
26.54 12.90144
26.56 12.802775
26.58 12.707719
26.6 12.616122
26.62 12.527834
26.64 12.442707
26.66 12.360595
26.68 12.281359
26.7 12.204863
26.72 12.130978
26.74 12.059579
26.76 11.990548
26.78 11.923773
26.8 11.859147
26.82 11.796568
26.84 11.735939
26.86 11.677171
26.88 11.620176
26.9 11.564874
26.92 11.511186
26.94 11.45904
26.96 11.408367
26.98 11.359101
27.0 11.311181
27.02 11.264548
27.04 11.219146
27.06 11.174924
27.08 11.131832
27.1 11.089822
27.12 11.04885
27.14 11.008874
27.16 10.969853
27.18 10.931749
27.2 10.894527
27.22 10.858151
27.24 10.82259
27.26 10.787811
27.28 10.753787
27.3 10.720488
27.32 10.687887
27.34 10.65596
27.36 10.624682
27.38 10.594029
27.4 10.563981
27.42 10.534515
27.44 10.505611
27.46 10.477251
27.48 10.449416
27.5 10.422088
27.52 10.395251
27.54 10.368889
27.56 10.342986
27.58 10.317527
27.6 10.292499
27.62 10.267887
27.64 10.24368
27.66 10.219864
27.68 10.196428
27.7 10.17336
27.72 10.150649
27.74 10.128285
27.76 10.106257
27.78 10.084557
27.8 10.063173
27.82 10.042098
27.84 10.021323
27.86 10.00084
27.88 9.9806395
27.9 9.9607149
27.92 9.9410585
27.94 9.9216632
27.96 9.902522
27.98 9.8836282
28.0 9.8649754