24.0 38.432209
24.02 38.337608
24.04 38.241827
24.06 38.144827
24.08 38.046565
24.1 37.946998
24.12 37.846082
24.14 37.743768
24.16 37.640008
24.18 37.53475
24.2 37.427941
24.22 37.319524
24.24 37.20944
24.26 37.097628
24.28 36.984023
24.3 36.868557
24.32 36.751161
24.34 36.631759
24.36 36.510274
24.38 36.386624
24.4 36.260723
24.42 36.13248
24.44 36.001801
24.46 35.868586
24.48 35.73273
24.5 35.594121
24.52 35.452643
24.54 35.308174
24.56 35.160582
24.58 35.00973
24.6 34.855475
24.62 34.697661
24.64 34.536127
24.66 34.370701
24.68 34.201201
24.7 34.027434
24.72 33.849195
24.74 33.666267
24.76 33.478418
24.78 33.285403
24.8 33.08696
24.82 32.882811
24.84 32.67266
24.86 32.456189
24.88 32.233062
24.9 32.002917
24.92 31.76537
24.94 31.520007
24.96 31.266389
24.98 31.004043
25.0 30.732463
25.02 30.451107
25.04 30.159391
25.06 29.856693
25.08 29.542341
25.1 29.215616
25.12 28.875744
25.14 28.521897
25.16 28.153183
25.18 27.768646
25.2 27.367263
25.22 26.947938
25.24 26.509498
25.26 26.050698
25.28 25.570211
25.3 25.066637
25.32 24.538508
25.34 23.984291
25.36 23.402413
25.38 22.791282
25.4 22.149324
25.42 21.475043
25.44 20.767101
25.46 20.024428
25.48 19.246392
25.5 18.433015
25.52 17.585289
25.54 16.705603
25.56 15.798329
25.58 14.870611
25.6 13.933426
25.62 13.002977
25.64 12.102492
25.66 11.264452
25.68 10.533225
25.7 9.9679033
25.72 9.6448389
25.74 9.6589216
25.76 10.121964
25.78 11.155927
25.8 12.878544
25.82 15.380082
25.84 18.693425
25.86 22.765197
25.88 27.440593
25.9 32.474031
25.92 37.568307
25.94 42.430538
25.96 46.823968
25.98 50.598002
26.0 53.691489
26.02 56.116169
26.04 57.931843
26.06 59.222689
26.08 60.079444
26.1 60.588279
26.12 60.825142
26.14 60.853826
26.16 60.726183
26.18 60.4834
26.2 60.157653
26.22 59.773767
26.24 59.350709
26.26 58.902849
26.28 58.440988
26.3 57.973179
26.32 57.505368
26.34 57.041894
26.36 56.585873
26.38 56.139493
26.4 55.704239
26.42 55.281068
26.44 54.870542
26.46 54.472925
26.48 54.088262
26.5 53.716437
26.52 53.357221
26.54 53.010301
26.56 52.675308
26.58 52.351838
26.6 52.039464
26.62 51.737751
26.64 51.446258
26.66 51.164551
26.68 50.892203
26.7 50.628799
26.72 50.373935
26.74 50.127225
26.76 49.888298
26.78 49.656797
26.8 49.432383
26.82 49.214733
26.84 49.00354
26.86 48.79851
26.88 48.599367
26.9 48.405847
26.92 48.217699
26.94 48.034688
26.96 47.856588
26.98 47.683187
27.0 47.514282
27.02 47.349683
27.04 47.189207
27.06 47.032684
27.08 46.879948
27.1 46.730847
27.12 46.585231
27.14 46.442963
27.16 46.30391
27.18 46.167945
27.2 46.034948
27.22 45.904807
27.24 45.777412
27.26 45.652661
27.28 45.530455
27.3 45.410702
27.32 45.293311
27.34 45.178199
27.36 45.065284
27.38 44.954489
27.4 44.84574
27.42 44.738968
27.44 44.634104
27.46 44.531085
27.48 44.429848
27.5 44.330337
27.52 44.232493
27.54 44.136264
27.56 44.041597
27.58 43.948445
27.6 43.856758
27.62 43.766492
27.64 43.677604
27.66 43.590052
27.68 43.503795
27.7 43.418795
27.72 43.335015
27.74 43.25242
27.76 43.170976
27.78 43.09065
27.8 43.01141
27.82 42.933226
27.84 42.856068
27.86 42.779909
27.88 42.704722
27.9 42.63048
27.92 42.557158
27.94 42.484732
27.96 42.413179
27.98 42.342476
28.0 42.272601