24.0 5.8431997
24.02 5.8132776
24.04 5.7829292
24.06 5.7521424
24.08 5.7209046
24.1 5.6892025
24.12 5.6570226
24.14 5.6243509
24.16 5.5911728
24.18 5.5574732
24.2 5.5232363
24.22 5.4884459
24.24 5.4530852
24.26 5.4171366
24.28 5.380582
24.3 5.3434025
24.32 5.3055786
24.34 5.2670898
24.36 5.2279153
24.38 5.1880329
24.4 5.1474201
24.42 5.1060531
24.44 5.0639074
24.46 5.0209575
24.48 4.977177
24.5 4.9325384
24.52 4.887013
24.54 4.8405714
24.56 4.7931827
24.58 4.7448149
24.6 4.6954351
24.62 4.6450087
24.64 4.5935002
24.66 4.5408728
24.68 4.4870881
24.7 4.4321068
24.72 4.3758881
24.74 4.3183898
24.76 4.2595685
24.78 4.1993797
24.8 4.1377774
24.82 4.074715
24.84 4.0101443
24.86 3.9440169
24.88 3.8762833
24.9 3.806894
24.92 3.7357991
24.94 3.6629495
24.96 3.5882967
24.98 3.511794
25.0 3.4333968
25.02 3.353064
25.04 3.2707592
25.06 3.1864518
25.08 3.1001194
25.1 3.0117496
25.12 2.9213432
25.14 2.8289172
25.16 2.7345097
25.18 2.6381843
25.2 2.5400372
25.22 2.4402049
25.24 2.3388741
25.26 2.2362939
25.28 2.1327908
25.3 2.0287877
25.32 1.9248275
25.34 1.821602
25.36 1.719989
25.38 1.6210979
25.4 1.5263277
25.42 1.4374391
25.44 1.356646
25.46 1.2867298
25.48 1.2311839
25.5 1.1943936
25.52 1.1818621
25.54 1.2004893
25.56 1.2589146
25.58 1.3679285
25.6 1.5409564
25.62 1.7946006
25.64 2.1492044
25.66 2.6293547
25.68 3.264168
25.7 4.0870857
25.72 5.1347537
25.74 6.4443822
25.76 8.0488714
25.78 9.9691122
25.8 12.203521
25.82 14.716307
25.84 17.428117
25.86 20.214508
25.88 22.917287
25.9 25.369331
25.92 27.42641
25.94 28.994331
25.96 30.041264
25.98 30.592667
26.0 30.714177
26.02 30.491086
26.04 30.011136
26.06 29.353473
26.08 28.583493
26.1 27.751854
26.12 26.895822
26.14 26.041589
26.16 25.206734
26.18 24.402422
26.2 23.635196
26.22 22.908365
26.24 22.223035
26.26 21.578856
26.28 20.974552
26.3 20.408292
26.32 19.877938
26.34 19.381223
26.36 18.915857
26.38 18.479602
26.4 18.070317
26.42 17.685978
26.44 17.324696
26.46 16.984716
26.48 16.664419
26.5 16.362315
26.52 16.077036
26.54 15.807327
26.56 15.55204
26.58 15.310125
26.6 15.080619
26.62 14.862643
26.64 14.65539
26.66 14.458122
26.68 14.270161
26.7 14.090886
26.72 13.919726
26.74 13.756156
26.76 13.599693
26.78 13.449892
26.8 13.306343
26.82 13.168666
26.84 13.03651
26.86 12.909553
26.88 12.787493
26.9 12.670053
26.92 12.556972
26.94 12.448013
26.96 12.34295
26.98 12.241575
27.0 12.143696
27.02 12.04913
27.04 11.957709
27.06 11.869274
27.08 11.783678
27.1 11.700782
27.12 11.620457
27.14 11.54258
27.16 11.467036
27.18 11.39372
27.2 11.322528
27.22 11.253366
27.24 11.186145
27.26 11.120779
27.28 11.057189
27.3 10.995299
27.32 10.935038
27.34 10.876338
27.36 10.819137
27.38 10.763373
27.4 10.708989
27.42 10.655932
27.44 10.604148
27.46 10.55359
27.48 10.504212
27.5 10.455968
27.52 10.408817
27.54 10.362719
27.56 10.317636
27.58 10.273532
27.6 10.230372
27.62 10.188123
27.64 10.146753
27.66 10.106234
27.68 10.066535
27.7 10.027629
27.72 9.9894913
27.74 9.9520955
27.76 9.9154179
27.78 9.8794355
27.8 9.8441263
27.82 9.8094693
27.84 9.7754442
27.86 9.7420315
27.88 9.7092128
27.9 9.6769701
27.92 9.6452863
27.94 9.6141449
27.96 9.58353
27.98 9.5534265
28.0 9.5238196