       0.1000000    2371.0041314
       0.1100000    2371.0041314
       0.1200000    2371.0041314
       0.1300000    2371.0041314
       0.1400000    2371.0041314
       0.1500000    2371.0041314
       0.1600000    2371.0041314
       0.1700000    2371.0041314
       0.1800000    2371.0041314
       0.1900000    2371.0041314
       0.2000000    2371.0041314
       0.2100000    2371.0041314
       0.2200000    2371.0041314
       0.2300000    2371.0041314
       0.2400000    2371.0041314
       0.2500000    2371.0041314
       0.2600000    2371.0041314
       0.2700000    2371.0041314
       0.2800000    2371.0041314
       0.2900000    2371.0041314
       0.3000000    2371.0041314
       0.3100000    2371.0041314
       0.3200000    2371.0041314
       0.3300000    2371.0041314
       0.3400000    2371.0041314
       0.3500000    2371.0041314
       0.3600000    2371.0041314
       0.3700000    2371.0041314
       0.3800000    2371.0041314
       0.3900000    2371.0041314
       0.4000000    2371.0041314
       0.4100000    2371.0041314
       0.4200000    2371.0041314
       0.4300000    2371.0041314
       0.4400000    2371.0041314
       0.4500000    2371.0041314
       0.4600000    2371.0041314
       0.4700000    2371.0041314
       0.4800000    2371.0041314
       0.4900000    2371.0041314
       0.5000000    2371.0041314
       0.5100000    2371.0041314
       0.5200000    2371.0041314
       0.5300000    2371.0041314
       0.5400000    2371.0041314
       0.5500000    2371.0041314
       0.5600000    2371.0041314
       0.5700000    2371.0041314
       0.5800000    2371.0041314
       0.5900000    2371.0041314
       0.6000000    2371.0041314
       0.6100000    2371.0041314
       0.6200000    2371.0041314
       0.6300000    2371.0041314
       0.6400000    2371.0041314
       0.6500000    2371.0041314
       0.6600000    2371.0041314
       0.6700000    2371.0041314
       0.6800000    2371.0041314
       0.6900000    2371.0041314
       0.7000000    2371.0041314
       0.7100000    2371.0041314
       0.7200000    2371.0041314
       0.7300000    2371.0041314
       0.7400000    2371.0041314
       0.7500000    2371.0041314
       0.7600000    2371.0041314
       0.7700000    2371.0041314
       0.7800000    2371.0041314
       0.7900000    2371.0041314
       0.8000000    2371.0041314
       0.8100000    2371.0041314
       0.8200000    2371.0041314
       0.8300000    2371.0041314
       0.8400000    2371.0041314
       0.8500000    2371.0041314
       0.8600000    2371.0041314
       0.8700000    2371.0041314
       0.8800000    2371.0041314
       0.8900000    2371.0041314
       0.9000000    2371.0041314
       0.9100000    2371.0041314
       0.9200000    2371.0041314
       0.9300000    2371.0041314
       0.9400000    2371.0041314
       0.9500000    2371.0041314
       0.9600000    2371.0041314
       0.9700000    2371.0041314
       0.9800000    2371.0041314
       0.9900000    2371.0041314
       1.0000000    2371.0041314
       1.0100000    2371.0041314
       1.0200000    2371.0041314
       1.0300000    2371.0041314
       1.0400000    2371.0041314
       1.0500000    2371.0041314
       1.0600000    2371.0041314
       1.0700000    2371.0041314
       1.0800000    2371.0041314
       1.0900000    2371.0041314
       1.1000000    2371.0041314
       1.1100000    2371.0041314
       1.1200000    2371.0041314
       1.1300000    2371.0041314
       1.1400000    2371.0041314
       1.1500000    2371.0041314
       1.1600000    2371.0041314
       1.1700000    2371.0041314
       1.1800000    2371.0041314
       1.1900000    2371.0041314
       1.2000000    2371.0041314
       1.2100000    2371.0041314
       1.2200000    2371.0041314
       1.2300000    2371.0041314
       1.2400000    2371.0041314
       1.2500000    2371.0041314
       1.2600000    2371.0041314
       1.2700000    2371.0041314
       1.2800000    2371.0041314
       1.2900000    2371.0041314
       1.3000000    2371.0041314
       1.3100000    2371.0041314
       1.3200000    2371.0041314
       1.3300000    2371.0041314
       1.3400000    2371.0041314
       1.3500000    2371.0041314
       1.3600000    2371.0041314
       1.3700000    2371.0041314
       1.3800000    2371.0041314
       1.3900000    2371.0041314
       1.4000000    2371.0041314
       1.4100000    2371.0041314
       1.4200000    2371.0041314
       1.4300000    2371.0041314
       1.4400000    2371.0041314
       1.4500000    2371.0041314
       1.4600000    2371.0041314
       1.4700000    2371.0041314
       1.4800000    2371.0041314
       1.4900000    2371.0041314
       1.5000000    2371.0041314
       1.5100000    2371.0041314
       1.5200000    2371.0041314
       1.5300000    2371.0041314
       1.5400000    2371.0041314
       1.5500000    2371.0041314
       1.5600000    2371.0041314
       1.5700000    2371.0041314
       1.5800000    2371.0041314
       1.5900000    2371.0041314
       1.6000000    2371.0041314
       1.6100000    2371.0041314
       1.6200000    2371.0041314
       1.6300000    2371.0041314
       1.6400000    2371.0041314
       1.6500000    2371.0041314
       1.6600000    2371.0041314
       1.6700000    2371.0041314
       1.6800000    2371.0041314
       1.6900000    2371.0041314
       1.7000000    2371.0041314
       1.7100000    2371.0041314
       1.7200000    2371.0041314
       1.7300000    2371.0041314
       1.7400000    2371.0041314
       1.7500000    2371.0041314
       1.7600000    2371.0041314
       1.7700000    2371.0041314
       1.7800000    2371.0041314
       1.7900000    2371.0041314
       1.8000000    2371.0041314
       1.8100000    2371.0041314
       1.8200000    2371.0041314
       1.8300000    2371.0041314
       1.8400000    2371.0041314
       1.8500000    2371.0041314
       1.8600000    2371.0041314
       1.8700000    2371.0041314
       1.8800000    2371.0041314
       1.8900000    2371.0041314
       1.9000000    2371.0041314
       1.9100000    2371.0041314
       1.9200000    2371.0041314
       1.9300000    2371.0041314
       1.9400000    2371.0041314
       1.9500000    2371.0041314
       1.9600000    2371.0041314
       1.9700000    2371.0041314
       1.9800000    2371.0041314
       1.9900000    2371.0041314
       2.0000000    2371.0041314
       2.0100000    2371.0041314
       2.0200000    2371.0041314
       2.0300000    2371.0041314
       2.0400000    2371.0041314
       2.0500000    2371.0041314
       2.0600000    2371.0041314
       2.0700000    2371.0041314
       2.0800000    2371.0041314
       2.0900000    2371.0041314
       2.1000000    2371.0041314
       2.1100000    2371.0041314
       2.1200000    2371.0041314
       2.1300000    2371.0041314
       2.1400000    2371.0041314
       2.1500000    2371.0041314
       2.1600000    2371.0041314
       2.1700000    2371.0041314
       2.1800000    2371.0041314
       2.1900000    2371.0041314
       2.2000000    2371.0041314
       2.2100000    2371.0041314
       2.2200000    2371.0041314
       2.2300000    2371.0041314
       2.2400000    2371.0041314
       2.2500000    2371.0041314
       2.2600000    2371.0041314
       2.2700000    2371.0041314
       2.2800000    2371.0041314
       2.2900000    2371.0041314
       2.3000000    2371.0041314
       2.3100000    2371.0041314
       2.3200000    2371.0041314
       2.3300000    2371.0041314
       2.3400000    2371.0041314
       2.3500000    2371.0041314
       2.3600000    2371.0041314
       2.3700000    2371.0041314
       2.3800000    2371.0041314
       2.3900000    2371.0041314
       2.4000000    2371.0041314
       2.4100000    2371.0041314
       2.4200000    2371.0041314
       2.4300000    2371.0041314
       2.4400000    2371.0041314
       2.4500000    2371.0041314
       2.4600000    2371.0041314
       2.4700000    2371.0041314
       2.4800000    2371.0041314
       2.4900000    2371.0041314
       2.5000000    2371.0041314
       2.5100000    2259.9108623
       2.5200000    2154.4295346
       2.5300000    2054.2561558
       2.5400000    1959.1043047
       2.5500000    1868.7040530
       2.5600000    1782.8009557
       2.5700000    1701.1551079
       2.5800000    1623.5402617
       2.5900000    1549.7430003
       2.6000000    1479.5619646
       2.6100000    1412.8071298
       2.6200000    1349.2991270
       2.6300000    1288.8686087
       2.6400000    1231.3556533
       2.6500000    1176.6092084
       2.6600000    1124.4865674
       2.6700000    1074.8528801
       2.6800000    1027.5806925
       2.6900000     982.5495162
       2.7000000     939.6454239
       2.7100000     898.7606692
       2.7200000     859.7933309
       2.7300000     822.6469778
       2.7400000     787.2303550
       2.7500000     753.4570881
       2.7600000     721.2454059
       2.7700000     690.5178800
       2.7800000     661.2011796
       2.7900000     633.2258406
       2.8000000     606.5260496
       2.8100000     581.0394395
       2.8200000     556.7068979
       2.8300000     533.4723866
       2.8400000     511.2827715
       2.8500000     490.0876631
       2.8600000     469.8392652
       2.8700000     450.4922336
       2.8800000     432.0035421
       2.8900000     414.3323566
       2.9000000     397.4399165
       2.9100000     381.2894228
       2.9200000     365.8459324
       2.9300000     351.0762588
       2.9400000     336.9488782
       2.9500000     323.4338410
       2.9600000     310.5026881
       2.9700000     298.1283723
       2.9800000     286.2851835
       2.9900000     274.9486787
       3.0000000     264.0956158
       3.0100000     253.7038904
       3.0200000     243.7524769
       3.0300000     234.2213726
       3.0400000     225.0915446
       3.0500000     216.3448800
       3.0600000     207.9641386
       3.0700000     199.9329080
       3.0800000     192.2355617
       3.0900000     184.8572188
       3.1000000     177.7837063
       3.1100000     171.0015234
       3.1200000     164.4978074
       3.1300000     158.2603018
       3.1400000     152.2773260
       3.1500000     146.5377463
       3.1600000     141.0309487
       3.1700000     135.7468135
       3.1800000     130.6756903
       3.1900000     125.8083753
       3.2000000     121.1360891
       3.2100000     116.6504558
       3.2200000     112.3434836
       3.2300000     108.2075459
       3.2400000     104.2353634
       3.2500000     100.4199877
       3.2600000      96.7547849
       3.2700000      93.2334206
       3.2800000      89.8498458
       3.2900000      86.5982827
       3.3000000      83.4732124
       3.3100000      80.4693618
       3.3200000      77.5816928
       3.3300000      74.8053906
       3.3400000      72.1358532
       3.3500000      69.5686820
       3.3600000      67.0996712
       3.3700000      64.7247999
       3.3800000      62.4402227
       3.3900000      60.2422619
       3.4000000      58.1273997
       3.4100000      56.0922707
       3.4200000      54.1336549
       3.4300000      52.2484711
       3.4400000      50.4337707
       3.4500000      48.6867311
       3.4600000      47.0046506
       3.4700000      45.3849424
       3.4800000      43.8251298
       3.4900000      42.3228409
       3.5000000      40.8758040
       3.5100000      39.4818434
       3.5200000      38.1388744
       3.5300000      36.8449000
       3.5400000      35.5980065
       3.5500000      34.3963600
       3.5600000      33.2382027
       3.5700000      32.1218497
       3.5800000      31.0456859
       3.5900000      30.0081626
       3.6000000      29.0077949
       3.6100000      28.0431585
       3.6200000      27.1128877
       3.6300000      26.2156723
       3.6400000      25.3502553
       3.6500000      24.5154309
       3.6600000      23.7100420
       3.6700000      22.9329780
       3.6800000      22.1831733
       3.6900000      21.4596049
       3.7000000      20.7612906
       3.7100000      20.0872878
       3.7200000      19.4366910
       3.7300000      18.8086310
       3.7400000      18.2022728
       3.7500000      17.6168145
       3.7600000      17.0514859
       3.7700000      16.5055468
       3.7800000      15.9782862
       3.7900000      15.4690210
       3.8000000      14.9770945
       3.8100000      14.5018757
       3.8200000      14.0427581
       3.8300000      13.5991586
       3.8400000      13.1705167
       3.8500000      12.7562933
       3.8600000      12.3559703
       3.8700000      11.9690492
       3.8800000      11.5950507
       3.8900000      11.2335136
       3.9000000      10.8839946
       3.9100000      10.5460668
       3.9200000      10.2193197
       3.9300000       9.9033583
       3.9400000       9.5978023
       3.9500000       9.3022859
       3.9600000       9.0164568
       3.9700000       8.7399761
       3.9800000       8.4725174
       3.9900000       8.2137665
       4.0000000       7.9634207
       4.0100000       7.7211888
       4.0200000       7.4867900
       4.0300000       7.2599542
       4.0400000       7.0404210
       4.0500000       6.8279397
       4.0600000       6.6222686
       4.0700000       6.4231749
       4.0800000       6.2304343
       4.0900000       6.0438306
       4.1000000       5.8631556
       4.1100000       5.6882084
       4.1200000       5.5187955
       4.1300000       5.3547302
       4.1400000       5.1958328
       4.1500000       5.0419297
       4.1600000       4.8928536
       4.1700000       4.7484434
       4.1800000       4.6085435
       4.1900000       4.4730037
       4.2000000       4.3416795
       4.2100000       4.2144313
       4.2200000       4.0911242
       4.2300000       3.9716285
       4.2400000       3.8558187
       4.2500000       3.7435739
       4.2600000       3.6347772
       4.2700000       3.5293159
       4.2800000       3.4270814
       4.2900000       3.3279686
       4.3000000       3.2318760
       4.3100000       3.1387060
       4.3200000       3.0483639
       4.3300000       2.9607586
       4.3400000       2.8758018
       4.3500000       2.7934087
       4.3600000       2.7134968
       4.3700000       2.6359869
       4.3800000       2.5608023
       4.3900000       2.4878690
       4.4000000       2.4171152
       4.4100000       2.3484720
       4.4200000       2.2818724
       4.4300000       2.2172519
       4.4400000       2.1545481
       4.4500000       2.0937007
       4.4600000       2.0346513
       4.4700000       1.9773438
       4.4800000       1.9217235
       4.4900000       1.8677379
       4.5000000       1.8153359
       4.5100000       1.7644684
       4.5200000       1.7150878
       4.5300000       1.6671480
       4.5400000       1.6206046
       4.5500000       1.5754144
       4.5600000       1.5315358
       4.5700000       1.4889285
       4.5800000       1.4475535
       4.5900000       1.4073732
       4.6000000       1.3683510
       4.6100000       1.3304517
       4.6200000       1.2936411
       4.6300000       1.2578861
       4.6400000       1.2231547
       4.6500000       1.1894161
       4.6600000       1.1566402
       4.6700000       1.1247979
       4.6800000       1.0938613
       4.6900000       1.0638032
       4.7000000       1.0345972
       4.7100000       1.0062178
       4.7200000       0.9786404
       4.7300000       0.9518411
       4.7400000       0.9257967
       4.7500000       0.9004848
       4.7600000       0.8758837
       4.7700000       0.8519724
       4.7800000       0.8287306
       4.7900000       0.8061384
       4.8000000       0.7841769
       4.8100000       0.7628274
       4.8200000       0.7420720
       4.8300000       0.7218934
       4.8400000       0.7022747
       4.8500000       0.6831996
       4.8600000       0.6646522
       4.8700000       0.6466172
       4.8800000       0.6290798
       4.8900000       0.6120256
       4.9000000       0.5954405
       4.9100000       0.5793111
       4.9200000       0.5636242
       4.9300000       0.5483671
       4.9400000       0.5335275
       4.9500000       0.5190934
       4.9600000       0.5050532
       4.9700000       0.4913956
       4.9800000       0.4781097
       4.9900000       0.4651851
       5.0000000       0.4526113
       5.0100000       0.4403784
       5.0200000       0.4284769
       5.0300000       0.4168972
       5.0400000       0.4056304
       5.0500000       0.3946675
       5.0600000       0.3840002
       5.0700000       0.3736199
       5.0800000       0.3635188
       5.0900000       0.3536889
       5.1000000       0.3441227
       5.1100000       0.3348129
       5.1200000       0.3257522
       5.1300000       0.3169338
       5.1400000       0.3083509
       5.1500000       0.2999969
       5.1600000       0.2918656
       5.1700000       0.2839508
       5.1800000       0.2762465
       5.1900000       0.2687468
       5.2000000       0.2614462
       5.2100000       0.2543392
       5.2200000       0.2474205
       5.2300000       0.2406848
       5.2400000       0.2341273
       5.2500000       0.2277430
       5.2600000       0.2215271
       5.2700000       0.2154752
       5.2800000       0.2095827
       5.2900000       0.2038453
       5.3000000       0.1982588
       5.3100000       0.1928192
       5.3200000       0.1875223
       5.3300000       0.1823645
       5.3400000       0.1773418
       5.3500000       0.1724507
       5.3600000       0.1676877
       5.3700000       0.1630492
       5.3800000       0.1585321
       5.3900000       0.1541329
       5.4000000       0.1498485
       5.4100000       0.1456759
       5.4200000       0.1416121
       5.4300000       0.1376542
       5.4400000       0.1337993
       5.4500000       0.1300448
       5.4600000       0.1263879
       5.4700000       0.1228261
       5.4800000       0.1193569
       5.4900000       0.1159777
       5.5000000       0.1126863
       5.5100000       0.1094802
       5.5200000       0.1063573
       5.5300000       0.1033154
       5.5400000       0.1003523
       5.5500000       0.0974659
       5.5600000       0.0946543
       5.5700000       0.0919155
       5.5800000       0.0892475
       5.5900000       0.0866486
       5.6000000       0.0841169
       5.6100000       0.0816507
       5.6200000       0.0792482
       5.6300000       0.0769078
       5.6400000       0.0746280
       5.6500000       0.0724070
       5.6600000       0.0702434
       5.6700000       0.0681357
       5.6800000       0.0660825
       5.6900000       0.0640823
       5.7000000       0.0621338
       5.7100000       0.0602356
       5.7200000       0.0583865
       5.7300000       0.0565851
       5.7400000       0.0548303
       5.7500000       0.0531208
       5.7600000       0.0514556
       5.7700000       0.0498333
       5.7800000       0.0482531
       5.7900000       0.0467136
       5.8000000       0.0452141
       5.8100000       0.0437533
       5.8200000       0.0423303
       5.8300000       0.0409442
       5.8400000       0.0395940
       5.8500000       0.0382788
       5.8600000       0.0369977
       5.8700000       0.0357499
       5.8800000       0.0345344
       5.8900000       0.0333505
       5.9000000       0.0321974
       5.9100000       0.0310743
       5.9200000       0.0299804
       5.9300000       0.0289150
       5.9400000       0.0278773
       5.9500000       0.0268668
       5.9600000       0.0258826
       5.9700000       0.0249241
       5.9800000       0.0239907
       5.9900000       0.0230817
       6.0000000       0.0221966
       6.0100000       0.0213346
       6.0200000       0.0204953
       6.0300000       0.0196781
       6.0400000       0.0188824
       6.0500000       0.0181077
       6.0600000       0.0173534
       6.0700000       0.0166190
       6.0800000       0.0159041
       6.0900000       0.0152081
       6.1000000       0.0145306
       6.1100000       0.0138711
       6.1200000       0.0132291
       6.1300000       0.0126043
       6.1400000       0.0119962
       6.1500000       0.0114043
       6.1600000       0.0108283
       6.1700000       0.0102678
       6.1800000       0.0097224
       6.1900000       0.0091917
       6.2000000       0.0086753
       6.2100000       0.0081729
       6.2200000       0.0076841
       6.2300000       0.0072087
       6.2400000       0.0067462
       6.2500000       0.0062963
       6.2600000       0.0058588
       6.2700000       0.0054333
       6.2800000       0.0050195
       6.2900000       0.0046171
       6.3000000       0.0042259
       6.3100000       0.0038455
       6.3200000       0.0034758
       6.3300000       0.0031164
       6.3400000       0.0027670
       6.3500000       0.0024275
       6.3600000       0.0020976
       6.3700000       0.0017770
       6.3800000       0.0014655
       6.3900000       0.0011629
       6.4000000       0.0008690
       6.4100000       0.0005835
       6.4200000       0.0003062
       6.4300000       0.0000370
       6.4400000      -0.0002244
       6.4500000      -0.0004781
       6.4600000      -0.0007244
       6.4700000      -0.0009635
       6.4800000      -0.0011954
       6.4900000      -0.0014205
       6.5000000      -0.0016388
       6.5100000      -0.0018506
       6.5200000      -0.0020559
       6.5300000      -0.0022550
       6.5400000      -0.0024481
       6.5500000      -0.0026352
       6.5600000      -0.0028165
       6.5700000      -0.0029921
       6.5800000      -0.0031623
       6.5900000      -0.0033271
       6.6000000      -0.0034867
       6.6100000      -0.0036412
       6.6200000      -0.0037907
       6.6300000      -0.0039354
       6.6400000      -0.0040753
       6.6500000      -0.0042107
       6.6600000      -0.0043415
       6.6700000      -0.0044680
       6.6800000      -0.0045902
       6.6900000      -0.0047083
       6.7000000      -0.0048223
       6.7100000      -0.0049324
       6.7200000      -0.0050386
       6.7300000      -0.0051410
       6.7400000      -0.0052398
       6.7500000      -0.0053350
       6.7600000      -0.0054268
       6.7700000      -0.0055152
       6.7800000      -0.0056002
       6.7900000      -0.0056821
       6.8000000      -0.0057608
       6.8100000      -0.0058365
       6.8200000      -0.0059092
       6.8300000      -0.0059790
       6.8400000      -0.0060459
       6.8500000      -0.0061102
       6.8600000      -0.0061717
       6.8700000      -0.0062306
       6.8800000      -0.0062870
       6.8900000      -0.0063409
       6.9000000      -0.0063924
       6.9100000      -0.0064415
       6.9200000      -0.0064883
       6.9300000      -0.0065329
       6.9400000      -0.0065754
       6.9500000      -0.0066157
       6.9600000      -0.0066540
       6.9700000      -0.0066902
       6.9800000      -0.0067245
       6.9900000      -0.0067569
       7.0000000      -0.0067875
       7.0100000      -0.0068162
       7.0200000      -0.0068432
       7.0300000      -0.0068685
       7.0400000      -0.0068921
       7.0500000      -0.0069141
       7.0600000      -0.0069346
       7.0700000      -0.0069535
       7.0800000      -0.0069709
       7.0900000      -0.0069869
       7.1000000      -0.0070014
       7.1100000      -0.0070146
       7.1200000      -0.0070265
       7.1300000      -0.0070370
       7.1400000      -0.0070463
       7.1500000      -0.0070544
       7.1600000      -0.0070612
       7.1700000      -0.0070670
       7.1800000      -0.0070715
       7.1900000      -0.0070750
       7.2000000      -0.0070775
       7.2100000      -0.0070789
       7.2200000      -0.0070793
       7.2300000      -0.0070787
       7.2400000      -0.0070772
       7.2500000      -0.0070747
       7.2600000      -0.0070714
       7.2700000      -0.0070672
       7.2800000      -0.0070621
       7.2900000      -0.0070562
       7.3000000      -0.0070496
       7.3100000      -0.0070422
       7.3200000      -0.0070340
       7.3300000      -0.0070251
       7.3400000      -0.0070155
       7.3500000      -0.0070052
       7.3600000      -0.0069943
       7.3700000      -0.0069827
       7.3800000      -0.0069705
       7.3900000      -0.0069577
       7.4000000      -0.0069443
       7.4100000      -0.0069304
       7.4200000      -0.0069159
       7.4300000      -0.0069009
       7.4400000      -0.0068854
       7.4500000      -0.0068694
       7.4600000      -0.0068529
       7.4700000      -0.0068359
       7.4800000      -0.0068185
       7.4900000      -0.0068007
       7.5000000      -0.0067824
       7.5100000      -0.0067638
       7.5200000      -0.0067448
       7.5300000      -0.0067254
       7.5400000      -0.0067056
       7.5500000      -0.0066855
       7.5600000      -0.0066651
       7.5700000      -0.0066443
       7.5800000      -0.0066232
       7.5900000      -0.0066018
       7.6000000      -0.0065802
       7.6100000      -0.0065582
       7.6200000      -0.0065361
       7.6300000      -0.0065136
       7.6400000      -0.0064909
       7.6500000      -0.0064680
       7.6600000      -0.0064448
       7.6700000      -0.0064215
       7.6800000      -0.0063979
       7.6900000      -0.0063741
       7.7000000      -0.0063502
       7.7100000      -0.0063260
       7.7200000      -0.0063017
       7.7300000      -0.0062773
       7.7400000      -0.0062527
       7.7500000      -0.0062279
       7.7600000      -0.0062030
       7.7700000      -0.0061780
       7.7800000      -0.0061528
       7.7900000      -0.0061275
       7.8000000      -0.0061022
       7.8100000      -0.0060767
       7.8200000      -0.0060511
       7.8300000      -0.0060254
       7.8400000      -0.0059997
       7.8500000      -0.0059739
       7.8600000      -0.0059480
       7.8700000      -0.0059220
       7.8800000      -0.0058960
       7.8900000      -0.0058699
       7.9000000      -0.0058438
       7.9100000      -0.0058176
       7.9200000      -0.0057914
       7.9300000      -0.0057651
       7.9400000      -0.0057388
       7.9500000      -0.0057125
       7.9600000      -0.0056862
       7.9700000      -0.0056598
       7.9800000      -0.0056335
       7.9900000      -0.0056071
       8.0000000      -0.0055807
       8.0100000      -0.0055543
       8.0200000      -0.0055280
       8.0300000      -0.0055016
       8.0400000      -0.0054752
       8.0500000      -0.0054489
       8.0600000      -0.0054226
       8.0700000      -0.0053962
       8.0800000      -0.0053700
       8.0900000      -0.0053437
       8.1000000      -0.0053175
       8.1100000      -0.0052913
       8.1200000      -0.0052651
       8.1300000      -0.0052390
       8.1400000      -0.0052129
       8.1500000      -0.0051868
       8.1600000      -0.0051608
       8.1700000      -0.0051348
       8.1800000      -0.0051089
       8.1900000      -0.0050831
       8.2000000      -0.0050573
       8.2100000      -0.0050315
       8.2200000      -0.0050058
       8.2300000      -0.0049802
       8.2400000      -0.0049546
       8.2500000      -0.0049291
       8.2600000      -0.0049037
       8.2700000      -0.0048783
       8.2800000      -0.0048530
       8.2900000      -0.0048278
       8.3000000      -0.0048026
       8.3100000      -0.0047775
       8.3200000      -0.0047525
       8.3300000      -0.0047276
       8.3400000      -0.0047027
       8.3500000      -0.0046779
       8.3600000      -0.0046532
       8.3700000      -0.0046286
       8.3800000      -0.0046041
       8.3900000      -0.0045796
       8.4000000      -0.0045552
       8.4100000      -0.0045309
       8.4200000      -0.0045067
       8.4300000      -0.0044826
       8.4400000      -0.0044586
       8.4500000      -0.0044347
       8.4600000      -0.0044108
       8.4700000      -0.0043871
       8.4800000      -0.0043634
       8.4900000      -0.0043398
       8.5000000      -0.0043164
       8.5100000      -0.0042930
       8.5200000      -0.0042697
       8.5300000      -0.0042465
       8.5400000      -0.0042234
       8.5500000      -0.0042004
       8.5600000      -0.0041775
       8.5700000      -0.0041547
       8.5800000      -0.0041320
       8.5900000      -0.0041093
       8.6000000      -0.0040868
       8.6100000      -0.0040644
       8.6200000      -0.0040421
       8.6300000      -0.0040199
       8.6400000      -0.0039977
       8.6500000      -0.0039757
       8.6600000      -0.0039538
       8.6700000      -0.0039320
       8.6800000      -0.0039103
       8.6900000      -0.0038886
       8.7000000      -0.0038671
       8.7100000      -0.0038457
       8.7200000      -0.0038244
       8.7300000      -0.0038032
       8.7400000      -0.0037821
       8.7500000      -0.0037610
       8.7600000      -0.0037401
       8.7700000      -0.0037193
       8.7800000      -0.0036986
       8.7900000      -0.0036780
       8.8000000      -0.0036575
       8.8100000      -0.0036371
       8.8200000      -0.0036168
       8.8300000      -0.0035966
       8.8400000      -0.0035765
       8.8500000      -0.0035565
       8.8600000      -0.0035366
       8.8700000      -0.0035168
       8.8800000      -0.0034971
       8.8900000      -0.0034775
       8.9000000      -0.0034580
       8.9100000      -0.0034386
       8.9200000      -0.0034193
       8.9300000      -0.0034002
       8.9400000      -0.0033811
       8.9500000      -0.0033621
       8.9600000      -0.0030506
       8.9700000      -0.0030279
       8.9800000      -0.0030054
       8.9900000      -0.0029832
       9.0000000      -0.0029611
       9.0100000      -0.0029392
       9.0200000      -0.0029175
       9.0300000      -0.0028960
       9.0400000      -0.0028747
       9.0500000      -0.0028535
       9.0600000      -0.0028326
       9.0700000      -0.0028118
       9.0800000      -0.0027912
       9.0900000      -0.0027708
       9.1000000      -0.0027506
       9.1100000      -0.0027305
       9.1200000      -0.0027106
       9.1300000      -0.0026909
       9.1400000      -0.0026713
       9.1500000      -0.0026520
       9.1600000      -0.0026327
       9.1700000      -0.0026137
       9.1800000      -0.0025948
       9.1900000      -0.0025761
       9.2000000      -0.0025575
       9.2100000      -0.0025391
       9.2200000      -0.0025208
       9.2300000      -0.0025027
       9.2400000      -0.0024848
       9.2500000      -0.0024670
       9.2600000      -0.0024494
       9.2700000      -0.0024319
       9.2800000      -0.0024145
       9.2900000      -0.0023973
       9.3000000      -0.0023803
       9.3100000      -0.0023634
       9.3200000      -0.0023466
       9.3300000      -0.0023300
       9.3400000      -0.0023135
       9.3500000      -0.0022971
       9.3600000      -0.0022809
       9.3700000      -0.0022648
       9.3800000      -0.0022489
       9.3900000      -0.0022331
       9.4000000      -0.0022174
       9.4100000      -0.0022018
       9.4200000      -0.0021864
       9.4300000      -0.0021711
       9.4400000      -0.0021559
       9.4500000      -0.0021409
       9.4600000      -0.0021260
       9.4700000      -0.0021112
       9.4800000      -0.0020965
       9.4900000      -0.0020819
       9.5000000      -0.0020675
       9.5100000      -0.0020532
       9.5200000      -0.0020390
       9.5300000      -0.0020249
       9.5400000      -0.0020109
       9.5500000      -0.0019971
       9.5600000      -0.0019833
       9.5700000      -0.0019697
       9.5800000      -0.0019562
       9.5900000      -0.0019427
       9.6000000      -0.0019294
       9.6100000      -0.0019162
       9.6200000      -0.0019032
       9.6300000      -0.0018902
       9.6400000      -0.0018773
       9.6500000      -0.0018645
       9.6600000      -0.0018518
       9.6700000      -0.0018393
       9.6800000      -0.0018268
       9.6900000      -0.0018144
       9.7000000      -0.0018021
       9.7100000      -0.0017900
       9.7200000      -0.0017779
       9.7300000      -0.0017659
       9.7400000      -0.0017540
       9.7500000      -0.0017422
       9.7600000      -0.0017305
       9.7700000      -0.0017189
       9.7800000      -0.0017074
       9.7900000      -0.0016960
       9.8000000      -0.0016847
       9.8100000      -0.0016734
       9.8200000      -0.0016623
       9.8300000      -0.0016512
       9.8400000      -0.0016402
       9.8500000      -0.0016293
       9.8600000      -0.0016185
       9.8700000      -0.0016078
       9.8800000      -0.0015971
       9.8900000      -0.0015866
       9.9000000      -0.0015761
       9.9100000      -0.0015657
       9.9200000      -0.0015554
       9.9300000      -0.0015452
       9.9400000      -0.0015350
       9.9500000      -0.0015249
       9.9600000      -0.0015149
       9.9700000      -0.0015050
       9.9800000      -0.0014952
       9.9900000      -0.0014854
      10.0000000      -0.0014757
      10.0100000      -0.0014661
      10.0200000      -0.0014566
      10.0300000      -0.0014471
      10.0400000      -0.0014377
      10.0500000      -0.0014284
      10.0600000      -0.0014191
      10.0700000      -0.0014099
      10.0800000      -0.0014008
      10.0900000      -0.0013918
      10.1000000      -0.0013828
      10.1100000      -0.0013739
      10.1200000      -0.0013651
      10.1300000      -0.0013563
      10.1400000      -0.0013476
      10.1500000      -0.0013389
      10.1600000      -0.0013304
      10.1700000      -0.0013219
      10.1800000      -0.0013134
      10.1900000      -0.0013050
      10.2000000      -0.0012967
      10.2100000      -0.0012885
      10.2200000      -0.0012803
      10.2300000      -0.0012721
      10.2400000      -0.0012641
      10.2500000      -0.0012561
      10.2600000      -0.0012481
      10.2700000      -0.0012402
      10.2800000      -0.0012324
      10.2900000      -0.0012246
      10.3000000      -0.0012169
      10.3100000      -0.0012092
      10.3200000      -0.0012016
      10.3300000      -0.0011941
      10.3400000      -0.0011866
      10.3500000      -0.0011792
      10.3600000      -0.0011718
      10.3700000      -0.0011644
      10.3800000      -0.0011572
      10.3900000      -0.0011500
      10.4000000      -0.0011428
      10.4100000      -0.0011357
      10.4200000      -0.0011286
      10.4300000      -0.0011216
      10.4400000      -0.0011146
      10.4500000      -0.0011077
      10.4600000      -0.0011009
      10.4700000      -0.0010941
      10.4800000      -0.0010873
      10.4900000      -0.0010806
      10.5000000      -0.0010740
      10.5100000      -0.0010673
      10.5200000      -0.0010608
      10.5300000      -0.0010543
      10.5400000      -0.0010478
      10.5500000      -0.0010414
      10.5600000      -0.0010350
      10.5700000      -0.0010287
      10.5800000      -0.0010224
      10.5900000      -0.0010162
      10.6000000      -0.0010100
      10.6100000      -0.0010038
      10.6200000      -0.0009977
      10.6300000      -0.0009917
      10.6400000      -0.0009856
      10.6500000      -0.0009797
      10.6600000      -0.0009737
      10.6700000      -0.0009678
      10.6800000      -0.0009620
      10.6900000      -0.0009562
      10.7000000      -0.0009504
      10.7100000      -0.0009447
      10.7200000      -0.0009390
      10.7300000      -0.0009334
      10.7400000      -0.0009278
      10.7500000      -0.0009222
      10.7600000      -0.0009167
      10.7700000      -0.0009112
      10.7800000      -0.0009058
      10.7900000      -0.0009003
      10.8000000      -0.0008950
      10.8100000      -0.0008896
      10.8200000      -0.0008844
      10.8300000      -0.0008791
      10.8400000      -0.0008739
      10.8500000      -0.0008687
      10.8600000      -0.0008635
      10.8700000      -0.0008584
      10.8800000      -0.0008534
      10.8900000      -0.0008483
      10.9000000      -0.0008433
      10.9100000      -0.0008383
      10.9200000      -0.0008334
      10.9300000      -0.0008285
      10.9400000      -0.0008236
      10.9500000      -0.0008188
      10.9600000      -0.0008140
      10.9700000      -0.0008092
      10.9800000      -0.0008045
      10.9900000      -0.0007998
      11.0000000      -0.0007951
      11.0100000      -0.0007905
      11.0200000      -0.0007859
      11.0300000      -0.0007813
      11.0400000      -0.0007768
      11.0500000      -0.0007722
      11.0600000      -0.0007678
      11.0700000      -0.0007633
      11.0800000      -0.0007589
      11.0900000      -0.0007545
      11.1000000      -0.0007501
      11.1100000      -0.0007458
      11.1200000      -0.0007415
      11.1300000      -0.0007372
      11.1400000      -0.0007330
      11.1500000      -0.0007288
      11.1600000      -0.0007246
      11.1700000      -0.0007204
      11.1800000      -0.0007163
      11.1900000      -0.0007122
      11.2000000      -0.0007081
      11.2100000      -0.0007041
      11.2200000      -0.0007001
      11.2300000      -0.0006961
      11.2400000      -0.0006921
      11.2500000      -0.0006882
      11.2600000      -0.0006843
      11.2700000      -0.0006804
      11.2800000      -0.0006765
      11.2900000      -0.0006727
      11.3000000      -0.0006689
      11.3100000      -0.0006651
      11.3200000      -0.0006613
      11.3300000      -0.0006576
      11.3400000      -0.0006539
      11.3500000      -0.0006502
      11.3600000      -0.0006465
      11.3700000      -0.0006429
      11.3800000      -0.0006393
      11.3900000      -0.0006357
      11.4000000      -0.0006321
      11.4100000      -0.0006286
      11.4200000      -0.0006251
      11.4300000      -0.0006216
      11.4400000      -0.0006181
      11.4500000      -0.0006147
      11.4600000      -0.0006113
      11.4700000      -0.0006078
      11.4800000      -0.0006045
      11.4900000      -0.0006011
      11.5000000      -0.0005978
      11.5100000      -0.0005945
      11.5200000      -0.0005912
      11.5300000      -0.0005879
      11.5400000      -0.0005846
      11.5500000      -0.0005814
      11.5600000      -0.0005782
      11.5700000      -0.0005750
      11.5800000      -0.0005719
      11.5900000      -0.0005687
      11.6000000      -0.0005656
      11.6100000      -0.0005625
      11.6200000      -0.0005594
      11.6300000      -0.0005563
      11.6400000      -0.0005533
      11.6500000      -0.0005503
      11.6600000      -0.0005472
      11.6700000      -0.0005443
      11.6800000      -0.0005413
      11.6900000      -0.0005383
      11.7000000      -0.0005354
      11.7100000      -0.0005325
      11.7200000      -0.0005296
      11.7300000      -0.0005267
      11.7400000      -0.0005239
      11.7500000      -0.0005210
      11.7600000      -0.0005182
      11.7700000      -0.0005154
      11.7800000      -0.0005126
      11.7900000      -0.0005099
      11.8000000      -0.0005071
      11.8100000      -0.0005044
      11.8200000      -0.0005017
      11.8300000      -0.0004990
      11.8400000      -0.0004963
      11.8500000      -0.0004936
      11.8600000      -0.0004910
      11.8700000      -0.0004884
      11.8800000      -0.0004858
      11.8900000      -0.0004832
      11.9000000      -0.0004806
      11.9100000      -0.0004780
      11.9200000      -0.0004755
      11.9300000      -0.0004729
      11.9400000      -0.0004704
      11.9500000      -0.0004679
      11.9600000      -0.0004654
      11.9700000      -0.0004630
      11.9800000      -0.0004605
      11.9900000      -0.0004581
      12.0000000      -0.0004556
      12.0100000      -0.0004532
      12.0200000      -0.0004508
      12.0300000      -0.0004485
      12.0400000      -0.0004461
      12.0500000      -0.0004438
      12.0600000      -0.0004414
      12.0700000      -0.0004391
      12.0800000      -0.0004368
      12.0900000      -0.0004345
      12.1000000      -0.0004322
      12.1100000      -0.0004300
      12.1200000      -0.0004277
      12.1300000      -0.0004255
      12.1400000      -0.0004233
      12.1500000      -0.0004211
      12.1600000      -0.0004189
      12.1700000      -0.0004167
      12.1800000      -0.0004145
      12.1900000      -0.0004124
      12.2000000      -0.0004102
      12.2100000      -0.0004081
      12.2200000      -0.0004060
      12.2300000      -0.0004039
      12.2400000      -0.0004018
      12.2500000      -0.0003997
      12.2600000      -0.0003976
      12.2700000      -0.0003956
      12.2800000      -0.0003935
      12.2900000      -0.0003915
      12.3000000      -0.0003895
      12.3100000      -0.0003875
      12.3200000      -0.0003855
      12.3300000      -0.0003835
      12.3400000      -0.0003816
      12.3500000      -0.0003796
      12.3600000      -0.0003777
      12.3700000      -0.0003757
      12.3800000      -0.0003738
      12.3900000      -0.0003719
      12.4000000      -0.0003700
      12.4100000      -0.0003681
      12.4200000      -0.0003663
      12.4300000      -0.0003644
      12.4400000      -0.0003625
      12.4500000      -0.0003607
      12.4600000      -0.0003589
      12.4700000      -0.0003571
      12.4800000      -0.0003553
      12.4900000      -0.0003535
      12.5000000      -0.0003517
      12.5100000      -0.0003499
      12.5200000      -0.0003481
      12.5300000      -0.0003464
      12.5400000      -0.0003446
      12.5500000      -0.0003429
      12.5600000      -0.0003412
      12.5700000      -0.0003395
      12.5800000      -0.0003378
      12.5900000      -0.0003361
      12.6000000      -0.0003344
      12.6100000      -0.0003327
      12.6200000      -0.0003310
      12.6300000      -0.0003294
      12.6400000      -0.0003277
      12.6500000      -0.0003261
      12.6600000      -0.0003245
      12.6700000      -0.0003229
      12.6800000      -0.0003213
      12.6900000      -0.0003197
      12.7000000      -0.0003181
      12.7100000      -0.0003165
      12.7200000      -0.0003149
      12.7300000      -0.0003134
      12.7400000      -0.0003118
      12.7500000      -0.0003103
      12.7600000      -0.0003087
      12.7700000      -0.0003072
      12.7800000      -0.0003057
      12.7900000      -0.0003042
      12.8000000      -0.0003027
      12.8100000      -0.0003012
      12.8200000      -0.0002997
      12.8300000      -0.0002983
      12.8400000      -0.0002968
      12.8500000      -0.0002953
      12.8600000      -0.0002939
      12.8700000      -0.0002925
      12.8800000      -0.0002910
      12.8900000      -0.0002896
      12.9000000      -0.0002882
      12.9100000      -0.0002868
      12.9200000      -0.0002854
      12.9300000      -0.0002840
      12.9400000      -0.0002826
      12.9500000      -0.0002813
      12.9600000      -0.0002799
      12.9700000      -0.0002785
      12.9800000      -0.0002772
      12.9900000      -0.0002758
      13.0000000      -0.0002745
      13.0100000      -0.0002732
      13.0200000      -0.0002719
      13.0300000      -0.0002705
      13.0400000      -0.0002692
      13.0500000      -0.0002679
      13.0600000      -0.0002667
      13.0700000      -0.0002654
      13.0800000      -0.0002641
      13.0900000      -0.0002628
      13.1000000      -0.0002616
      13.1100000      -0.0002603
      13.1200000      -0.0002591
      13.1300000      -0.0002578
      13.1400000      -0.0002566
      13.1500000      -0.0002554
      13.1600000      -0.0002542
      13.1700000      -0.0002529
      13.1800000      -0.0002517
      13.1900000      -0.0002505
      13.2000000      -0.0002493
      13.2100000      -0.0002482
      13.2200000      -0.0002470
      13.2300000      -0.0002458
      13.2400000      -0.0002446
      13.2500000      -0.0002435
      13.2600000      -0.0002423
      13.2700000      -0.0002412
      13.2800000      -0.0002400
      13.2900000      -0.0002389
      13.3000000      -0.0002378
      13.3100000      -0.0002367
      13.3200000      -0.0002355
      13.3300000      -0.0002344
      13.3400000      -0.0002333
      13.3500000      -0.0002322
      13.3600000      -0.0002311
      13.3700000      -0.0002301
      13.3800000      -0.0002290
      13.3900000      -0.0002279
      13.4000000      -0.0002268
      13.4100000      -0.0002258
      13.4200000      -0.0002247
      13.4300000      -0.0002237
      13.4400000      -0.0002226
      13.4500000      -0.0002216
      13.4600000      -0.0002206
      13.4700000      -0.0002195
      13.4800000      -0.0002185
      13.4900000      -0.0002175
      13.5000000      -0.0002165
      13.5100000      -0.0002155
      13.5200000      -0.0002145
      13.5300000      -0.0002135
      13.5400000      -0.0002125
      13.5500000      -0.0002115
      13.5600000      -0.0002106
      13.5700000      -0.0002096
      13.5800000      -0.0002086
      13.5900000      -0.0002077
      13.6000000      -0.0002067
      13.6100000      -0.0002057
      13.6200000      -0.0002048
      13.6300000      -0.0002039
      13.6400000      -0.0002029
      13.6500000      -0.0002020
      13.6600000      -0.0002011
      13.6700000      -0.0002001
      13.6800000      -0.0001992
      13.6900000      -0.0001983
      13.7000000      -0.0001974
      13.7100000      -0.0001965
      13.7200000      -0.0001956
      13.7300000      -0.0001947
      13.7400000      -0.0001938
      13.7500000      -0.0001930
      13.7600000      -0.0001921
      13.7700000      -0.0001912
      13.7800000      -0.0001903
      13.7900000      -0.0001895
      13.8000000      -0.0001886
      13.8100000      -0.0001878
      13.8200000      -0.0001869
      13.8300000      -0.0001861
      13.8400000      -0.0001852
      13.8500000      -0.0001844
      13.8600000      -0.0001836
      13.8700000      -0.0001827
      13.8800000      -0.0001819
      13.8900000      -0.0001811
      13.9000000      -0.0001803
      13.9100000      -0.0001795
      13.9200000      -0.0001787
      13.9300000      -0.0001779
      13.9400000      -0.0001771
      13.9500000      -0.0001763
      13.9600000      -0.0001755
      13.9700000      -0.0001747
      13.9800000      -0.0001739
      13.9900000      -0.0001731
      14.0000000      -0.0001724
      14.0100000      -0.0001716
      14.0200000      -0.0001708
      14.0300000      -0.0001701
      14.0400000      -0.0001693
      14.0500000      -0.0001686
      14.0600000      -0.0001678
      14.0700000      -0.0001671
      14.0800000      -0.0001663
      14.0900000      -0.0001656
      14.1000000      -0.0001649
      14.1100000      -0.0001641
      14.1200000      -0.0001634
      14.1300000      -0.0001627
      14.1400000      -0.0001620
      14.1500000      -0.0001613
      14.1600000      -0.0001605
      14.1700000      -0.0001598
      14.1800000      -0.0001591
      14.1900000      -0.0001584
      14.2000000      -0.0001577
      14.2100000      -0.0001571
      14.2200000      -0.0001564
      14.2300000      -0.0001557
      14.2400000      -0.0001550
      14.2500000      -0.0001543
      14.2600000      -0.0001536
      14.2700000      -0.0001530
      14.2800000      -0.0001523
      14.2900000      -0.0001516
      14.3000000      -0.0001510
      14.3100000      -0.0001503
      14.3200000      -0.0001497
      14.3300000      -0.0001490
      14.3400000      -0.0001484
      14.3500000      -0.0001477
      14.3600000      -0.0001471
      14.3700000      -0.0001464
      14.3800000      -0.0001458
      14.3900000      -0.0001452
      14.4000000      -0.0001445
      14.4100000      -0.0001439
      14.4200000      -0.0001433
      14.4300000      -0.0001427
      14.4400000      -0.0001421
      14.4500000      -0.0001415
      14.4600000      -0.0001408
      14.4700000      -0.0001402
      14.4800000      -0.0001396
      14.4900000      -0.0001390
      14.5000000      -0.0001384
      14.5100000      -0.0001378
      14.5200000      -0.0001373
      14.5300000      -0.0001367
      14.5400000      -0.0001361
      14.5500000      -0.0001355
      14.5600000      -0.0001349
      14.5700000      -0.0001343
      14.5800000      -0.0001338
      14.5900000      -0.0001332
      14.6000000      -0.0001326
      14.6100000      -0.0001321
      14.6200000      -0.0001315
      14.6300000      -0.0001309
      14.6400000      -0.0001304
      14.6500000      -0.0001298
      14.6600000      -0.0001293
      14.6700000      -0.0001287
      14.6800000      -0.0001282
      14.6900000      -0.0001276
      14.7000000      -0.0001271
      14.7100000      -0.0001266
      14.7200000      -0.0001260
      14.7300000      -0.0001255
      14.7400000      -0.0001250
      14.7500000      -0.0001244
      14.7600000      -0.0001239
      14.7700000      -0.0001234
      14.7800000      -0.0001229
      14.7900000      -0.0001224
      14.8000000      -0.0001219
      14.8100000      -0.0001213
      14.8200000      -0.0001208
      14.8300000      -0.0001203
      14.8400000      -0.0001198
      14.8500000      -0.0001193
      14.8600000      -0.0001188
      14.8700000      -0.0001183
      14.8800000      -0.0001178
      14.8900000      -0.0001173
      14.9000000      -0.0001169
      14.9100000      -0.0001164
      14.9200000      -0.0001159
      14.9300000      -0.0001154
      14.9400000      -0.0001149
      14.9500000      -0.0001144
      14.9600000      -0.0001140
      14.9700000      -0.0001135
      14.9800000      -0.0001130
      14.9900000      -0.0001126
      15.0000000      -0.0001121
      15.0100000      -0.0001116
      15.0200000      -0.0001112
      15.0300000      -0.0001107
      15.0400000      -0.0001102
      15.0500000      -0.0001098
      15.0600000      -0.0001093
      15.0700000      -0.0001089
      15.0800000      -0.0001084
      15.0900000      -0.0001080
      15.1000000      -0.0001076
      15.1100000      -0.0001071
      15.1200000      -0.0001067
      15.1300000      -0.0001062
      15.1400000      -0.0001058
      15.1500000      -0.0001054
      15.1600000      -0.0001049
      15.1700000      -0.0001045
      15.1800000      -0.0001041
      15.1900000      -0.0001037
      15.2000000      -0.0001032
      15.2100000      -0.0001028
      15.2200000      -0.0001024
      15.2300000      -0.0001020
      15.2400000      -0.0001016
      15.2500000      -0.0001011
      15.2600000      -0.0001007
      15.2700000      -0.0001003
      15.2800000      -0.0000999
      15.2900000      -0.0000995
      15.3000000      -0.0000991
      15.3100000      -0.0000987
      15.3200000      -0.0000983
      15.3300000      -0.0000979
      15.3400000      -0.0000975
      15.3500000      -0.0000971
      15.3600000      -0.0000967
      15.3700000      -0.0000963
      15.3800000      -0.0000959
      15.3900000      -0.0000956
      15.4000000      -0.0000952
      15.4100000      -0.0000948
      15.4200000      -0.0000944
      15.4300000      -0.0000940
      15.4400000      -0.0000937
      15.4500000      -0.0000933
      15.4600000      -0.0000929
      15.4700000      -0.0000925
      15.4800000      -0.0000922
      15.4900000      -0.0000918
      15.5000000      -0.0000914
      15.5100000      -0.0000911
      15.5200000      -0.0000907
      15.5300000      -0.0000903
      15.5400000      -0.0000900
      15.5500000      -0.0000896
      15.5600000      -0.0000893
      15.5700000      -0.0000889
      15.5800000      -0.0000886
      15.5900000      -0.0000882
      15.6000000      -0.0000879
      15.6100000      -0.0000875
      15.6200000      -0.0000872
      15.6300000      -0.0000868
      15.6400000      -0.0000865
      15.6500000      -0.0000861
      15.6600000      -0.0000858
      15.6700000      -0.0000854
      15.6800000      -0.0000851
      15.6900000      -0.0000848
      15.7000000      -0.0000844
      15.7100000      -0.0000841
      15.7200000      -0.0000838
      15.7300000      -0.0000834
      15.7400000      -0.0000831
      15.7500000      -0.0000828
      15.7600000      -0.0000825
      15.7700000      -0.0000821
      15.7800000      -0.0000818
      15.7900000      -0.0000815
      15.8000000      -0.0000812
      15.8100000      -0.0000809
      15.8200000      -0.0000805
      15.8300000      -0.0000802
      15.8400000      -0.0000799
      15.8500000      -0.0000796
      15.8600000      -0.0000793
      15.8700000      -0.0000790
      15.8800000      -0.0000787
      15.8900000      -0.0000784
      15.9000000      -0.0000781
      15.9100000      -0.0000778
      15.9200000      -0.0000775
      15.9300000      -0.0000772
      15.9400000      -0.0000769
      15.9500000      -0.0000766
      15.9600000      -0.0000763
      15.9700000      -0.0000760
      15.9800000      -0.0000757
      15.9900000      -0.0000754
      16.0000000      -0.0000751
      16.0100000      -0.0000748
      16.0200000      -0.0000745
      16.0300000      -0.0000742
      16.0400000      -0.0000739
      16.0500000      -0.0000737
      16.0600000      -0.0000734
      16.0700000      -0.0000731
      16.0800000      -0.0000728
      16.0900000      -0.0000725
      16.1000000      -0.0000723
      16.1100000      -0.0000720
      16.1200000      -0.0000717
      16.1300000      -0.0000714
      16.1400000      -0.0000712
      16.1500000      -0.0000709
      16.1600000      -0.0000706
      16.1700000      -0.0000703
      16.1800000      -0.0000701
      16.1900000      -0.0000698
      16.2000000      -0.0000695
      16.2100000      -0.0000693
      16.2200000      -0.0000690
      16.2300000      -0.0000687
      16.2400000      -0.0000685
      16.2500000      -0.0000682
      16.2600000      -0.0000680
      16.2700000      -0.0000677
      16.2800000      -0.0000675
      16.2900000      -0.0000672
      16.3000000      -0.0000669
      16.3100000      -0.0000667
      16.3200000      -0.0000664
      16.3300000      -0.0000662
      16.3400000      -0.0000659
      16.3500000      -0.0000657
      16.3600000      -0.0000654
      16.3700000      -0.0000652
      16.3800000      -0.0000649
      16.3900000      -0.0000647
      16.4000000      -0.0000645
      16.4100000      -0.0000642
      16.4200000      -0.0000640
      16.4300000      -0.0000637
      16.4400000      -0.0000635
      16.4500000      -0.0000633
      16.4600000      -0.0000630
      16.4700000      -0.0000628
      16.4800000      -0.0000625
      16.4900000      -0.0000623
      16.5000000      -0.0000621
      16.5100000      -0.0000619
      16.5200000      -0.0000616
      16.5300000      -0.0000614
      16.5400000      -0.0000612
      16.5500000      -0.0000609
      16.5600000      -0.0000607
      16.5700000      -0.0000605
      16.5800000      -0.0000603
      16.5900000      -0.0000600
      16.6000000      -0.0000598
      16.6100000      -0.0000596
      16.6200000      -0.0000594
      16.6300000      -0.0000591
      16.6400000      -0.0000589
      16.6500000      -0.0000587
      16.6600000      -0.0000585
      16.6700000      -0.0000583
      16.6800000      -0.0000581
      16.6900000      -0.0000578
      16.7000000      -0.0000576
      16.7100000      -0.0000574
      16.7200000      -0.0000572
      16.7300000      -0.0000570
      16.7400000      -0.0000568
      16.7500000      -0.0000566
      16.7600000      -0.0000564
      16.7700000      -0.0000562
      16.7800000      -0.0000560
      16.7900000      -0.0000557
      16.8000000      -0.0000555
      16.8100000      -0.0000553
      16.8200000      -0.0000551
      16.8300000      -0.0000549
      16.8400000      -0.0000547
      16.8500000      -0.0000545
      16.8600000      -0.0000543
      16.8700000      -0.0000541
      16.8800000      -0.0000539
      16.8900000      -0.0000537
      16.9000000      -0.0000535
      16.9100000      -0.0000534
      16.9200000      -0.0000532
      16.9300000      -0.0000530
      16.9400000      -0.0000528
      16.9500000      -0.0000526
      16.9600000      -0.0000524
      16.9700000      -0.0000522
      16.9800000      -0.0000520
      16.9900000      -0.0000518
      17.0000000      -0.0000516
      17.0100000      -0.0000514
      17.0200000      -0.0000513
      17.0300000      -0.0000511
      17.0400000      -0.0000509
      17.0500000      -0.0000507
      17.0600000      -0.0000505
      17.0700000      -0.0000503
      17.0800000      -0.0000502
      17.0900000      -0.0000500
      17.1000000      -0.0000498
      17.1100000      -0.0000496
      17.1200000      -0.0000494
      17.1300000      -0.0000493
      17.1400000      -0.0000491
      17.1500000      -0.0000489
      17.1600000      -0.0000487
      17.1700000      -0.0000486
      17.1800000      -0.0000484
      17.1900000      -0.0000482
      17.2000000      -0.0000480
      17.2100000      -0.0000479
      17.2200000      -0.0000477
      17.2300000      -0.0000475
      17.2400000      -0.0000474
      17.2500000      -0.0000472
      17.2600000      -0.0000470
      17.2700000      -0.0000469
      17.2800000      -0.0000467
      17.2900000      -0.0000465
      17.3000000      -0.0000464
      17.3100000      -0.0000462
      17.3200000      -0.0000460
      17.3300000      -0.0000459
      17.3400000      -0.0000457
      17.3500000      -0.0000455
      17.3600000      -0.0000454
      17.3700000      -0.0000452
      17.3800000      -0.0000451
      17.3900000      -0.0000449
      17.4000000      -0.0000447
      17.4100000      -0.0000446
      17.4200000      -0.0000444
      17.4300000      -0.0000443
      17.4400000      -0.0000441
      17.4500000      -0.0000440
      17.4600000      -0.0000438
      17.4700000      -0.0000436
      17.4800000      -0.0000435
      17.4900000      -0.0000433
      17.5000000      -0.0000432
      17.5100000      -0.0000430
      17.5200000      -0.0000429
      17.5300000      -0.0000427
      17.5400000      -0.0000426
      17.5500000      -0.0000424
      17.5600000      -0.0000423
      17.5700000      -0.0000421
      17.5800000      -0.0000420
      17.5900000      -0.0000418
      17.6000000      -0.0000417
      17.6100000      -0.0000416
      17.6200000      -0.0000414
      17.6300000      -0.0000413
      17.6400000      -0.0000411
      17.6500000      -0.0000410
      17.6600000      -0.0000408
      17.6700000      -0.0000407
      17.6800000      -0.0000406
      17.6900000      -0.0000404
      17.7000000      -0.0000403
      17.7100000      -0.0000401
      17.7200000      -0.0000400
      17.7300000      -0.0000399
      17.7400000      -0.0000397
      17.7500000      -0.0000396
      17.7600000      -0.0000394
      17.7700000      -0.0000393
      17.7800000      -0.0000392
      17.7900000      -0.0000390
      17.8000000      -0.0000389
      17.8100000      -0.0000388
      17.8200000      -0.0000386
      17.8300000      -0.0000385
      17.8400000      -0.0000384
      17.8500000      -0.0000382
      17.8600000      -0.0000381
      17.8700000      -0.0000380
      17.8800000      -0.0000378
      17.8900000      -0.0000377
      17.9000000      -0.0000376
      17.9100000      -0.0000375
      17.9200000      -0.0000373
      17.9300000      -0.0000372
      17.9400000      -0.0000371
      17.9500000      -0.0000369
      17.9600000      -0.0000368
      17.9700000      -0.0000367
      17.9800000      -0.0000366
      17.9900000      -0.0000364
      18.0000000      -0.0000363
      18.0100000      -0.0000362
      18.0200000      -0.0000361
      18.0300000      -0.0000359
      18.0400000      -0.0000358
      18.0500000      -0.0000357
      18.0600000      -0.0000356
      18.0700000      -0.0000355
      18.0800000      -0.0000353
      18.0900000      -0.0000352
      18.1000000      -0.0000351
      18.1100000      -0.0000350
      18.1200000      -0.0000349
      18.1300000      -0.0000347
      18.1400000      -0.0000346
      18.1500000      -0.0000345
      18.1600000      -0.0000344
      18.1700000      -0.0000343
      18.1800000      -0.0000342
      18.1900000      -0.0000340
      18.2000000      -0.0000339
      18.2100000      -0.0000338
      18.2200000      -0.0000337
      18.2300000      -0.0000336
      18.2400000      -0.0000335
      18.2500000      -0.0000334
      18.2600000      -0.0000333
      18.2700000      -0.0000331
      18.2800000      -0.0000330
      18.2900000      -0.0000329
      18.3000000      -0.0000328
      18.3100000      -0.0000327
      18.3200000      -0.0000326
      18.3300000      -0.0000325
      18.3400000      -0.0000324
      18.3500000      -0.0000323
      18.3600000      -0.0000322
      18.3700000      -0.0000320
      18.3800000      -0.0000319
      18.3900000      -0.0000318
      18.4000000      -0.0000317
      18.4100000      -0.0000316
      18.4200000      -0.0000315
      18.4300000      -0.0000314
      18.4400000      -0.0000313
      18.4500000      -0.0000312
      18.4600000      -0.0000311
      18.4700000      -0.0000310
      18.4800000      -0.0000309
      18.4900000      -0.0000308
      18.5000000      -0.0000307
      18.5100000      -0.0000306
      18.5200000      -0.0000305
      18.5300000      -0.0000304
      18.5400000      -0.0000303
      18.5500000      -0.0000302
      18.5600000      -0.0000301
      18.5700000      -0.0000300
      18.5800000      -0.0000299
      18.5900000      -0.0000298
      18.6000000      -0.0000297
      18.6100000      -0.0000296
      18.6200000      -0.0000295
      18.6300000      -0.0000294
      18.6400000      -0.0000293
      18.6500000      -0.0000292
      18.6600000      -0.0000291
      18.6700000      -0.0000290
      18.6800000      -0.0000289
      18.6900000      -0.0000288
      18.7000000      -0.0000287
      18.7100000      -0.0000286
      18.7200000      -0.0000285
      18.7300000      -0.0000284
      18.7400000      -0.0000284
      18.7500000      -0.0000283
      18.7600000      -0.0000282
      18.7700000      -0.0000281
      18.7800000      -0.0000280
      18.7900000      -0.0000279
      18.8000000      -0.0000278
      18.8100000      -0.0000277
      18.8200000      -0.0000276
      18.8300000      -0.0000275
      18.8400000      -0.0000274
      18.8500000      -0.0000274
      18.8600000      -0.0000273
      18.8700000      -0.0000272
      18.8800000      -0.0000271
      18.8900000      -0.0000270
      18.9000000      -0.0000269
      18.9100000      -0.0000268
      18.9200000      -0.0000267
      18.9300000      -0.0000267
      18.9400000      -0.0000266
      18.9500000      -0.0000265
      18.9600000      -0.0000264
      18.9700000      -0.0000263
      18.9800000      -0.0000262
      18.9900000      -0.0000261
      19.0000000      -0.0000261
      19.0100000      -0.0000260
      19.0200000      -0.0000259
      19.0300000      -0.0000258
      19.0400000      -0.0000257
      19.0500000      -0.0000256
      19.0600000      -0.0000256
      19.0700000      -0.0000255
      19.0800000      -0.0000254
      19.0900000      -0.0000253
      19.1000000      -0.0000252
      19.1100000      -0.0000252
      19.1200000      -0.0000251
      19.1300000      -0.0000250
      19.1400000      -0.0000249
      19.1500000      -0.0000248
      19.1600000      -0.0000248
      19.1700000      -0.0000247
      19.1800000      -0.0000246
      19.1900000      -0.0000245
      19.2000000      -0.0000244
      19.2100000      -0.0000244
      19.2200000      -0.0000243
      19.2300000      -0.0000242
      19.2400000      -0.0000241
      19.2500000      -0.0000241
      19.2600000      -0.0000240
      19.2700000      -0.0000239
      19.2800000      -0.0000238
      19.2900000      -0.0000237
      19.3000000      -0.0000237
      19.3100000      -0.0000236
      19.3200000      -0.0000235
      19.3300000      -0.0000234
      19.3400000      -0.0000234
      19.3500000      -0.0000233
      19.3600000      -0.0000232
      19.3700000      -0.0000232
      19.3800000      -0.0000231
      19.3900000      -0.0000230
      19.4000000      -0.0000229
      19.4100000      -0.0000229
      19.4200000      -0.0000228
      19.4300000      -0.0000227
      19.4400000      -0.0000226
      19.4500000      -0.0000226
      19.4600000      -0.0000225
      19.4700000      -0.0000224
      19.4800000      -0.0000224
      19.4900000      -0.0000223
      19.5000000      -0.0000222
      19.5100000      -0.0000222
      19.5200000      -0.0000221
      19.5300000      -0.0000220
      19.5400000      -0.0000219
      19.5500000      -0.0000219
      19.5600000      -0.0000218
      19.5700000      -0.0000217
      19.5800000      -0.0000217
      19.5900000      -0.0000216
      19.6000000      -0.0000215
      19.6100000      -0.0000215
      19.6200000      -0.0000214
      19.6300000      -0.0000213
      19.6400000      -0.0000213
      19.6500000      -0.0000212
      19.6600000      -0.0000211
      19.6700000      -0.0000211
      19.6800000      -0.0000210
      19.6900000      -0.0000209
      19.7000000      -0.0000209
      19.7100000      -0.0000208
      19.7200000      -0.0000207
      19.7300000      -0.0000207
      19.7400000      -0.0000206
      19.7500000      -0.0000206
      19.7600000      -0.0000205
      19.7700000      -0.0000204
      19.7800000      -0.0000204
      19.7900000      -0.0000203
      19.8000000      -0.0000202
      19.8100000      -0.0000202
      19.8200000      -0.0000201
      19.8300000      -0.0000201
      19.8400000      -0.0000200
      19.8500000      -0.0000199
      19.8600000      -0.0000199
      19.8700000      -0.0000198
      19.8800000      -0.0000197
      19.8900000      -0.0000197
      19.9000000      -0.0000196
      19.9100000      -0.0000196
      19.9200000      -0.0000195
      19.9300000      -0.0000194
      19.9400000      -0.0000194
      19.9500000      -0.0000193
      19.9600000      -0.0000193
      19.9700000      -0.0000192
      19.9800000      -0.0000191
      19.9900000      -0.0000191
      20.0000000      -0.0000190
      20.0100000      -0.0000190
      20.0200000      -0.0000189
      20.0300000      -0.0000189
      20.0400000      -0.0000188
      20.0500000      -0.0000187
      20.0600000      -0.0000187
      20.0700000      -0.0000186
      20.0800000      -0.0000186
      20.0900000      -0.0000185
