  0.0000000E+00 -9.0345670E-01  2.1050514E+02
  1.0000000E+00 -9.0398720E-01  2.0975494E+02
  2.0000000E+00 -9.0558303E-01  2.0751823E+02
  3.0000000E+00 -9.0825733E-01  2.0383636E+02
  4.0000000E+00 -9.1203242E-01  1.9877706E+02
  5.0000000E+00 -9.1694047E-01  1.9243270E+02
  6.0000000E+00 -9.2302454E-01  1.8491798E+02
  7.0000000E+00 -9.3033991E-01  1.7636697E+02
  8.0000000E+00 -9.3895590E-01  1.6692984E+02
  9.0000000E+00 -9.4895822E-01  1.5676912E+02
  1.0000000E+01 -9.6045202E-01  1.4605579E+02
  1.1000000E+01 -9.7356576E-01  1.3496519E+02
  1.2000000E+01 -9.8845622E-01  1.2367301E+02
  1.3000000E+01 -1.0053149E+00  1.1235129E+02
  1.4000000E+01 -1.0243765E+00  1.0116467E+02
  1.5000000E+01 -1.0459294E+00  9.0266996E+01
  1.6000000E+01 -1.0703302E+00  7.9798231E+01
  1.7000000E+01 -1.0980223E+00  6.9881902E+01
  1.8000000E+01 -1.1295608E+00  6.0623022E+01
  1.9000000E+01 -1.1656458E+00  5.2106576E+01
  2.0000000E+01 -1.2071682E+00  4.4396572E+01
  2.1000000E+01 -1.2552715E+00  3.7535665E+01
  2.2000000E+01 -1.3114377E+00  3.1545342E+01
  2.3000000E+01 -1.3776081E+00  2.6426628E+01
  2.4000000E+01 -1.4563523E+00  2.2161288E+01
  2.5000000E+01 -1.5511123E+00  1.8713461E+01
  2.6000000E+01  6.0004058E-01  1.6031671E+01
  2.7000000E+01  5.5276573E-01  1.4051141E+01
  2.8000000E+01  5.0311196E-01  1.2696342E+01
  2.9000000E+01  4.5150412E-01  1.1883699E+01
  3.0000000E+01  3.9858434E-01  1.1524376E+01
  3.1000000E+01  3.4521585E-01  1.1527062E+01
  3.2000000E+01  2.9244674E-01  1.1800690E+01
  3.3000000E+01  2.4143089E-01  1.2257011E+01
  3.4000000E+01  1.9332041E-01  1.2812963E+01
  3.5000000E+01  1.4915927E-01  1.3392785E+01
  3.6000000E+01  1.0980901E-01  1.3929814E+01
  3.7000000E+01  7.5923887E-02  1.4367933E+01
  3.8000000E+01  4.7973011E-02  1.4662647E+01
  3.9000000E+01  2.6293187E-02  1.4781749E+01
  4.0000000E+01  1.1153291E-02  1.4705597E+01
  4.1000000E+01  2.8150690E-03  1.4426977E+01
  4.2000000E+01  1.5809380E-03  1.3950587E+01
  4.3000000E+01  7.8223328E-03  1.3292161E+01
  4.4000000E+01  2.1981116E-02  1.2477269E+01
  4.5000000E+01  4.4532131E-02  1.1539832E+01
  4.6000000E+01  7.5889859E-02  1.0520420E+01
  4.7000000E+01  1.1624347E-01  9.4643737E+00
  4.8000000E+01  1.6532556E-01  8.4198242E+00
  4.9000000E+01  2.2217236E-01  7.4356708E+00
  5.0000000E+01  2.8500127E-01  6.5595849E+00
  5.1000000E+01  3.5134342E-01  5.8361034E+00
  5.2000000E+01  4.1845188E-01  5.3048710E+00
  5.3000000E+01  4.8381852E-01  4.9990883E+00
  5.4000000E+01  5.4555970E-01  4.9442122E+00
  5.5000000E+01  6.0254598E-01  5.1569473E+00
  5.6000000E+01  6.5431750E-01  5.6445597E+00
  5.7000000E+01  7.0090092E-01  6.4045297E+00
  5.8000000E+01 -1.3465785E+00  7.4245515E+00
  5.9000000E+01 -1.2821098E+00  8.6828772E+00
  6.0000000E+01 -1.2293115E+00  1.0148988E+01
  6.1000000E+01 -1.1853149E+00  1.1784568E+01
  6.2000000E+01 -1.1480344E+00  1.3544747E+01
  6.3000000E+01 -1.1159264E+00  1.5379568E+01
  6.4000000E+01 -1.0878275E+00  1.7235626E+01
  6.5000000E+01 -1.0628450E+00  1.9057824E+01
  6.6000000E+01 -1.0402811E+00  2.0791195E+01
  6.7000000E+01 -1.0195791E+00  2.2382716E+01
  6.8000000E+01 -1.0002851E+00  2.3783060E+01
  6.9000000E+01 -9.8202004E-01  2.4948235E+01
  7.0000000E+01 -9.6445818E-01  2.5841043E+01
  7.1000000E+01 -9.4731112E-01  2.6432325E+01
  7.2000000E+01 -9.3031455E-01  2.6701938E+01
  7.3000000E+01 -9.1321734E-01  2.6639446E+01
  7.4000000E+01 -8.9577187E-01  2.6244496E+01
  7.5000000E+01 -8.7772511E-01  2.5526860E+01
  7.6000000E+01 -8.5880973E-01  2.4506159E+01
  7.7000000E+01 -8.3873489E-01  2.3211264E+01
  7.8000000E+01 -8.1717626E-01  2.1679400E+01
  7.9000000E+01 -7.9376485E-01  1.9954975E+01
  8.0000000E+01 -7.6807458E-01  1.8088191E+01
  8.1000000E+01 -7.3960845E-01  1.6133453E+01
  8.2000000E+01 -7.0778428E-01  1.4147653E+01
  8.3000000E+01 -6.7192200E-01  1.2188373E+01
  8.4000000E+01 -6.3123754E-01  1.0312066E+01
  8.5000000E+01 -5.8485350E-01  8.5722746E+00
  8.6000000E+01 -5.3184591E-01  7.0179456E+00
  8.7000000E+01 -4.7135958E-01  5.6918924E+00
  8.8000000E+01 -4.0283581E-01  4.6294577E+00
  8.9000000E+01 -3.2638393E-01  3.8574179E+00
  9.0000000E+01  8.6594424E-01  3.3931650E+00
  9.1000000E+01  6.4065003E+00  3.2441915E+00
  9.2000000E+01  1.4531078E+01  3.4078968E+00
  9.3000000E+01 -6.9385500E+01  3.8717187E+00
  9.4000000E+01 -1.1072549E+01  4.6135884E+00
  9.5000000E+01 -6.3646009E+00  5.6026921E+00
  9.6000000E+01 -4.6625000E+00  6.8005162E+00
  9.7000000E+01 -3.8029841E+00  8.1621406E+00
  9.8000000E+01 -3.2946218E+00  9.6377397E+00
  9.9000000E+01 -2.9649462E+00  1.1174241E+01
  1.0000000E+02 -2.7382117E+00  1.2717088E+01
  1.0100000E+02 -2.5761755E+00  1.4212048E+01
  1.0200000E+02 -2.4576047E+00  1.5607010E+01
  1.0300000E+02 -2.3698843E+00  1.6853709E+01
  1.0400000E+02 -2.3051500E+00  1.7909317E+01
  1.0500000E+02 -2.2583433E+00  1.8737859E+01
  1.0600000E+02 -2.2261696E+00  1.9311396E+01
  1.0700000E+02 -2.2065134E+00  1.9610938E+01
  1.0800000E+02 -2.1981054E+00  1.9627057E+01
  1.0900000E+02 -2.2003378E+00  1.9360181E+01
  1.1000000E+02 -2.2131777E+00  1.8820551E+01
  1.1100000E+02 -2.2371557E+00  1.8027847E+01
  1.1200000E+02 -2.2734263E+00  1.7010496E+01
  1.1300000E+02 -2.3239129E+00  1.5804672E+01
  1.1400000E+02 -2.3915720E+00  1.4453040E+01
  1.1500000E+02 -2.4808485E+00  1.3003260E+01
  1.1600000E+02 -2.5984585E+00  1.1506330E+01
  1.1700000E+02 -2.7547835E+00  1.0014789E+01
  1.1800000E+02 -2.9664756E+00  8.5808740E+00
  1.1900000E+02 -3.2616794E+00  7.2546688E+00
  1.2000000E+02 -3.6915001E+00  6.0823157E+00
  1.2100000E+02 -4.3585405E+00  5.1043561E+00
  1.2200000E+02 -5.5018522E+00  4.3542501E+00
  1.2300000E+02  1.2767432E-01  3.8571323E+00
  1.2400000E+02  6.7488830E-02  3.6288472E+00
  1.2500000E+02  2.1956342E-03  3.6752998E+00
  1.2600000E+02 -6.6440296E-02  3.9921491E+00
  1.2700000E+02 -1.3605807E-01  4.5648585E+00
  1.2800000E+02 -2.0412498E-01  5.3691075E+00
  1.2900000E+02 -2.6842967E-01  6.3715560E+00
  1.3000000E+02 -3.2741187E-01  7.5309417E+00
  1.3100000E+02 -3.8022997E-01  8.7994800E+00
  1.3200000E+02 -4.2663293E-01  1.0124525E+01
  1.3300000E+02 -4.6676076E-01  1.1450439E+01
  1.3400000E+02 -5.0096116E-01  1.2720621E+01
  1.3500000E+02 -5.2965560E-01  1.3879618E+01
  1.3600000E+02 -5.5325339E-01  1.4875262E+01
  1.3700000E+02 -5.7210053E-01  1.5660758E+01
  1.3800000E+02 -5.8644895E-01  1.6196661E+01
  1.3900000E+02 -5.9643516E-01  1.6452660E+01
  1.4000000E+02 -6.0205958E-01  1.6409126E+01
  1.4100000E+02 -6.0315965E-01  1.6058356E+01
  1.4200000E+02 -5.9936939E-01  1.5405471E+01
  1.4300000E+02 -5.9005599E-01  1.4468921E+01
  1.4400000E+02 -5.7421965E-01  1.3280592E+01
  1.4500000E+02 -5.5033573E-01  1.1885470E+01
  1.4600000E+02 -5.1611014E-01  1.0340893E+01
  1.4700000E+02 -4.6812181E-01  8.7153769E+00
  1.4800000E+02 -4.0139886E-01  7.0870506E+00
  1.4900000E+02 -3.0933851E-01  5.5417361E+00
  1.5000000E+02 -1.8559392E-01  4.1707204E+00
  1.5100000E+02 -3.1223388E-02  3.0682755E+00
  1.5200000E+02  1.3569897E-01  2.3289939E+00
  1.5300000E+02  2.8764362E-01  2.0450140E+00
  1.5400000E+02  4.0954508E-01  2.3032104E+00
  1.5500000E+02 -1.9920566E+00  3.1824315E+00
  1.5600000E+02 -1.7502233E+00  4.7508643E+00
  1.5700000E+02 -1.6029108E+00  7.0636045E+00
  1.5800000E+02 -1.5055095E+00  1.0160506E+01
  1.5900000E+02 -1.4372951E+00  1.4064377E+01
  1.6000000E+02 -1.3874653E+00  1.8779583E+01
  1.6100000E+02 -1.3498884E+00  2.4291100E+01
  1.6200000E+02 -1.3208464E+00  3.0564066E+01
  1.6300000E+02 -1.2979643E+00  3.7543834E+01
  1.6400000E+02 -1.2796583E+00  4.5156560E+01
  1.6500000E+02 -1.2648349E+00  5.3310299E+01
  1.6600000E+02 -1.2527166E+00  6.1896608E+01
  1.6700000E+02 -1.2427364E+00  7.0792604E+01
  1.6800000E+02 -1.2344721E+00  7.9863447E+01
  1.6900000E+02 -1.2276038E+00  8.8965176E+01
  1.7000000E+02 -1.2218855E+00  9.7947837E+01
  1.7100000E+02 -1.2171256E+00  1.0665882E+02
  1.7200000E+02 -1.2131735E+00  1.1494631E+02
  1.7300000E+02 -1.2099105E+00  1.2266280E+02
  1.7400000E+02 -1.2072423E+00  1.2966851E+02
  1.7500000E+02 -1.2050945E+00  1.3583469E+02
  1.7600000E+02 -1.2034091E+00  1.4104669E+02
  1.7700000E+02 -1.2021414E+00  1.4520666E+02
  1.7800000E+02 -1.2012584E+00  1.4823593E+02
  1.7900000E+02 -1.2007374E+00  1.5007694E+02
  1.8000000E+02 -1.2005652E+00  1.5069454E+02
 
