3.4100000E+00 1.5471002E+02
3.4300000E+00 1.5380741E+02
3.4500000E+00 1.5291525E+02
3.4700000E+00 1.5203335E+02
3.4900000E+00 1.5116155E+02
3.5100000E+00 1.5029967E+02
3.5300000E+00 1.4944753E+02
3.5500000E+00 1.4860498E+02
3.5700000E+00 1.4777185E+02
3.5900000E+00 1.4694798E+02
3.6100000E+00 1.4613322E+02
3.6300000E+00 1.4532742E+02
3.6500000E+00 1.4453043E+02
3.6700000E+00 1.4374210E+02
3.6900000E+00 1.4296229E+02
3.7100000E+00 1.4219087E+02
3.7300000E+00 1.4142770E+02
3.7500000E+00 1.4067263E+02
3.7700000E+00 1.3992556E+02
3.7900000E+00 1.3918633E+02
3.8100000E+00 1.3845484E+02
3.8300000E+00 1.3773096E+02
3.8500000E+00 1.3701456E+02
3.8700000E+00 1.3630554E+02
3.8900000E+00 1.3560377E+02
3.9100000E+00 1.3490914E+02
3.9300000E+00 1.3422154E+02
3.9500000E+00 1.3354086E+02
3.9700000E+00 1.3286700E+02
3.9900000E+00 1.3219985E+02
4.0100000E+00 1.3153930E+02
4.0300000E+00 1.3088526E+02
4.0500000E+00 1.3023763E+02
4.0700000E+00 1.2959631E+02
4.0900000E+00 1.2896119E+02
4.1100000E+00 1.2833220E+02
4.1300000E+00 1.2770923E+02
4.1500000E+00 1.2709220E+02
4.1700000E+00 1.2648101E+02
4.1900000E+00 1.2587558E+02
4.2100000E+00 1.2527582E+02
4.2300000E+00 1.2468164E+02
4.2500000E+00 1.2409295E+02
4.2700000E+00 1.2350969E+02
4.2900000E+00 1.2293175E+02
4.3100000E+00 1.2235906E+02
4.3300000E+00 1.2179154E+02
4.3500000E+00 1.2122911E+02
4.3700000E+00 1.2067169E+02
4.3900000E+00 1.2011920E+02
4.4100000E+00 1.1957155E+02
4.4300000E+00 1.1902868E+02
4.4500000E+00 1.1849050E+02
4.4700000E+00 1.1795693E+02
4.4900000E+00 1.1742790E+02
4.5100000E+00 1.1690332E+02
4.5300000E+00 1.1638312E+02
4.5500000E+00 1.1586720E+02
4.5700000E+00 1.1535550E+02
4.5900000E+00 1.1484792E+02
4.6100000E+00 1.1434438E+02
4.6300000E+00 1.1384479E+02
4.6500000E+00 1.1334905E+02
4.6700000E+00 1.1285707E+02
4.6900000E+00 1.1236874E+02
4.7100000E+00 1.1188396E+02
4.7300000E+00 1.1140261E+02
4.7500000E+00 1.1092457E+02
4.7700000E+00 1.1044970E+02
4.7900000E+00 1.0997785E+02
4.8100000E+00 1.0950886E+02
4.8300000E+00 1.0904254E+02
4.8500000E+00 1.0857870E+02
4.8700000E+00 1.0811709E+02
4.8900000E+00 1.0765745E+02
4.9100000E+00 1.0719945E+02
4.9300000E+00 1.0674273E+02
4.9500000E+00 1.0628685E+02
4.9700000E+00 1.0583126E+02
4.9900000E+00 1.0537533E+02
5.0100000E+00 1.0491825E+02
5.0300000E+00 1.0445901E+02
5.0500000E+00 1.0399633E+02
5.0700000E+00 1.0352858E+02
5.0900000E+00 1.0305360E+02
5.1100000E+00 1.0256854E+02
5.1300000E+00 1.0206951E+02
5.1500000E+00 1.0155112E+02
5.1700000E+00 1.0100575E+02
5.1900000E+00 1.0042223E+02
5.2100000E+00 9.9783787E+01
5.2300000E+00 9.9064201E+01
5.2500000E+00 9.8220712E+01
5.2700000E+00 9.7179820E+01
5.2900000E+00 9.5806846E+01
5.3100000E+00 9.3834580E+01
5.3300000E+00 9.0677008E+01
5.3500000E+00 8.4878849E+01
5.3700000E+00 7.2315604E+01
5.3900000E+00 4.1926922E+01
5.4100000E+00 6.3150724E+00
5.4300000E+00 4.1898420E+01
5.4500000E+00 7.1511444E+01
5.4700000E+00 8.3219341E+01
5.4900000E+00 8.8196160E+01
5.5100000E+00 9.0561871E+01
5.5300000E+00 9.1761542E+01
5.5500000E+00 9.2374361E+01
5.5700000E+00 9.2663327E+01
5.5900000E+00 9.2760466E+01
5.6100000E+00 9.2737543E+01
5.6300000E+00 9.2636143E+01
5.6500000E+00 9.2481647E+01
5.6700000E+00 9.2290232E+01
5.6900000E+00 9.2072585E+01
5.7100000E+00 9.1835991E+01
5.7300000E+00 9.1585544E+01
5.7500000E+00 9.1324893E+01
5.7700000E+00 9.1056699E+01
5.7900000E+00 9.0782941E+01
5.8100000E+00 9.0505114E+01
5.8300000E+00 9.0224359E+01
5.8500000E+00 8.9941560E+01
5.8700000E+00 8.9657410E+01
5.8900000E+00 8.9372455E+01
5.9100000E+00 8.9087131E+01
5.9300000E+00 8.8801787E+01
5.9500000E+00 8.8516705E+01
5.9700000E+00 8.8232115E+01
5.9900000E+00 8.7948204E+01
6.0100000E+00 8.7665126E+01
6.0300000E+00 8.7383005E+01
6.0500000E+00 8.7101946E+01
6.0700000E+00 8.6822034E+01
6.0900000E+00 8.6543340E+01
6.1100000E+00 8.6265921E+01
6.1300000E+00 8.5989826E+01
6.1500000E+00 8.5715094E+01
6.1700000E+00 8.5441756E+01
6.1900000E+00 8.5169838E+01
6.2100000E+00 8.4899361E+01
6.2300000E+00 8.4630341E+01
6.2500000E+00 8.4362790E+01
6.2700000E+00 8.4096718E+01
6.2900000E+00 8.3832131E+01
6.3100000E+00 8.3569033E+01
6.3300000E+00 8.3307426E+01
6.3500000E+00 8.3047312E+01
6.3700000E+00 8.2788687E+01
6.3900000E+00 8.2531551E+01
6.4100000E+00 8.2275900E+01
6.4300000E+00 8.2021729E+01
6.4500000E+00 8.1769033E+01
6.4700000E+00 8.1517806E+01
6.4900000E+00 8.1268041E+01
6.5100000E+00 8.1019731E+01
6.5300000E+00 8.0772868E+01
6.5500000E+00 8.0527445E+01
6.5700000E+00 8.0283452E+01
6.5900000E+00 8.0040881E+01
6.6100000E+00 7.9799724E+01
6.6300000E+00 7.9559970E+01
6.6500000E+00 7.9321611E+01
6.6700000E+00 7.9084636E+01
6.6900000E+00 7.8849037E+01
6.7100000E+00 7.8614804E+01
6.7300000E+00 7.8381927E+01
6.7500000E+00 7.8150395E+01
6.7700000E+00 7.7920199E+01
6.7900000E+00 7.7691330E+01
6.8100000E+00 7.7463776E+01
6.8300000E+00 7.7237529E+01
6.8500000E+00 7.7012578E+01
6.8700000E+00 7.6788913E+01
6.8900000E+00 7.6566525E+01
6.9100000E+00 7.6345403E+01
6.9300000E+00 7.6125537E+01
6.9500000E+00 7.5906918E+01
6.9700000E+00 7.5689536E+01
6.9900000E+00 7.5473382E+01
7.0100000E+00 7.5258445E+01
7.0300000E+00 7.5044716E+01
7.0500000E+00 7.4832185E+01
7.0700000E+00 7.4620844E+01
7.0900000E+00 7.4410682E+01
7.1100000E+00 7.4201690E+01
7.1300000E+00 7.3993859E+01
7.1500000E+00 7.3787180E+01
7.1700000E+00 7.3581644E+01
7.1900000E+00 7.3377241E+01
7.2100000E+00 7.3173962E+01
7.2300000E+00 7.2971799E+01
7.2500000E+00 7.2770743E+01
7.2700000E+00 7.2570785E+01
7.2900000E+00 7.2371917E+01
7.3100000E+00 7.2174129E+01
7.3300000E+00 7.1977413E+01
7.3500000E+00 7.1781761E+01
7.3700000E+00 7.1587164E+01
7.3900000E+00 7.1393615E+01
7.4100000E+00 7.1201104E+01