3.4100000E+00 2.4777653E+01
3.4300000E+00 2.4638827E+01
3.4500000E+00 2.4501725E+01
3.4700000E+00 2.4366322E+01
3.4900000E+00 2.4232592E+01
3.5100000E+00 2.4100510E+01
3.5300000E+00 2.3970052E+01
3.5500000E+00 2.3841195E+01
3.5700000E+00 2.3713916E+01
3.5900000E+00 2.3588194E+01
3.6100000E+00 2.3464006E+01
3.6300000E+00 2.3341333E+01
3.6500000E+00 2.3220154E+01
3.6700000E+00 2.3100450E+01
3.6900000E+00 2.2982203E+01
3.7100000E+00 2.2865395E+01
3.7300000E+00 2.2750008E+01
3.7500000E+00 2.2636026E+01
3.7700000E+00 2.2523432E+01
3.7900000E+00 2.2412212E+01
3.8100000E+00 2.2302350E+01
3.8300000E+00 2.2193833E+01
3.8500000E+00 2.2086648E+01
3.8700000E+00 2.1980781E+01
3.8900000E+00 2.1876220E+01
3.9100000E+00 2.1772955E+01
3.9300000E+00 2.1670975E+01
3.9500000E+00 2.1570269E+01
3.9700000E+00 2.1470829E+01
3.9900000E+00 2.1372645E+01
4.0100000E+00 2.1275712E+01
4.0300000E+00 2.1180021E+01
4.0500000E+00 2.1085566E+01
4.0700000E+00 2.0992343E+01
4.0900000E+00 2.0900348E+01
4.1100000E+00 2.0809576E+01
4.1300000E+00 2.0720026E+01
4.1500000E+00 2.0631696E+01
4.1700000E+00 2.0544585E+01
4.1900000E+00 2.0458696E+01
4.2100000E+00 2.0374030E+01
4.2300000E+00 2.0290589E+01
4.2500000E+00 2.0208381E+01
4.2700000E+00 2.0127409E+01
4.2900000E+00 2.0047682E+01
4.3100000E+00 1.9969210E+01
4.3300000E+00 1.9892004E+01
4.3500000E+00 1.9816077E+01
4.3700000E+00 1.9741444E+01
4.3900000E+00 1.9668124E+01
4.4100000E+00 1.9596136E+01
4.4300000E+00 1.9525503E+01
4.4500000E+00 1.9456251E+01
4.4700000E+00 1.9388410E+01
4.4900000E+00 1.9322013E+01
4.5100000E+00 1.9257096E+01
4.5300000E+00 1.9193700E+01
4.5500000E+00 1.9131873E+01
4.5700000E+00 1.9071666E+01
4.5900000E+00 1.9013137E+01
4.6100000E+00 1.8956352E+01
4.6300000E+00 1.8901383E+01
4.6500000E+00 1.8848312E+01
4.6700000E+00 1.8797231E+01
4.6900000E+00 1.8748242E+01
4.7100000E+00 1.8701463E+01
4.7300000E+00 1.8657023E+01
4.7500000E+00 1.8615072E+01
4.7700000E+00 1.8575777E+01
4.7900000E+00 1.8539330E+01
4.8100000E+00 1.8505948E+01
4.8300000E+00 1.8475880E+01
4.8500000E+00 1.8449415E+01
4.8700000E+00 1.8426881E+01
4.8900000E+00 1.8408662E+01
4.9100000E+00 1.8395204E+01
4.9300000E+00 1.8387031E+01
4.9500000E+00 1.8384757E+01
4.9700000E+00 1.8389111E+01
4.9900000E+00 1.8400966E+01
5.0100000E+00 1.8421368E+01
5.0300000E+00 1.8451589E+01
5.0500000E+00 1.8493186E+01
5.0700000E+00 1.8548084E+01
5.0900000E+00 1.8618696E+01
5.1100000E+00 1.8708078E+01
5.1300000E+00 1.8820163E+01
5.1500000E+00 1.8960094E+01
5.1700000E+00 1.9134717E+01
5.1900000E+00 1.9353348E+01
5.2100000E+00 1.9628966E+01
5.2300000E+00 1.9980181E+01
5.2500000E+00 2.0434567E+01
5.2700000E+00 2.1034593E+01
5.2900000E+00 2.1848717E+01
5.3100000E+00 2.2993221E+01
5.3300000E+00 2.4676775E+01
5.3500000E+00 2.7286390E+01
5.3700000E+00 3.1438669E+01
5.3900000E+00 3.6303119E+01
5.4100000E+00 2.7078885E+01
5.4300000E+00 8.7358491E+00
5.4500000E+00 5.9168226E+00
5.4700000E+00 6.9639641E+00
5.4900000E+00 8.1987241E+00
5.5100000E+00 9.1816513E+00
5.5300000E+00 9.9282462E+00
5.5500000E+00 1.0497927E+01
5.5700000E+00 1.0939059E+01
5.5900000E+00 1.1285942E+01
5.6100000E+00 1.1562440E+01
5.6300000E+00 1.1785323E+01
5.6500000E+00 1.1966595E+01
5.6700000E+00 1.2115017E+01
5.6900000E+00 1.2237110E+01
5.7100000E+00 1.2337812E+01
5.7300000E+00 1.2420929E+01
5.7500000E+00 1.2489430E+01
5.7700000E+00 1.2545671E+01
5.7900000E+00 1.2591539E+01
5.8100000E+00 1.2628562E+01
5.8300000E+00 1.2657993E+01
5.8500000E+00 1.2680867E+01
5.8700000E+00 1.2698044E+01
5.8900000E+00 1.2710250E+01
5.9100000E+00 1.2718094E+01
5.9300000E+00 1.2722097E+01
5.9500000E+00 1.2722706E+01
5.9700000E+00 1.2720303E+01
5.9900000E+00 1.2715219E+01
6.0100000E+00 1.2707745E+01
6.0300000E+00 1.2698130E+01
6.0500000E+00 1.2686597E+01
6.0700000E+00 1.2673339E+01
6.0900000E+00 1.2658529E+01
6.1100000E+00 1.2642318E+01
6.1300000E+00 1.2624843E+01
6.1500000E+00 1.2606224E+01
6.1700000E+00 1.2586569E+01
6.1900000E+00 1.2565976E+01
6.2100000E+00 1.2544532E+01
6.2300000E+00 1.2522315E+01
6.2500000E+00 1.2499396E+01
6.2700000E+00 1.2475841E+01
6.2900000E+00 1.2451707E+01
6.3100000E+00 1.2427048E+01
6.3300000E+00 1.2401911E+01
6.3500000E+00 1.2376342E+01
6.3700000E+00 1.2350381E+01
6.3900000E+00 1.2324064E+01
6.4100000E+00 1.2297426E+01
6.4300000E+00 1.2270497E+01
6.4500000E+00 1.2243306E+01
6.4700000E+00 1.2215880E+01
6.4900000E+00 1.2188243E+01
6.5100000E+00 1.2160417E+01
6.5300000E+00 1.2132422E+01
6.5500000E+00 1.2104278E+01
6.5700000E+00 1.2076004E+01
6.5900000E+00 1.2047613E+01
6.6100000E+00 1.2019124E+01
6.6300000E+00 1.1990548E+01
6.6500000E+00 1.1961900E+01
6.6700000E+00 1.1933191E+01
6.6900000E+00 1.1904432E+01
6.7100000E+00 1.1875635E+01
6.7300000E+00 1.1846809E+01
6.7500000E+00 1.1817964E+01
6.7700000E+00 1.1789106E+01
6.7900000E+00 1.1760246E+01
6.8100000E+00 1.1731389E+01
6.8300000E+00 1.1702543E+01
6.8500000E+00 1.1673714E+01
6.8700000E+00 1.1644909E+01
6.8900000E+00 1.1616132E+01
6.9100000E+00 1.1587389E+01
6.9300000E+00 1.1558685E+01
6.9500000E+00 1.1530025E+01
6.9700000E+00 1.1501412E+01
6.9900000E+00 1.1472851E+01
7.0100000E+00 1.1444345E+01
7.0300000E+00 1.1415899E+01
7.0500000E+00 1.1387514E+01
7.0700000E+00 1.1359194E+01
7.0900000E+00 1.1330943E+01
7.1100000E+00 1.1302762E+01
7.1300000E+00 1.1274654E+01
7.1500000E+00 1.1246622E+01
7.1700000E+00 1.1218667E+01
7.1900000E+00 1.1190791E+01
7.2100000E+00 1.1162997E+01
7.2300000E+00 1.1135285E+01
7.2500000E+00 1.1107659E+01
7.2700000E+00 1.1080118E+01
7.2900000E+00 1.1052665E+01
7.3100000E+00 1.1025301E+01
7.3300000E+00 1.0998027E+01
7.3500000E+00 1.0970844E+01
7.3700000E+00 1.0943753E+01
7.3900000E+00 1.0916754E+01
7.4100000E+00 1.0889850E+01