3.4100000E+00 9.7967548E+01
3.4300000E+00 9.7424638E+01
3.4500000E+00 9.6888599E+01
3.4700000E+00 9.6359329E+01
3.4900000E+00 9.5836732E+01
3.5100000E+00 9.5320711E+01
3.5300000E+00 9.4811175E+01
3.5500000E+00 9.4308035E+01
3.5700000E+00 9.3811204E+01
3.5900000E+00 9.3320599E+01
3.6100000E+00 9.2836140E+01
3.6300000E+00 9.2357749E+01
3.6500000E+00 9.1885351E+01
3.6700000E+00 9.1418873E+01
3.6900000E+00 9.0958247E+01
3.7100000E+00 9.0503406E+01
3.7300000E+00 9.0054285E+01
3.7500000E+00 8.9610824E+01
3.7700000E+00 8.9172964E+01
3.7900000E+00 8.8740649E+01
3.8100000E+00 8.8313828E+01
3.8300000E+00 8.7892450E+01
3.8500000E+00 8.7476467E+01
3.8700000E+00 8.7065837E+01
3.8900000E+00 8.6660517E+01
3.9100000E+00 8.6260470E+01
3.9300000E+00 8.5865661E+01
3.9500000E+00 8.5476058E+01
3.9700000E+00 8.5091632E+01
3.9900000E+00 8.4712359E+01
4.0100000E+00 8.4338217E+01
4.0300000E+00 8.3969188E+01
4.0500000E+00 8.3605258E+01
4.0700000E+00 8.3246416E+01
4.0900000E+00 8.2892658E+01
4.1100000E+00 8.2543980E+01
4.1300000E+00 8.2200386E+01
4.1500000E+00 8.1861883E+01
4.1700000E+00 8.1528485E+01
4.1900000E+00 8.1200209E+01
4.2100000E+00 8.0877079E+01
4.2300000E+00 8.0559125E+01
4.2500000E+00 8.0246383E+01
4.2700000E+00 7.9938897E+01
4.2900000E+00 7.9636718E+01
4.3100000E+00 7.9339905E+01
4.3300000E+00 7.9048525E+01
4.3500000E+00 7.8762656E+01
4.3700000E+00 7.8482385E+01
4.3900000E+00 7.8207811E+01
4.4100000E+00 7.7939046E+01
4.4300000E+00 7.7676212E+01
4.4500000E+00 7.7419449E+01
4.4700000E+00 7.7168911E+01
4.4900000E+00 7.6924773E+01
4.5100000E+00 7.6687226E+01
4.5300000E+00 7.6456483E+01
4.5500000E+00 7.6232785E+01
4.5700000E+00 7.6016395E+01
4.5900000E+00 7.5807610E+01
4.6100000E+00 7.5606759E+01
4.6300000E+00 7.5414211E+01
4.6500000E+00 7.5230375E+01
4.6700000E+00 7.5055712E+01
4.6900000E+00 7.4890738E+01
4.7100000E+00 7.4736030E+01
4.7300000E+00 7.4592240E+01
4.7500000E+00 7.4460103E+01
4.7700000E+00 7.4340451E+01
4.7900000E+00 7.4234227E+01
4.8100000E+00 7.4142505E+01
4.8300000E+00 7.4066512E+01
4.8500000E+00 7.4007656E+01
4.8700000E+00 7.3967557E+01
4.8900000E+00 7.3948089E+01
4.9100000E+00 7.3951433E+01
4.9300000E+00 7.3980136E+01
4.9500000E+00 7.4037195E+01
4.9700000E+00 7.4126153E+01
4.9900000E+00 7.4251234E+01
5.0100000E+00 7.4417509E+01
5.0300000E+00 7.4631117E+01
5.0500000E+00 7.4899559E+01
5.0700000E+00 7.5232095E+01
5.0900000E+00 7.5640282E+01
5.1100000E+00 7.6138733E+01
5.1300000E+00 7.6746181E+01
5.1500000E+00 7.7487022E+01
5.1700000E+00 7.8393609E+01
5.1900000E+00 7.9509728E+01
5.2100000E+00 8.0896035E+01
5.2300000E+00 8.2638871E+01
5.2500000E+00 8.4865037E+01
5.2700000E+00 8.7767652E+01
5.2900000E+00 9.1653393E+01
5.3100000E+00 9.7032189E+01
5.3300000E+00 1.0478877E+02
5.3500000E+00 1.1645896E+02
5.3700000E+00 1.3397498E+02
5.3900000E+00 1.4999847E+02
5.4100000E+00 9.3522128E+01
5.4300000E+00 1.1376632E+01
5.4500000E+00 5.7723878E+00
5.4700000E+00 1.4549744E+01
5.4900000E+00 2.2352999E+01
5.5100000E+00 2.8141553E+01
5.5300000E+00 3.2405431E+01
5.5500000E+00 3.5609209E+01
5.5700000E+00 3.8071638E+01
5.5900000E+00 4.0003233E+01
5.6100000E+00 4.1544740E+01
5.6300000E+00 4.2792555E+01
5.6500000E+00 4.3814420E+01
5.6700000E+00 4.4659119E+01
5.6900000E+00 4.5362574E+01
5.7100000E+00 4.5951767E+01
5.7300000E+00 4.6447330E+01
5.7500000E+00 4.6865294E+01
5.7700000E+00 4.7218294E+01
5.7900000E+00 4.7516414E+01
5.8100000E+00 4.7767800E+01
5.8300000E+00 4.7979099E+01
5.8500000E+00 4.8155785E+01
5.8700000E+00 4.8302410E+01
5.8900000E+00 4.8422785E+01
5.9100000E+00 4.8520127E+01
5.9300000E+00 4.8597167E+01
5.9500000E+00 4.8656241E+01
5.9700000E+00 4.8699355E+01
5.9900000E+00 4.8728245E+01
6.0100000E+00 4.8744417E+01
6.0300000E+00 4.8749184E+01
6.0500000E+00 4.8743700E+01
6.0700000E+00 4.8728977E+01
6.0900000E+00 4.8705909E+01
6.1100000E+00 4.8675289E+01
6.1300000E+00 4.8637824E+01
6.1500000E+00 4.8594140E+01
6.1700000E+00 4.8544801E+01
6.1900000E+00 4.8490312E+01
6.2100000E+00 4.8431126E+01
6.2300000E+00 4.8367653E+01
6.2500000E+00 4.8300262E+01
6.2700000E+00 4.8229289E+01
6.2900000E+00 4.8155037E+01
6.3100000E+00 4.8077782E+01
6.3300000E+00 4.7997778E+01
6.3500000E+00 4.7915255E+01
6.3700000E+00 4.7830421E+01
6.3900000E+00 4.7743471E+01
6.4100000E+00 4.7654581E+01
6.4300000E+00 4.7563914E+01
6.4500000E+00 4.7471619E+01
6.4700000E+00 4.7377833E+01
6.4900000E+00 4.7282684E+01
6.5100000E+00 4.7186289E+01
6.5300000E+00 4.7088757E+01
6.5500000E+00 4.6990188E+01
6.5700000E+00 4.6890674E+01
6.5900000E+00 4.6790303E+01
6.6100000E+00 4.6689155E+01
6.6300000E+00 4.6587303E+01
6.6500000E+00 4.6484818E+01
6.6700000E+00 4.6381764E+01
6.6900000E+00 4.6278200E+01
6.7100000E+00 4.6174184E+01
6.7300000E+00 4.6069766E+01
6.7500000E+00 4.5964997E+01
6.7700000E+00 4.5859920E+01
6.7900000E+00 4.5754580E+01
6.8100000E+00 4.5649016E+01
6.8300000E+00 4.5543266E+01
6.8500000E+00 4.5437363E+01
6.8700000E+00 4.5331341E+01
6.8900000E+00 4.5225230E+01
6.9100000E+00 4.5119060E+01
6.9300000E+00 4.5012857E+01
6.9500000E+00 4.4906646E+01
6.9700000E+00 4.4800451E+01
6.9900000E+00 4.4694294E+01
7.0100000E+00 4.4588196E+01
7.0300000E+00 4.4482177E+01
7.0500000E+00 4.4376255E+01
7.0700000E+00 4.4270448E+01
7.0900000E+00 4.4164771E+01
7.1100000E+00 4.4059239E+01
7.1300000E+00 4.3953868E+01
7.1500000E+00 4.3848671E+01
7.1700000E+00 4.3743659E+01
7.1900000E+00 4.3638846E+01
7.2100000E+00 4.3534242E+01
7.2300000E+00 4.3429858E+01
7.2500000E+00 4.3325703E+01
7.2700000E+00 4.3221786E+01
7.2900000E+00 4.3118117E+01
7.3100000E+00 4.3014703E+01
7.3300000E+00 4.2911553E+01
7.3500000E+00 4.2808672E+01
7.3700000E+00 4.2706069E+01
7.3900000E+00 4.2603748E+01
7.4100000E+00 4.2501716E+01