3.4100000E+00 2.9944442E+01
3.4300000E+00 2.9769839E+01
3.4500000E+00 2.9597260E+01
3.4700000E+00 2.9426670E+01
3.4900000E+00 2.9258036E+01
3.5100000E+00 2.9091324E+01
3.5300000E+00 2.8926500E+01
3.5500000E+00 2.8763534E+01
3.5700000E+00 2.8602394E+01
3.5900000E+00 2.8443049E+01
3.6100000E+00 2.8285470E+01
3.6300000E+00 2.8129627E+01
3.6500000E+00 2.7975492E+01
3.6700000E+00 2.7823037E+01
3.6900000E+00 2.7672235E+01
3.7100000E+00 2.7523058E+01
3.7300000E+00 2.7375482E+01
3.7500000E+00 2.7229479E+01
3.7700000E+00 2.7085026E+01
3.7900000E+00 2.6942097E+01
3.8100000E+00 2.6800668E+01
3.8300000E+00 2.6660717E+01
3.8500000E+00 2.6522220E+01
3.8700000E+00 2.6385154E+01
3.8900000E+00 2.6249498E+01
3.9100000E+00 2.6115229E+01
3.9300000E+00 2.5982327E+01
3.9500000E+00 2.5850771E+01
3.9700000E+00 2.5720541E+01
3.9900000E+00 2.5591616E+01
4.0100000E+00 2.5463977E+01
4.0300000E+00 2.5337605E+01
4.0500000E+00 2.5212481E+01
4.0700000E+00 2.5088586E+01
4.0900000E+00 2.4965904E+01
4.1100000E+00 2.4844415E+01
4.1300000E+00 2.4724103E+01
4.1500000E+00 2.4604951E+01
4.1700000E+00 2.4486942E+01
4.1900000E+00 2.4370059E+01
4.2100000E+00 2.4254287E+01
4.2300000E+00 2.4139609E+01
4.2500000E+00 2.4026011E+01
4.2700000E+00 2.3913477E+01
4.2900000E+00 2.3801992E+01
4.3100000E+00 2.3691542E+01
4.3300000E+00 2.3582112E+01
4.3500000E+00 2.3473689E+01
4.3700000E+00 2.3366258E+01
4.3900000E+00 2.3259806E+01
4.4100000E+00 2.3154319E+01
4.4300000E+00 2.3049785E+01
4.4500000E+00 2.2946190E+01
4.4700000E+00 2.2843523E+01
4.4900000E+00 2.2741770E+01
4.5100000E+00 2.2640919E+01
4.5300000E+00 2.2540959E+01
4.5500000E+00 2.2441878E+01
4.5700000E+00 2.2343664E+01
4.5900000E+00 2.2246306E+01
4.6100000E+00 2.2149793E+01
4.6300000E+00 2.2054114E+01
4.6500000E+00 2.1959257E+01
4.6700000E+00 2.1865213E+01
4.6900000E+00 2.1771972E+01
4.7100000E+00 2.1679522E+01
4.7300000E+00 2.1587853E+01
4.7500000E+00 2.1496957E+01
4.7700000E+00 2.1406823E+01
4.7900000E+00 2.1317442E+01
4.8100000E+00 2.1228804E+01
4.8300000E+00 2.1140900E+01
4.8500000E+00 2.1053721E+01
4.8700000E+00 2.0967258E+01
4.8900000E+00 2.0881502E+01
4.9100000E+00 2.0796445E+01
4.9300000E+00 2.0712078E+01
4.9500000E+00 2.0628393E+01
4.9700000E+00 2.0545382E+01
4.9900000E+00 2.0463035E+01
5.0100000E+00 2.0381347E+01
5.0300000E+00 2.0300307E+01
5.0500000E+00 2.0219910E+01
5.0700000E+00 2.0140147E+01
5.0900000E+00 2.0061011E+01
5.1100000E+00 1.9982494E+01
5.1300000E+00 1.9904590E+01
5.1500000E+00 1.9827291E+01
5.1700000E+00 1.9750589E+01
5.1900000E+00 1.9674479E+01
5.2100000E+00 1.9598953E+01
5.2300000E+00 1.9524005E+01
5.2500000E+00 1.9449628E+01
5.2700000E+00 1.9375815E+01
5.2900000E+00 1.9302561E+01
5.3100000E+00 1.9229858E+01
5.3300000E+00 1.9157701E+01
5.3500000E+00 1.9086083E+01
5.3700000E+00 1.9014999E+01
5.3900000E+00 1.8944443E+01
5.4100000E+00 1.8874408E+01
5.4300000E+00 1.8804889E+01
5.4500000E+00 1.8735880E+01
5.4700000E+00 1.8667376E+01
5.4900000E+00 1.8599371E+01
5.5100000E+00 1.8531860E+01
5.5300000E+00 1.8464837E+01
5.5500000E+00 1.8398297E+01
5.5700000E+00 1.8332235E+01
5.5900000E+00 1.8266645E+01
5.6100000E+00 1.8201523E+01
5.6300000E+00 1.8136864E+01
5.6500000E+00 1.8072663E+01
5.6700000E+00 1.8008915E+01
5.6900000E+00 1.7945614E+01
5.7100000E+00 1.7882758E+01
5.7300000E+00 1.7820340E+01
5.7500000E+00 1.7758356E+01
5.7700000E+00 1.7696802E+01
5.7900000E+00 1.7635673E+01
5.8100000E+00 1.7574965E+01
5.8300000E+00 1.7514673E+01
5.8500000E+00 1.7454794E+01
5.8700000E+00 1.7395323E+01
5.8900000E+00 1.7336256E+01
5.9100000E+00 1.7277588E+01
5.9300000E+00 1.7219316E+01
5.9500000E+00 1.7161436E+01
5.9700000E+00 1.7103944E+01
5.9900000E+00 1.7046836E+01
6.0100000E+00 1.6990108E+01
6.0300000E+00 1.6933756E+01
6.0500000E+00 1.6877776E+01
6.0700000E+00 1.6822166E+01
6.0900000E+00 1.6766921E+01
6.1100000E+00 1.6712037E+01
6.1300000E+00 1.6657512E+01
6.1500000E+00 1.6603341E+01
6.1700000E+00 1.6549521E+01
6.1900000E+00 1.6496049E+01
6.2100000E+00 1.6442922E+01
6.2300000E+00 1.6390136E+01
6.2500000E+00 1.6337687E+01
6.2700000E+00 1.6285574E+01
6.2900000E+00 1.6233791E+01
6.3100000E+00 1.6182337E+01
6.3300000E+00 1.6131208E+01
6.3500000E+00 1.6080401E+01
6.3700000E+00 1.6029913E+01
6.3900000E+00 1.5979741E+01
6.4100000E+00 1.5929882E+01
6.4300000E+00 1.5880334E+01
6.4500000E+00 1.5831092E+01
6.4700000E+00 1.5782156E+01
6.4900000E+00 1.5733520E+01
6.5100000E+00 1.5685184E+01
6.5300000E+00 1.5637143E+01
6.5500000E+00 1.5589396E+01
6.5700000E+00 1.5541940E+01
6.5900000E+00 1.5494772E+01
6.6100000E+00 1.5447889E+01
6.6300000E+00 1.5401289E+01
6.6500000E+00 1.5354969E+01
6.6700000E+00 1.5308927E+01
6.6900000E+00 1.5263161E+01
6.7100000E+00 1.5217667E+01
6.7300000E+00 1.5172444E+01
6.7500000E+00 1.5127488E+01
6.7700000E+00 1.5082799E+01
6.7900000E+00 1.5038372E+01
6.8100000E+00 1.4994207E+01
6.8300000E+00 1.4950300E+01
6.8500000E+00 1.4906649E+01
6.8700000E+00 1.4863253E+01
6.8900000E+00 1.4820108E+01
6.9100000E+00 1.4777214E+01
6.9300000E+00 1.4734567E+01
6.9500000E+00 1.4692165E+01
6.9700000E+00 1.4650007E+01
6.9900000E+00 1.4608090E+01
7.0100000E+00 1.4566412E+01
7.0300000E+00 1.4524971E+01
7.0500000E+00 1.4483765E+01
7.0700000E+00 1.4442793E+01
7.0900000E+00 1.4402052E+01
7.1100000E+00 1.4361540E+01
7.1300000E+00 1.4321255E+01
7.1500000E+00 1.4281195E+01
7.1700000E+00 1.4241359E+01
7.1900000E+00 1.4201745E+01
7.2100000E+00 1.4162350E+01
7.2300000E+00 1.4123174E+01
7.2500000E+00 1.4084213E+01
7.2700000E+00 1.4045467E+01
7.2900000E+00 1.4006934E+01
7.3100000E+00 1.3968611E+01
7.3300000E+00 1.3930497E+01
7.3500000E+00 1.3892591E+01
7.3700000E+00 1.3854891E+01
7.3900000E+00 1.3817395E+01
7.4100000E+00 1.3780101E+01