3.4100000E+00 1.0014243E+01
3.4300000E+00 9.9561778E+00
3.4500000E+00 9.8987939E+00
3.4700000E+00 9.8420799E+00
3.4900000E+00 9.7860246E+00
3.5100000E+00 9.7306172E+00
3.5300000E+00 9.6758468E+00
3.5500000E+00 9.6217032E+00
3.5700000E+00 9.5681762E+00
3.5900000E+00 9.5152557E+00
3.6100000E+00 9.4629323E+00
3.6300000E+00 9.4111963E+00
3.6500000E+00 9.3600387E+00
3.6700000E+00 9.3094504E+00
3.6900000E+00 9.2594226E+00
3.7100000E+00 9.2099469E+00
3.7300000E+00 9.1610148E+00
3.7500000E+00 9.1126182E+00
3.7700000E+00 9.0647492E+00
3.7900000E+00 9.0174002E+00
3.8100000E+00 8.9705635E+00
3.8300000E+00 8.9242318E+00
3.8500000E+00 8.8783980E+00
3.8700000E+00 8.8330551E+00
3.8900000E+00 8.7881965E+00
3.9100000E+00 8.7438155E+00
3.9300000E+00 8.6999057E+00
3.9500000E+00 8.6564610E+00
3.9700000E+00 8.6134754E+00
3.9900000E+00 8.5709431E+00
4.0100000E+00 8.5288584E+00
4.0300000E+00 8.4872159E+00
4.0500000E+00 8.4460104E+00
4.0700000E+00 8.4052368E+00
4.0900000E+00 8.3648903E+00
4.1100000E+00 8.3249663E+00
4.1300000E+00 8.2854603E+00
4.1500000E+00 8.2463681E+00
4.1700000E+00 8.2076857E+00
4.1900000E+00 8.1694094E+00
4.2100000E+00 8.1315355E+00
4.2300000E+00 8.0940609E+00
4.2500000E+00 8.0569824E+00
4.2700000E+00 8.0202974E+00
4.2900000E+00 7.9840034E+00
4.3100000E+00 7.9480981E+00
4.3300000E+00 7.9125799E+00
4.3500000E+00 7.8774473E+00
4.3700000E+00 7.8426990E+00
4.3900000E+00 7.8083346E+00
4.4100000E+00 7.7743537E+00
4.4300000E+00 7.7407566E+00
4.4500000E+00 7.7075442E+00
4.4700000E+00 7.6747177E+00
4.4900000E+00 7.6422794E+00
4.5100000E+00 7.6102320E+00
4.5300000E+00 7.5785791E+00
4.5500000E+00 7.5473252E+00
4.5700000E+00 7.5164760E+00
4.5900000E+00 7.4860381E+00
4.6100000E+00 7.4560197E+00
4.6300000E+00 7.4264303E+00
4.6500000E+00 7.3972813E+00
4.6700000E+00 7.3685861E+00
4.6900000E+00 7.3403603E+00
4.7100000E+00 7.3126223E+00
4.7300000E+00 7.2853938E+00
4.7500000E+00 7.2586999E+00
4.7700000E+00 7.2325704E+00
4.7900000E+00 7.2070403E+00
4.8100000E+00 7.1821505E+00
4.8300000E+00 7.1579498E+00
4.8500000E+00 7.1344959E+00
4.8700000E+00 7.1118575E+00
4.8900000E+00 7.0901169E+00
4.9100000E+00 7.0693733E+00
4.9300000E+00 7.0497465E+00
4.9500000E+00 7.0313829E+00
4.9700000E+00 7.0144621E+00
4.9900000E+00 6.9992066E+00
5.0100000E+00 6.9858945E+00
5.0300000E+00 6.9748771E+00
5.0500000E+00 6.9666030E+00
5.0700000E+00 6.9616523E+00
5.0900000E+00 6.9607861E+00
5.1100000E+00 6.9650186E+00
5.1300000E+00 6.9757255E+00
5.1500000E+00 6.9948111E+00
5.1700000E+00 7.0249727E+00
5.1900000E+00 7.0701334E+00
5.2100000E+00 7.1361780E+00
5.2300000E+00 7.2322592E+00
5.2500000E+00 7.3732380E+00
5.2700000E+00 7.5845305E+00
5.2900000E+00 7.9124580E+00
5.3100000E+00 8.4483953E+00
5.3300000E+00 9.3914573E+00
5.3500000E+00 1.1232486E+01
5.3700000E+00 1.5349259E+01
5.3900000E+00 2.5367321E+01
5.4100000E+00 3.6717270E+01
5.4300000E+00 2.4327948E+01
5.4500000E+00 1.4341378E+01
5.4700000E+00 1.0370145E+01
5.4900000E+00 8.6256443E+00
5.5100000E+00 7.7365009E+00
5.5300000E+00 7.2264250E+00
5.5500000E+00 6.9059931E+00
5.5700000E+00 6.6897808E+00
5.5900000E+00 6.5351792E+00
5.6100000E+00 6.4191676E+00
5.6300000E+00 6.3284850E+00
5.6500000E+00 6.2550821E+00
5.6700000E+00 6.1938571E+00
5.6900000E+00 6.1414556E+00
5.7100000E+00 6.0956032E+00
5.7300000E+00 6.0547155E+00
5.7500000E+00 6.0176628E+00
5.7700000E+00 5.9836229E+00
5.7900000E+00 5.9519868E+00
5.8100000E+00 5.9222954E+00
5.8300000E+00 5.8941981E+00
5.8500000E+00 5.8674234E+00
5.8700000E+00 5.8417585E+00
5.8900000E+00 5.8170347E+00
5.9100000E+00 5.7931173E+00
5.9300000E+00 5.7698972E+00
5.9500000E+00 5.7472857E+00
5.9700000E+00 5.7252098E+00
5.9900000E+00 5.7036092E+00
6.0100000E+00 5.6824338E+00
6.0300000E+00 5.6616412E+00
6.0500000E+00 5.6411961E+00
6.0700000E+00 5.6210681E+00
6.0900000E+00 5.6012314E+00
6.1100000E+00 5.5816639E+00
6.1300000E+00 5.5623466E+00
6.1500000E+00 5.5432628E+00
6.1700000E+00 5.5243980E+00
6.1900000E+00 5.5057397E+00
6.2100000E+00 5.4872767E+00
6.2300000E+00 5.4689992E+00
6.2500000E+00 5.4508984E+00
6.2700000E+00 5.4329666E+00
6.2900000E+00 5.4151969E+00
6.3100000E+00 5.3975829E+00
6.3300000E+00 5.3801191E+00
6.3500000E+00 5.3628004E+00
6.3700000E+00 5.3456221E+00
6.3900000E+00 5.3285800E+00
6.4100000E+00 5.3116703E+00
6.4300000E+00 5.2948894E+00
6.4500000E+00 5.2782341E+00
6.4700000E+00 5.2617013E+00
6.4900000E+00 5.2452883E+00
6.5100000E+00 5.2289924E+00
6.5300000E+00 5.2128112E+00
6.5500000E+00 5.1967425E+00
6.5700000E+00 5.1807841E+00
6.5900000E+00 5.1649341E+00
6.6100000E+00 5.1491905E+00
6.6300000E+00 5.1335515E+00
6.6500000E+00 5.1180156E+00
6.6700000E+00 5.1025810E+00
6.6900000E+00 5.0872462E+00
6.7100000E+00 5.0720098E+00
6.7300000E+00 5.0568704E+00
6.7500000E+00 5.0418266E+00
6.7700000E+00 5.0268772E+00
6.7900000E+00 5.0120210E+00
6.8100000E+00 4.9972567E+00
6.8300000E+00 4.9825832E+00
6.8500000E+00 4.9679994E+00
6.8700000E+00 4.9535043E+00
6.8900000E+00 4.9390968E+00
6.9100000E+00 4.9247759E+00
6.9300000E+00 4.9105406E+00
6.9500000E+00 4.8963901E+00
6.9700000E+00 4.8823233E+00
6.9900000E+00 4.8683394E+00
7.0100000E+00 4.8544375E+00
7.0300000E+00 4.8406168E+00
7.0500000E+00 4.8268764E+00
7.0700000E+00 4.8132156E+00
7.0900000E+00 4.7996335E+00
7.1100000E+00 4.7861293E+00
7.1300000E+00 4.7727023E+00
7.1500000E+00 4.7593518E+00
7.1700000E+00 4.7460770E+00
7.1900000E+00 4.7328772E+00
7.2100000E+00 4.7197518E+00
7.2300000E+00 4.7066999E+00
7.2500000E+00 4.6937210E+00
7.2700000E+00 4.6808144E+00
7.2900000E+00 4.6679794E+00
7.3100000E+00 4.6552153E+00
7.3300000E+00 4.6425217E+00
7.3500000E+00 4.6298977E+00
7.3700000E+00 4.6173429E+00
7.3900000E+00 4.6048566E+00
7.4100000E+00 4.5924382E+00