 -1.9277651E+01  1.8955109E+02  0.0000000E+00
 -1.9092928E+01  1.8883028E+02  1.0000000E+00
 -1.8544647E+01  1.8668049E+02  2.0000000E+00
 -1.7650253E+01  1.8313930E+02  3.0000000E+00
 -1.6438118E+01  1.7826844E+02  4.0000000E+00
 -1.4946507E+01  1.7215227E+02  5.0000000E+00
 -1.3222201E+01  1.6489591E+02  6.0000000E+00
 -1.1318820E+01  1.5662279E+02  7.0000000E+00
 -9.2949196E+00  1.4747186E+02  8.0000000E+00
 -7.2119402E+00  1.3759443E+02  9.0000000E+00
 -5.1320853E+00  1.2715077E+02  1.0000000E+01
 -3.1162153E+00  1.1630659E+02  1.1000000E+01
 -1.2218380E+00  1.0522936E+02  1.2000000E+01
  4.9873136E-01  9.4084750E+01  1.3000000E+01
  1.9999724E+00  8.3033125E+01  1.4000000E+01
  3.2444705E+00  7.2226237E+01  1.5000000E+01
  4.2038949E+00  6.1804224E+01  1.6000000E+01
  4.8596187E+00  5.1892948E+01  1.7000000E+01
  5.2029703E+00  4.2601747E+01  1.8000000E+01
  5.2351208E+00  3.4021655E+01  1.9000000E+01
  4.9666291E+00  2.6224121E+01  2.0000000E+01
  4.4166757E+00  1.9260255E+01  2.1000000E+01
  3.6120326E+00  1.3160606E+01  2.2000000E+01
  2.5858194E+00  7.9354643E+00  2.3000000E+01
  1.3761076E+00  3.5756741E+00  2.4000000E+01
  2.4433468E-02  5.3912398E-02  2.5000000E+01
 -1.4257175E+00 -2.6736046E+00  2.6000000E+01
 -2.9303951E+00 -4.6650496E+00  2.7000000E+01
 -4.4465832E+00 -5.9906119E+00  2.8000000E+01
 -5.9334666E+00 -6.7298994E+00  2.9000000E+01
 -7.3535269E+00 -6.9691934E+00  3.0000000E+01
 -8.6734401E+00 -6.7986388E+00  3.1000000E+01
 -9.8647579E+00 -6.3094489E+00  3.2000000E+01
 -1.0904367E+01 -5.5912072E+00  3.3000000E+01
 -1.1774727E+01 -4.7293387E+00  3.4000000E+01
 -1.2463905E+01 -3.8028211E+00  3.5000000E+01
 -1.2965418E+01 -2.8821929E+00  3.6000000E+01
 -1.3277916E+01 -2.0279118E+00  3.7000000E+01
 -1.3404738E+01 -1.2890980E+00  3.8000000E+01
 -1.3353362E+01 -7.0269069E-01  3.9000000E+01
 -1.3134797E+01 -2.9302889E-01  4.0000000E+01
 -1.2762937E+01 -7.1857664E-02  4.1000000E+01
 -1.2253910E+01 -3.8745440E-02  4.2000000E+01
 -1.1625453E+01 -1.8188746E-01  4.3000000E+01
 -1.0896324E+01 -4.7925829E-01  4.4000000E+01
 -1.0085770E+01 -9.0006658E-01  4.5000000E+01
 -9.2130675E+00 -1.4064570E+00  4.6000000E+01
 -8.2971306E+00 -1.9553969E+00  4.7000000E+01
 -7.3561916E+00 -2.5006830E+00  4.8000000E+01
 -6.4075520E+00 -2.9949966E+00  4.9000000E+01
 -5.4673938E+00 -3.3919412E+00  5.0000000E+01
 -4.5506440E+00 -3.6479940E+00  5.1000000E+01
 -3.6708814E+00 -3.7243081E+00  5.2000000E+01
 -2.8402758E+00 -3.5883086E+00  5.3000000E+01
 -2.0695496E+00 -3.2150334E+00  5.4000000E+01
 -1.3679536E+00 -2.5881781E+00  5.5000000E+01
 -7.4324928E-01 -1.7008138E+00  5.6000000E+01
 -2.0169488E-01 -5.5576014E-01  5.7000000E+01
  2.5196866E-01  8.3439466E-01  5.8000000E+01
  6.1453140E-01  2.4476234E+00  5.9000000E+01
  8.8432630E-01  4.2531228E+00  6.0000000E+01
  1.0612360E+00  6.2122849E+00  6.1000000E+01
  1.1466907E+00  8.2799397E+00  6.2000000E+01
  1.1436521E+00  1.0405826E+01  6.3000000E+01
  1.0565795E+00  1.2536240E+01  6.4000000E+01
  8.9137402E-01  1.4615801E+01  6.5000000E+01
  6.5529704E-01  1.6589280E+01  6.6000000E+01
  3.5686296E-01  1.8403426E+01  6.7000000E+01
  5.7045419E-03  2.0008729E+01  6.8000000E+01
 -3.8758704E-01  2.1361067E+01  6.9000000E+01
 -8.1164488E-01  2.2423169E+01  7.0000000E+01
 -1.2545277E+00  2.3165867E+01  7.1000000E+01
 -1.7039346E+00  2.3569076E+01  7.2000000E+01
 -2.1474284E+00  2.3622484E+01  7.3000000E+01
 -2.5726602E+00  2.3325922E+01  7.4000000E+01
 -2.9675906E+00  2.2689410E+01  7.5000000E+01
 -3.3207017E+00  2.1732872E+01  7.6000000E+01
 -3.6211957E+00  2.0485529E+01  7.7000000E+01
 -3.8591752E+00  1.8984999E+01  7.8000000E+01
 -4.0258046E+00  1.7276126E+01  7.9000000E+01
 -4.1134493E+00  1.5409573E+01  8.0000000E+01
 -4.1157936E+00  1.3440241E+01  8.1000000E+01
 -4.0279366E+00  1.1425546E+01  8.2000000E+01
 -3.8464683E+00  9.4236228E+00  8.3000000E+01
 -3.5695257E+00  7.4915111E+00  8.4000000E+01
 -3.1968324E+00  5.6833769E+00  8.5000000E+01
 -2.7297207E+00  4.0488355E+00  8.6000000E+01
 -2.1711387E+00  2.6314233E+00  8.7000000E+01
 -1.5256422E+00  1.4672704E+00  8.8000000E+01
 -7.9936949E-01  5.8401587E-01  8.9000000E+01
 -1.9125208E-14 -1.3241645E-13  9.0000000E+01
  8.6330725E-01 -2.7624025E-01  9.1000000E+01
  1.7799965E+00 -2.4615746E-01  9.2000000E+01
  2.7382228E+00  7.8944208E-02  9.3000000E+01
  3.7249859E+00  6.7836569E-01  9.4000000E+01
  4.7262939E+00  1.5227733E+00  9.5000000E+01
  5.7273567E+00  2.5752371E+00  9.6000000E+01
  6.7128100E+00  3.7925130E+00  9.7000000E+01
  7.6669687E+00  5.1265266E+00  9.8000000E+01
  8.5741059E+00  6.5260095E+00  9.9000000E+01
  9.4187547E+00  7.9382349E+00  1.0000000E+02
  1.0186024E+01  9.3107945E+00  1.0100000E+02
  1.0861924E+01  1.0593359E+01  1.0200000E+02
  1.1433686E+01  1.1739363E+01  1.0300000E+02
  1.1890075E+01  1.2707561E+01  1.0400000E+02
  1.2221677E+01  1.3463400E+01  1.0500000E+02
  1.2421150E+01  1.3980166E+01  1.0600000E+02
  1.2483442E+01  1.4239859E+01  1.0700000E+02
  1.2405939E+01  1.4233784E+01  1.0800000E+02
  1.2188572E+01  1.3962812E+01  1.0900000E+02
  1.1833841E+01  1.3437326E+01  1.1000000E+02
  1.1346783E+01  1.2676840E+01  1.1100000E+02
  1.0734863E+01  1.1709302E+01  1.1200000E+02
  1.0007801E+01  1.0570109E+01  1.1300000E+02
  9.1773355E+00  9.3008647E+00  1.1400000E+02
  8.2569348E+00  7.9479174E+00  1.1500000E+02
  7.2614596E+00  6.5607250E+00  1.1600000E+02
  6.2067950E+00  5.1901084E+00  1.1700000E+02
  5.1094605E+00  3.8864445E+00  1.1800000E+02
  3.9862125E+00  2.6978630E+00  1.1900000E+02
  2.8536532E+00  1.6685066E+00  1.2000000E+02
  1.7278576E+00  8.3691612E-01  1.2100000E+02
  6.2403180E-01  2.3459422E-01  1.2200000E+02
 -4.4378891E-01 -1.1519872E-01  1.2300000E+02
 -1.4629919E+00 -1.9837477E-01  1.2400000E+02
 -2.4225850E+00 -1.0638272E-02  1.2500000E+02
 -3.3133353E+00  4.4223010E-01  1.2600000E+02
 -4.1278485E+00  1.1444399E+00  1.2700000E+02
 -4.8605897E+00  2.0706117E+00  1.2800000E+02
 -5.5078488E+00  3.1865448E+00  1.2900000E+02
 -6.0676556E+00  4.4503119E+00  1.3000000E+02
 -6.5396517E+00  5.8136507E+00  1.3100000E+02
 -6.9249248E+00  7.2236126E+00  1.3200000E+02
 -7.2258160E+00  8.6244190E+00  1.3300000E+02
 -7.4457058E+00  9.9594677E+00  1.3400000E+02
 -7.5887892E+00  1.1173427E+01  1.3500000E+02
 -7.6598453E+00  1.2214354E+01  1.3600000E+02
 -7.6640094E+00  1.3035759E+01  1.3700000E+02
 -7.6065539E+00  1.3598560E+01  1.3800000E+02
 -7.4926815E+00  1.3872857E+01  1.3900000E+02
 -7.3273367E+00  1.3839452E+01  1.4000000E+02
 -7.1150371E+00  1.3491084E+01  1.4100000E+02
 -6.8597285E+00  1.2833307E+01  1.4200000E+02
 -6.5646642E+00  1.1884989E+01  1.4300000E+02
 -6.2323119E+00  1.0678402E+01  1.4400000E+02
 -5.8642874E+00  9.2588876E+00  1.4500000E+02
 -5.4613174E+00  7.6840915E+00  1.4600000E+02
 -5.0232322E+00  6.0227917E+00  1.4700000E+02
 -4.5489888E+00  4.3533311E+00  1.4800000E+02
 -4.0367254E+00  2.7616969E+00  1.4900000E+02
 -3.4838469E+00  1.3392938E+00  1.5000000E+02
 -2.8871426E+00  1.8046869E-01  1.5100000E+02
 -2.2429347E+00 -6.2014738E-01  1.5200000E+02
 -1.5472556E+00 -9.7040677E-01  1.5300000E+02
 -7.9605294E-01 -7.8344397E-01  1.5400000E+02
  1.4583198E-02  1.9573938E-02  1.5500000E+02
  8.8817410E-01  1.5068258E+00  1.5600000E+02
  1.8275952E+00  3.7334217E+00  1.5700000E+02
  2.8348148E+00  6.7392693E+00  1.5800000E+02
  3.9106375E+00  1.0547287E+01  1.5900000E+02
  5.0544622E+00  1.5162023E+01  1.6000000E+02
  6.2640663E+00  2.0568729E+01  1.6100000E+02
  7.5354239E+00  2.6732918E+01  1.6200000E+02
  8.8625706E+00  3.3600442E+01  1.6300000E+02
  1.0237524E+01  4.1098081E+01  1.6400000E+02
  1.1650265E+01  4.9134648E+01  1.6500000E+02
  1.3088792E+01  5.7602591E+01  1.6600000E+02
  1.4539240E+01  6.6380051E+01  1.6700000E+02
  1.5986082E+01  7.5333332E+01  1.6800000E+02
  1.7412394E+01  8.4319723E+01  1.6900000E+02
  1.8800191E+01  9.3190602E+01  1.7000000E+02
  2.0130811E+01  1.0179475E+02  1.7100000E+02
  2.1385358E+01  1.0998177E+02  1.7200000E+02
  2.2545165E+01  1.1760556E+02  1.7300000E+02
  2.3592280E+01  1.2452771E+02  1.7400000E+02
  2.4509946E+01  1.3062075E+02  1.7500000E+02
  2.5283071E+01  1.3577118E+02  1.7600000E+02
  2.5898654E+01  1.3988215E+02  1.7700000E+02
  2.6346160E+01  1.4287583E+02  1.7800000E+02
  2.6617833E+01  1.4469522E+02  1.7900000E+02
  2.6708924E+01  1.4530558E+02  1.8000000E+02
 
