  0.0000000E+00  3.6838284E+00
  1.0000000E+00  3.6815593E+00
  2.0000000E+00  3.6747609E+00
  3.0000000E+00  3.6634597E+00
  4.0000000E+00  3.6476993E+00
  5.0000000E+00  3.6275405E+00
  6.0000000E+00  3.6030600E+00
  7.0000000E+00  3.5743503E+00
  8.0000000E+00  3.5415181E+00
  9.0000000E+00  3.5046838E+00
  1.0000000E+01  3.4639801E+00
  1.1000000E+01  3.4195511E+00
  1.2000000E+01  3.3715506E+00
  1.3000000E+01  3.3201412E+00
  1.4000000E+01  3.2654932E+00
  1.5000000E+01  3.2077827E+00
  1.6000000E+01  3.1471915E+00
  1.7000000E+01  3.0839050E+00
  1.8000000E+01  3.0181120E+00
  1.9000000E+01  2.9500035E+00
  2.0000000E+01  2.8797722E+00
  2.1000000E+01  2.8076118E+00
  2.2000000E+01  2.7337168E+00
  2.3000000E+01  2.6582823E+00
  2.4000000E+01  2.5815038E+00
  2.5000000E+01  2.5035779E+00
  2.6000000E+01  2.4247024E+00
  2.7000000E+01  2.3450769E+00
  2.8000000E+01  2.2649037E+00
  2.9000000E+01  2.1843888E+00
  3.0000000E+01  2.1037430E+00
  3.1000000E+01 -4.9427060E-01
  3.2000000E+01 -5.1468558E-01
  3.3000000E+01 -5.3670309E-01
  3.4000000E+01 -5.6044154E-01
  3.5000000E+01 -5.8601976E-01
  3.6000000E+01 -6.1355264E-01
  3.7000000E+01 -6.4314485E-01
  3.8000000E+01 -6.7488238E-01
  3.9000000E+01 -7.0882107E-01
  4.0000000E+01 -7.4497167E-01
  4.1000000E+01 -7.8328051E-01
  4.2000000E+01 -8.2360470E-01
  4.3000000E+01 -8.6568060E-01
  4.4000000E+01 -9.0908356E-01
  4.5000000E+01 -9.5317597E-01
  4.6000000E+01 -9.9703913E-01
  4.7000000E+01 -1.0393820E+00
  4.8000000E+01 -1.0784163E+00
  4.9000000E+01 -1.1116817E+00
  5.0000000E+01 -1.1358006E+00
  5.1000000E+01 -1.1461335E+00
  5.2000000E+01 -1.1363217E+00
  5.3000000E+01 -1.0977740E+00
  5.4000000E+01 -1.0194754E+00
  5.5000000E+01 -8.8961207E-01
  5.6000000E+01 -7.0340413E-01
  5.7000000E+01 -4.8191405E-01
  5.8000000E+01 -2.7859565E-01
  5.9000000E+01 -1.3265069E-01
  6.0000000E+01 -4.0654865E-02
  6.1000000E+01  1.5450646E-02
  6.2000000E+01  4.9706624E-02
  6.3000000E+01  7.0621428E-02
  6.4000000E+01  8.3165813E-02
  6.5000000E+01  9.0305179E-02
  6.6000000E+01  9.3871011E-02
  6.7000000E+01  9.5034933E-02
  6.8000000E+01  9.4570703E-02
  6.9000000E+01  9.3003771E-02
  7.0000000E+01  9.0699734E-02
  7.1000000E+01 -1.1374173E+01
  7.2000000E+01 -1.1785732E+01
  7.3000000E+01 -1.2250637E+01
  7.4000000E+01 -1.2761103E+01
  7.5000000E+01 -1.3309801E+01
  7.6000000E+01 -1.3888986E+01
  7.7000000E+01 -1.4489794E+01
  7.8000000E+01 -1.5101647E+01
  7.9000000E+01 -1.5711770E+01
  8.0000000E+01 -1.6304839E+01
  8.1000000E+01 -1.6862839E+01
  8.2000000E+01 -1.7365221E+01
  8.3000000E+01 -1.7789451E+01
  8.4000000E+01 -1.8112037E+01
  8.5000000E+01 -1.8310047E+01
  8.6000000E+01 -1.8363046E+01
  8.7000000E+01 -1.8255238E+01
  8.8000000E+01 -1.7977490E+01
  8.9000000E+01 -1.7528841E+01
  9.0000000E+01 -1.6917157E+01
  9.1000000E+01 -1.6158706E+01
  9.2000000E+01 -1.5276706E+01
  9.3000000E+01 -1.4299100E+01
  9.4000000E+01 -1.3255967E+01
  9.5000000E+01 -1.2177029E+01
  9.6000000E+01 -1.1089613E+01
  9.7000000E+01 -1.0017254E+01
  9.8000000E+01 -8.9789906E+00
  9.9000000E+01 -7.9892536E+00
  1.0000000E+02 -7.0581925E+00
  1.0100000E+02 -6.1922772E+00
  1.0200000E+02 -5.3950255E+00
  1.0300000E+02 -4.6677497E+00
  1.0400000E+02 -4.0102515E+00
  1.0500000E+02 -3.4214209E+00
  1.0600000E+02 -2.8996999E+00
  1.0700000E+02 -2.4433595E+00
  1.0800000E+02 -2.0505146E+00
  1.0900000E+02 -1.7188068E+00
  1.1000000E+02  6.9213415E-01
  1.1100000E+02  8.1736108E-01
  1.1200000E+02  9.5421420E-01
  1.1300000E+02  1.0981350E+00
  1.1400000E+02  1.2443089E+00
  1.1500000E+02  1.3885245E+00
  1.1600000E+02  1.5275780E+00
  1.1700000E+02  1.6592905E+00
  1.1800000E+02  1.7823334E+00
  1.1900000E+02  1.8960068E+00
  1.2000000E+02  2.0000422E+00
  1.2100000E+02  2.0944501E+00
  1.2200000E+02  2.1794100E+00
  1.2300000E+02  2.2551939E+00
  1.2400000E+02  2.3221155E+00
  1.2500000E+02  2.3804952E+00
  1.2600000E+02  2.4306381E+00
  1.2700000E+02  2.4728189E+00
  1.2800000E+02  2.5072723E+00
  1.2900000E+02  2.5341870E+00
  1.3000000E+02  2.5537012E+00
  1.3100000E+02  2.5659001E+00
  1.3200000E+02  2.5708135E+00
  1.3300000E+02  2.5684141E+00
  1.3400000E+02  2.5586157E+00
  1.3500000E+02  2.5412716E+00
  1.3600000E+02  2.5161725E+00
  1.3700000E+02  2.4830453E+00
  1.3800000E+02  2.4415512E+00
  1.3900000E+02  2.3912859E+00
  1.4000000E+02  2.3317806E+00
  1.4100000E+02  2.2625071E+00
  1.4200000E+02  2.1828887E+00
  1.4300000E+02  2.0923216E+00
  1.4400000E+02  1.9902129E+00
  1.4500000E+02  1.8760489E+00
  1.4600000E+02  1.7495084E+00
  1.4700000E+02  1.6106493E+00
  1.4800000E+02  1.4602006E+00
  1.4900000E+02  1.2999831E+00
  1.5000000E+02 -8.8228465E-01
  1.5100000E+02 -1.0352679E+00
  1.5200000E+02 -1.2426794E+00
  1.5300000E+02 -1.5212608E+00
  1.5400000E+02 -1.8883480E+00
  1.5500000E+02 -2.3610718E+00
  1.5600000E+02 -2.9577972E+00
  1.5700000E+02 -3.7014817E+00
  1.5800000E+02 -4.6240040E+00
  1.5900000E+02 -5.7715186E+00
  1.6000000E+02 -7.2122052E+00
  1.6100000E+02 -9.0491706E+00
  1.6200000E+02 -1.1443881E+01
  1.6300000E+02 -1.4661983E+01
  1.6400000E+02 -1.9171070E+01
  1.6500000E+02 -2.5874687E+01
  1.6600000E+02 -3.6770599E+01
  1.6700000E+02 -5.7318196E+01
  1.6800000E+02 -1.0963946E+02
  1.6900000E+02 -5.0023606E+02
  1.7000000E+02  2.4433873E+02
  1.7100000E+02  1.0760790E+02
  1.7200000E+02  7.2924298E+01
  1.7300000E+02  5.7335360E+01
  1.7400000E+02  4.8662975E+01
  1.7500000E+02  4.3300376E+01
  1.7600000E+02  3.9807343E+01
  1.7700000E+02  3.7504353E+01
  1.7800000E+02  3.6038818E+01
  1.7900000E+02  3.5221771E+01
  1.8000000E+02  3.4958984E+01
 
