0.1000000   875.234
0.1100000   875.234
0.1200000   875.234
0.1300000   875.234
0.1400000   875.234
0.1500000   875.234
0.1600000   875.234
0.1700000   875.234
0.1800000   875.234
0.1900000   875.234
0.2000000   875.234
0.2100000   875.234
0.2200000   875.234
0.2300000   875.234
0.2400000   875.234
0.2500000   875.234
0.2600000   875.234
0.2700000   875.234
0.2800000   875.234
0.2900000   875.234
0.3000000   875.234
0.3100000   875.234
0.3200000   875.234
0.3300000   875.234
0.3400000   875.234
0.3500000   875.234
0.3600000   875.234
0.3700000   875.234
0.3800000   875.234
0.3900000   875.234
0.4000000   875.234
0.4100000   875.234
0.4200000   875.234
0.4300000   875.234
0.4400000   875.234
0.4500000   875.234
0.4600000   875.234
0.4700000   875.234
0.4800000   875.234
0.4900000   875.234
0.5000000   875.234
0.5100000   875.234
0.5200000   875.234
0.5300000   875.234
0.5400000   875.234
0.5500000   875.234
0.5600000   875.234
0.5700000   875.234
0.5800000   875.234
0.5900000   875.234
0.6000000   875.234
0.6100000   875.234
0.6200000   875.234
0.6300000   875.234
0.6400000   875.234
0.6500000   875.234
0.6600000   875.234
0.6700000   875.234
0.6800000   875.234
0.6900000   875.234
0.7000000   875.234
0.7100000   875.234
0.7200000   875.234
0.7300000   875.234
0.7400000   875.234
0.7500000   875.234
0.7600000   875.234
0.7700000   875.234
0.7800000   875.234
0.7900000   875.234
0.8000000   875.234
0.8100000   875.234
0.8200000   875.234
0.8300000   875.234
0.8400000   875.234
0.8500000   875.234
0.8600000   875.234
0.8700000   875.234
0.8800000   875.234
0.8900000   875.234
0.9000000   875.234
0.9100000   875.234
0.9200000   875.234
0.9300000   875.234
0.9400000   875.234
0.9500000   875.234
0.9600000   875.234
0.9700000   875.234
0.9800000   875.234
0.9900000   875.234
1.0000000   875.234
1.0100000   875.234
1.0200000   875.234
1.0300000   875.234
1.0400000   875.234
1.0500000   875.234
1.0600000   875.234
1.0700000   875.234
1.0800000   875.234
1.0900000   875.234
1.1000000   875.234
1.1100000   875.234
1.1200000   875.234
1.1300000   875.234
1.1400000   875.234
1.1500000   875.234
1.1600000   875.234
1.1700000   875.234
1.1800000   875.234
1.1900000   875.234
1.2000000   875.234
1.2100000   875.234
1.2200000   875.234
1.2300000   875.234
1.2400000   875.234
1.2500000   875.234
1.2600000   875.234
1.2700000   875.234
1.2800000   875.234
1.2900000   875.234
1.3000000   875.234
1.3100000   875.234
1.3200000   875.234
1.3300000   875.234
1.3400000   875.234
1.3500000   875.234
1.3600000   875.234
1.3700000   875.234
1.3800000   875.234
1.3900000   875.234
1.4000000   875.234
1.4100000   875.234
1.4200000   875.234
1.4300000   875.234
1.4400000   875.234
1.4500000   875.234
1.4600000   875.234
1.4700000   875.234
1.4800000   875.234
1.4900000   875.234
1.5000000   875.234
1.5100000   875.234
1.5200000   875.234
1.5300000   875.234
1.5400000   875.234
1.5500000   875.234
1.5600000   875.234
1.5700000   875.234
1.5800000   875.234
1.5900000   875.234
1.6000000   875.234
1.6100000   875.234
1.6200000   875.234
1.6300000   875.234
1.6400000   875.234
1.6500000   875.234
1.6600000   875.234
1.6700000   875.234
1.6800000   875.234
1.6900000   875.234
1.7000000   875.234
1.7100000   875.234
1.7200000   875.234
1.7300000   875.234
1.7400000   875.234
1.7500000   875.234
1.7600000   875.234
1.7700000   875.234
1.7800000   875.234
1.7900000   875.234
1.8000000   875.234
1.8100000   875.234
1.8200000   875.234
1.8300000   875.234
1.8400000   875.234
1.8500000   875.234
1.8600000   875.234
1.8700000   875.234
1.8800000   875.234
1.8900000   875.234
1.9000000   875.234
1.9100000   875.234
1.9200000   875.234
1.9300000   875.234
1.9400000   875.234
1.9500000   875.234
1.9600000   875.234
1.9700000   875.234
1.9800000   875.234
1.9900000   875.234
2.0000000   875.234
2.0100000   875.234
2.0200000   875.234
2.0300000   875.234
2.0400000   875.234
2.0500000   875.234
2.0600000   875.234
2.0700000   875.234
2.0800000   875.234
2.0900000   875.234
2.1000000   875.234
2.1100000   875.234
2.1200000   875.234
2.1300000   875.234
2.1400000   875.234
2.1500000   875.234
2.1600000   875.234
2.1700000   875.234
2.1800000   875.234
2.1900000   875.234
2.2000000   875.234
2.2100000   875.234
2.2200000   875.234
2.2300000   875.234
2.2400000   875.234
2.2500000   875.234
2.2600000   875.234
2.2700000   875.234
2.2800000   875.234
2.2900000   875.234
2.3000000   875.234
2.3100000   875.234
2.3200000   875.234
2.3300000   875.234
2.3400000   875.234
2.3500000   875.234
2.3600000   875.234
2.3700000   875.234
2.3800000   875.234
2.3900000   875.234
2.4000000   875.234
2.4100000   875.234
2.4200000   875.234
2.4300000   875.234
2.4400000   875.234
2.4500000   875.234
2.4600000   875.234
2.4700000   875.234
2.4800000   875.234
2.4900000   875.234
2.5000000   875.234
2.5100000   834.19
2.5200000   795.22
2.5300000   758.211
2.5400000   723.059
2.5500000   689.663
2.5600000   657.929
2.5700000   627.768
2.5800000   599.097
2.5900000   571.837
2.6000000   545.913
2.6100000   521.256
2.6200000   497.799
2.6300000   475.478
2.6400000   454.236
2.6500000   434.017
2.6600000   414.767
2.6700000   396.436
2.6800000   378.979
2.6900000   362.349
2.7000000   346.505
2.7100000   331.408
2.7200000   317.019
2.7300000   303.303
2.7400000   290.226
2.7500000   277.756
2.7600000   265.863
2.7700000   254.519
2.7800000   243.696
2.7900000   233.368
2.8000000   223.512
2.8100000   214.104
2.8200000   205.122
2.8300000   196.546
2.8400000   188.355
2.8500000   180.533
2.8600000   173.06
2.8700000   165.919
2.8800000   159.096
2.8900000   152.575
2.9000000   146.342
2.9100000   140.382
2.9200000   134.684
2.9300000   129.235
2.9400000   124.023
2.9500000   119.037
2.9600000   114.266
2.9700000   109.701
2.9800000   105.333
2.9900000   101.151
3.0000000   97.1484
3.0100000   93.3158
3.0200000   89.6457
3.0300000   86.1309
3.0400000   82.7643
3.0500000   79.5391
3.0600000   76.449
3.0700000   73.488
3.0800000   70.6502
3.0900000   67.9302
3.1000000   65.3227
3.1100000   62.8228
3.1200000   60.4257
3.1300000   58.1268
3.1400000   55.9219
3.1500000   53.8068
3.1600000   51.7777
3.1700000   49.8307
3.1800000   47.9624
3.1900000   46.1692
3.2000000   44.448
3.2100000   42.7958
3.2200000   41.2094
3.2300000   39.6861
3.2400000   38.2233
3.2500000   36.8183
3.2600000   35.4688
3.2700000   34.1723
3.2800000   32.9266
3.2900000   31.7296
3.3000000   30.5793
3.3100000   29.4737
3.3200000   28.411
3.3300000   27.3893
3.3400000   26.407
3.3500000   25.4625
3.3600000   24.5541
3.3700000   23.6805
3.3800000   22.8402
3.3900000   22.0318
3.4000000   21.254
3.4100000   20.5057
3.4200000   19.7855
3.4300000   19.0925
3.4400000   18.4254
3.4500000   17.7832
3.4600000   17.165
3.4700000   16.5698
3.4800000   15.9966
3.4900000   15.4447
3.5000000   14.9131
3.5100000   14.4011
3.5200000   13.9078
3.5300000   13.4326
3.5400000   12.9748
3.5500000   12.5336
3.5600000   12.1084
3.5700000   11.6987
3.5800000   11.3037
3.5900000   10.923
3.6000000   10.5559
3.6100000   10.202
3.6200000   9.8608
3.6300000   9.53174
3.6400000   9.21438
3.6500000   8.90828
3.6600000   8.61302
3.6700000   8.32819
3.6800000   8.05338
3.6900000   7.78824
3.7000000   7.53238
3.7100000   7.28547
3.7200000   7.04718
3.7300000   6.81717
3.7400000   6.59515
3.7500000   6.38081
3.7600000   6.17388
3.7700000   5.97408
3.7800000   5.78115
3.7900000   5.59484
3.8000000   5.4149
3.8100000   5.2411
3.8200000   5.07322
3.8300000   4.91105
3.8400000   4.75437
3.8500000   4.60299
3.8600000   4.45672
3.8700000   4.31537
3.8800000   4.17877
3.8900000   4.04675
3.9000000   3.91914
3.9100000   3.79579
3.9200000   3.67655
3.9300000   3.56127
3.9400000   3.4498
3.9500000   3.34202
3.9600000   3.2378
3.9700000   3.13701
3.9800000   3.03953
3.9900000   2.94525
4.0000000   2.85405
4.0100000   2.76582
4.0200000   2.68047
4.0300000   2.59789
4.0400000   2.51799
4.0500000   2.44068
4.0600000   2.36586
4.0700000   2.29345
4.0800000   2.22338
4.0900000   2.15555
4.1000000   2.08989
4.1100000   2.02633
4.1200000   1.9648
4.1300000   1.90523
4.1400000   1.84755
4.1500000   1.7917
4.1600000   1.73762
4.1700000   1.68524
4.1800000   1.63452
4.1900000   1.58539
4.2000000   1.5378
4.2100000   1.49171
4.2200000   1.44706
4.2300000   1.4038
4.2400000   1.36188
4.2500000   1.32127
4.2600000   1.28193
4.2700000   1.2438
4.2800000   1.20685
4.2900000   1.17104
4.3000000   1.13633
4.3100000   1.10269
4.3200000   1.07008
4.3300000   1.03848
4.3400000   1.00783
4.3500000   0.978129
4.3600000   0.94933
4.3700000   0.921406
4.3800000   0.894331
4.3900000   0.868076
4.4000000   0.842616
4.4100000   0.817926
4.4200000   0.79398
4.4300000   0.770755
4.4400000   0.748229
4.4500000   0.726379
4.4600000   0.705183
4.4700000   0.684622
4.4800000   0.664675
4.4900000   0.645322
4.5000000   0.626546
4.5100000   0.608328
4.5200000   0.590651
4.5300000   0.573497
4.5400000   0.556851
4.5500000   0.540697
4.5600000   0.525019
4.5700000   0.509803
4.5800000   0.495035
4.5900000   0.4807
4.6000000   0.466786
4.6100000   0.453279
4.6200000   0.440167
4.6300000   0.427437
4.6400000   0.415079
4.6500000   0.403081
4.6600000   0.391432
4.6700000   0.38012
4.6800000   0.369137
4.6900000   0.358472
4.7000000   0.348116
4.7100000   0.338058
4.7200000   0.328291
4.7300000   0.318805
4.7400000   0.309592
4.7500000   0.300643
4.7600000   0.291952
4.7700000   0.283509
4.7800000   0.275309
4.7900000   0.267342
4.8000000   0.259604
4.8100000   0.252086
4.8200000   0.244783
4.8300000   0.237687
4.8400000   0.230793
4.8500000   0.224095
4.8600000   0.217587
4.8700000   0.211264
4.8800000   0.205119
4.8900000   0.199149
4.9000000   0.193347
4.9100000   0.187709
4.9200000   0.18223
4.9300000   0.176905
4.9400000   0.17173
4.9500000   0.166701
4.9600000   0.161813
4.9700000   0.157062
4.9800000   0.152445
4.9900000   0.147957
5.0000000   0.143595
5.0100000   0.139354
5.0200000   0.135233
5.0300000   0.131226
5.0400000   0.127332
5.0500000   0.123546
5.0600000   0.119865
5.0700000   0.116288
5.0800000   0.112809
5.0900000   0.109428
5.1000000   0.106141
5.1100000   0.102945
5.1200000   0.0998376
5.1300000   0.0968167
5.1400000   0.0938796
5.1500000   0.091024
5.1600000   0.0882476
5.1700000   0.0855481
5.1800000   0.0829234
5.1900000   0.0803714
5.2000000   0.07789
5.2100000   0.0754773
5.2200000   0.0731314
5.2300000   0.0708503
5.2400000   0.0686322
5.2500000   0.0664755
5.2600000   0.0643784
5.2700000   0.0623393
5.2800000   0.0603564
5.2900000   0.0584284
5.3000000   0.0565536
5.3100000   0.0547306
5.3200000   0.0529579
5.3300000   0.0512342
5.3400000   0.0495581
5.3500000   0.0479283
5.3600000   0.0463435
5.3700000   0.0448025
5.3800000   0.043304
5.3900000   0.041847
5.4000000   0.0404303
5.4100000   0.0390527
5.4200000   0.0377133
5.4300000   0.0364109
5.4400000   0.0351445
5.4500000   0.0339132
5.4600000   0.032716
5.4700000   0.031552
5.4800000   0.0304203
5.4900000   0.0293199
5.5000000   0.0282501
5.5100000   0.0272101
5.5200000   0.0261989
5.5300000   0.0252159
5.5400000   0.0242602
5.5500000   0.0233311
5.5600000   0.022428
5.5700000   0.0215501
5.5800000   0.0206967
5.5900000   0.0198671
5.6000000   0.0190608
5.6100000   0.0182771
5.6200000   0.0175153
5.6300000   0.016775
5.6400000   0.0160555
5.6500000   0.0153562
5.6600000   0.0146767
5.6700000   0.0140163
5.6800000   0.0133746
5.6900000   0.0127511
5.7000000   0.0121453
5.7100000   0.0115567
5.7200000   0.0109849
5.7300000   0.0104293
5.7400000   0.0098896
5.7500000   0.0093654
5.7600000   0.0088562
5.7700000   0.0083617
5.7800000   0.0078813
5.7900000   0.0074149
5.8000000   0.0069619
5.8100000   0.0065221
5.8200000   0.006095
5.8300000   0.0056804
5.8400000   0.0052779
5.8500000   0.0048872
5.8600000   0.004508
5.8700000   0.0041399
5.8800000   0.0037827
5.8900000   0.0034361
5.9000000   0.0030998
5.9100000   0.0027735
5.9200000   0.0024569
5.9300000   0.0021499
5.9400000   0.0018521
5.9500000   0.0015634
5.9600000   0.0012834
5.9700000   0.0010119
5.9800000   0.0007487
5.9900000   0.0004936
6.0000000   0.0002464
6.0100000   6.8e-06
6.0200000   -0.0002253
6.0300000   -0.0004502
6.0400000   -0.000668
6.0500000   -0.0008789
6.0600000   -0.0010832
6.0700000   -0.0012809
6.0800000   -0.0014723
6.0900000   -0.0016575
6.1000000   -0.0018367
6.1100000   -0.00201
6.1200000   -0.0021777
6.1300000   -0.0023398
6.1400000   -0.0024966
6.1500000   -0.0026481
6.1600000   -0.0027945
6.1700000   -0.0029359
6.1800000   -0.0030725
6.1900000   -0.0032044
6.2000000   -0.0033317
6.2100000   -0.0034545
6.2200000   -0.003573
6.2300000   -0.0036873
6.2400000   -0.0037975
6.2500000   -0.0039037
6.2600000   -0.004006
6.2700000   -0.0041045
6.2800000   -0.0041993
6.2900000   -0.0042906
6.3000000   -0.0043784
6.3100000   -0.0044627
6.3200000   -0.0045438
6.3300000   -0.0046217
6.3400000   -0.0046964
6.3500000   -0.0047682
6.3600000   -0.0048369
6.3700000   -0.0049028
6.3800000   -0.0049659
6.3900000   -0.0050263
6.4000000   -0.005084
6.4100000   -0.0051392
6.4200000   -0.0051919
6.4300000   -0.0052421
6.4400000   -0.00529
6.4500000   -0.0053356
6.4600000   -0.0053789
6.4700000   -0.0054201
6.4800000   -0.0054592
6.4900000   -0.0054962
6.5000000   -0.0055312
6.5100000   -0.0055643
6.5200000   -0.0055955
6.5300000   -0.0056249
6.5400000   -0.0056525
6.5500000   -0.0056783
6.5600000   -0.0057025
6.5700000   -0.0057251
6.5800000   -0.005746
6.5900000   -0.0057655
6.6000000   -0.0057834
6.6100000   -0.0057999
6.6200000   -0.005815
6.6300000   -0.0058287
6.6400000   -0.0058411
6.6500000   -0.0058521
6.6600000   -0.005862
6.6700000   -0.0058706
6.6800000   -0.0058781
6.6900000   -0.0058844
6.7000000   -0.0058895
6.7100000   -0.0058937
6.7200000   -0.0058967
6.7300000   -0.0058988
6.7400000   -0.0058999
6.7500000   -0.0059
6.7600000   -0.0058992
6.7700000   -0.0058975
6.7800000   -0.0058949
6.7900000   -0.0058915
6.8000000   -0.0058873
6.8100000   -0.0058823
6.8200000   -0.0058766
6.8300000   -0.0058701
6.8400000   -0.0058628
6.8500000   -0.0058549
6.8600000   -0.0058464
6.8700000   -0.0058371
6.8800000   -0.0058273
6.8900000   -0.0058168
6.9000000   -0.0058058
6.9100000   -0.0057942
6.9200000   -0.005782
6.9300000   -0.0057693
6.9400000   -0.0057561
6.9500000   -0.0057424
6.9600000   -0.0057283
6.9700000   -0.0057136
6.9800000   -0.0056986
6.9900000   -0.0056831
7.0000000   -0.0056672
7.0100000   -0.0056509
7.0200000   -0.0056342
7.0300000   -0.0056172
7.0400000   -0.0055998
7.0500000   -0.005582
7.0600000   -0.005564
7.0700000   -0.0055456
7.0800000   -0.0055269
7.0900000   -0.005508
7.1000000   -0.0054887
7.1100000   -0.0054692
7.1200000   -0.0054494
7.1300000   -0.0054294
7.1400000   -0.0054092
7.1500000   -0.0053887
7.1600000   -0.0053681
7.1700000   -0.0053472
7.1800000   -0.0053261
7.1900000   -0.0053049
7.2000000   -0.0052834
7.2100000   -0.0052618
7.2200000   -0.0052401
7.2300000   -0.0052182
7.2400000   -0.0051961
7.2500000   -0.005174
7.2600000   -0.0051517
7.2700000   -0.0051292
7.2800000   -0.0051067
7.2900000   -0.0050841
7.3000000   -0.0050613
7.3100000   -0.0050385
7.3200000   -0.0050156
7.3300000   -0.0049926
7.3400000   -0.0049696
7.3500000   -0.0049464
7.3600000   -0.0049232
7.3700000   -0.0049
7.3800000   -0.0048767
7.3900000   -0.0048534
7.4000000   -0.00483
7.4100000   -0.0048066
7.4200000   -0.0047831
7.4300000   -0.0047597
7.4400000   -0.0047362
7.4500000   -0.0047127
7.4600000   -0.0046892
7.4700000   -0.0046657
7.4800000   -0.0046421
7.4900000   -0.0046186
7.5000000   -0.0045951
7.5100000   -0.0045716
7.5200000   -0.0045481
7.5300000   -0.0045246
7.5400000   -0.0045011
7.5500000   -0.0044777
7.5600000   -0.0044543
7.5700000   -0.0044309
7.5800000   -0.0044075
7.5900000   -0.0043842
7.6000000   -0.0043609
7.6100000   -0.0043376
7.6200000   -0.0043144
7.6300000   -0.0042912
7.6400000   -0.0042681
7.6500000   -0.004245
7.6600000   -0.004222
7.6700000   -0.004199
7.6800000   -0.0041761
7.6900000   -0.0041532
7.7000000   -0.0041304
7.7100000   -0.0041076
7.7200000   -0.004085
7.7300000   -0.0040623
7.7400000   -0.0040398
7.7500000   -0.0040173
7.7600000   -0.0039949
7.7700000   -0.0039725
7.7800000   -0.0039502
7.7900000   -0.003928
7.8000000   -0.0039059
7.8100000   -0.0038839
7.8200000   -0.0038619
7.8300000   -0.00384
7.8400000   -0.0038182
7.8500000   -0.0037964
7.8600000   -0.0037748
7.8700000   -0.0037532
7.8800000   -0.0037317
7.8900000   -0.0037103
7.9000000   -0.003689
7.9100000   -0.0036677
7.9200000   -0.0036466
7.9300000   -0.0036255
7.9400000   -0.0036046
7.9500000   -0.0035837
7.9600000   -0.0035629
7.9700000   -0.0035422
7.9800000   -0.0035216
7.9900000   -0.0035011
8.0000000   -0.0034806
8.0100000   -0.0034603
8.0200000   -0.0034401
8.0300000   -0.0034199
8.0400000   -0.0033999
8.0500000   -0.0033799
8.0600000   -0.00336
8.0700000   -0.0033403
8.0800000   -0.0033206
8.0900000   -0.003301
8.1000000   -0.0032815
8.1100000   -0.0032621
8.1200000   -0.0032428
8.1300000   -0.0032236
8.1400000   -0.0032045
8.1500000   -0.0031855
8.1600000   -0.0031666
8.1700000   -0.0031478
8.1800000   -0.0031291
8.1900000   -0.0031105
8.2000000   -0.003092
8.2100000   -0.0030735
8.2200000   -0.0030552
8.2300000   -0.003037
8.2400000   -0.0030188
8.2500000   -0.0030008
8.2600000   -0.0029829
8.2700000   -0.002965
8.2800000   -0.0029473
8.2900000   -0.0029296
8.3000000   -0.0029121
8.3100000   -0.0028946
8.3200000   -0.0028773
8.3300000   -0.00286
8.3400000   -0.0028428
8.3500000   -0.0028257
8.3600000   -0.0028088
8.3700000   -0.0027919
8.3800000   -0.0027751
8.3900000   -0.0027584
8.4000000   -0.0027418
8.4100000   -0.0027253
8.4200000   -0.0027089
8.4300000   -0.0026926
8.4400000   -0.0026764
8.4500000   -0.0026602
8.4600000   -0.0026442
8.4700000   -0.0026283
8.4800000   -0.0026124
8.4900000   -0.0025967
8.5000000   -0.002581
8.5100000   -0.0025654
8.5200000   -0.00255
8.5300000   -0.0025346
8.5400000   -0.0025193
8.5500000   -0.0025041
8.5600000   -0.002489
8.5700000   -0.0024739
8.5800000   -0.002459
8.5900000   -0.0024441
8.6000000   -0.0024294
8.6100000   -0.0024147
8.6200000   -0.0024001
8.6300000   -0.0023856
8.6400000   -0.0023712
8.6500000   -0.0023569
8.6600000   -0.0023427
8.6700000   -0.0023285
8.6800000   -0.0023145
8.6900000   -0.0023005
8.7000000   -0.0022866
8.7100000   -0.0022728
8.7200000   -0.0022591
8.7300000   -0.0022455
8.7400000   -0.0022319
8.7500000   -0.0022184
8.7600000   -0.0022051
8.7700000   -0.0021917
8.7800000   -0.0021785
8.7900000   -0.0021654
8.8000000   -0.0021523
8.8100000   -0.0021394
8.8200000   -0.0021265
8.8300000   -0.0021136
8.8400000   -0.0021009
8.8500000   -0.0020882
8.8600000   -0.0020757
8.8700000   -0.0020632
8.8800000   -0.0020507
8.8900000   -0.0020384
8.9000000   -0.0020261
8.9100000   -0.0020139
8.9200000   -0.0020018
8.9300000   -0.0019898
8.9400000   -0.0019778
8.9500000   -0.0019659
8.9600000   -0.0019541
8.9700000   -0.0019424
8.9800000   -0.0019307
8.9900000   -0.0019191
9.0000000   -0.0019076
9.0100000   -0.0018962
9.0200000   -0.0018848
9.0300000   -0.0018735
9.0400000   -0.0018623
9.0500000   -0.0018511
9.0600000   -0.00184
9.0700000   -0.001829
9.0800000   -0.0018181
9.0900000   -0.0018072
9.1000000   -0.0017964
9.1100000   -0.0017857
9.1200000   -0.001775
9.1300000   -0.0017644
9.1400000   -0.0017539
9.1500000   -0.001743
9.1600000   -0.0017305
9.1700000   -0.0017181
9.1800000   -0.0017058
9.1900000   -0.0016936
9.2000000   -0.0016815
9.2100000   -0.0016696
9.2200000   -0.0016577
9.2300000   -0.0016459
9.2400000   -0.0016342
9.2500000   -0.0016226
9.2600000   -0.0016111
9.2700000   -0.0015998
9.2800000   -0.0015885
9.2900000   -0.0015773
9.3000000   -0.0015661
9.3100000   -0.0015551
9.3200000   -0.0015442
9.3300000   -0.0015334
9.3400000   -0.0015226
9.3500000   -0.001512
9.3600000   -0.0015014
9.3700000   -0.0014909
9.3800000   -0.0014805
9.3900000   -0.0014702
9.4000000   -0.00146
9.4100000   -0.0014498
9.4200000   -0.0014398
9.4300000   -0.0014298
9.4400000   -0.0014199
9.4500000   -0.0014101
9.4600000   -0.0014004
9.4700000   -0.0013907
9.4800000   -0.0013811
9.4900000   -0.0013716
9.5000000   -0.0013622
9.5100000   -0.0013529
9.5200000   -0.0013436
9.5300000   -0.0013344
9.5400000   -0.0013253
9.5500000   -0.0013162
9.5600000   -0.0013073
9.5700000   -0.0012984
9.5800000   -0.0012895
9.5900000   -0.0012808
9.6000000   -0.0012721
9.6100000   -0.0012635
9.6200000   -0.0012549
9.6300000   -0.0012464
9.6400000   -0.001238
9.6500000   -0.0012297
9.6600000   -0.0012214
9.6700000   -0.0012132
9.6800000   -0.001205
9.6900000   -0.0011969
9.7000000   -0.0011889
9.7100000   -0.001181
9.7200000   -0.0011731
9.7300000   -0.0011652
9.7400000   -0.0011575
9.7500000   -0.0011497
9.7600000   -0.0011421
9.7700000   -0.0011345
9.7800000   -0.001127
9.7900000   -0.0011195
9.8000000   -0.0011121
9.8100000   -0.0011047
9.8200000   -0.0010974
9.8300000   -0.0010902
9.8400000   -0.001083
9.8500000   -0.0010759
9.8600000   -0.0010688
9.8700000   -0.0010618
9.8800000   -0.0010548
9.8900000   -0.0010479
9.9000000   -0.001041
9.9100000   -0.0010342
9.9200000   -0.0010275
9.9300000   -0.0010208
9.9400000   -0.0010141
9.9500000   -0.0010075
9.9600000   -0.001001
9.9700000   -0.0009945
9.9800000   -0.000988
9.9900000   -0.0009816
10.0000000   -0.0009753
10.0100000   -0.000969
10.0200000   -0.0009627
10.0300000   -0.0009565
10.0400000   -0.0009504
10.0500000   -0.0009443
10.0600000   -0.0009382
10.0700000   -0.0009322
10.0800000   -0.0009262
10.0900000   -0.0009203
10.1000000   -0.0009144
10.1100000   -0.0009085
10.1200000   -0.0009028
10.1300000   -0.000897
10.1400000   -0.0008913
10.1500000   -0.0008856
10.1600000   -0.00088
10.1700000   -0.0008744
10.1800000   -0.0008689
10.1900000   -0.0008634
10.2000000   -0.0008579
10.2100000   -0.0008525
10.2200000   -0.0008471
10.2300000   -0.0008418
10.2400000   -0.0008365
10.2500000   -0.0008312
10.2600000   -0.000826
10.2700000   -0.0008208
10.2800000   -0.0008157
10.2900000   -0.0008106
10.3000000   -0.0008055
10.3100000   -0.0008005
10.3200000   -0.0007955
10.3300000   -0.0007905
10.3400000   -0.0007856
10.3500000   -0.0007807
10.3600000   -0.0007759
10.3700000   -0.0007711
10.3800000   -0.0007663
10.3900000   -0.0007616
10.4000000   -0.0007568
10.4100000   -0.0007522
10.4200000   -0.0007475
10.4300000   -0.0007429
10.4400000   -0.0007384
10.4500000   -0.0007338
10.4600000   -0.0007293
10.4700000   -0.0007248
10.4800000   -0.0007204
10.4900000   -0.000716
10.5000000   -0.0007116
10.5100000   -0.0007073
10.5200000   -0.0007029
10.5300000   -0.0006987
10.5400000   -0.0006944
10.5500000   -0.0006902
10.5600000   -0.000686
10.5700000   -0.0006818
10.5800000   -0.0006777
10.5900000   -0.0006736
10.6000000   -0.0006695
10.6100000   -0.0006655
10.6200000   -0.0006615
10.6300000   -0.0006575
10.6400000   -0.0006535
10.6500000   -0.0006496
10.6600000   -0.0006457
10.6700000   -0.0006418
10.6800000   -0.000638
10.6900000   -0.0006341
10.7000000   -0.0006303
10.7100000   -0.0006266
10.7200000   -0.0006228
10.7300000   -0.0006191
10.7400000   -0.0006154
10.7500000   -0.0006118
10.7600000   -0.0006081
10.7700000   -0.0006045
10.7800000   -0.0006009
10.7900000   -0.0005974
10.8000000   -0.0005938
10.8100000   -0.0005903
10.8200000   -0.0005868
10.8300000   -0.0005834
10.8400000   -0.0005799
10.8500000   -0.0005765
10.8600000   -0.0005731
10.8700000   -0.0005697
10.8800000   -0.0005664
10.8900000   -0.0005631
10.9000000   -0.0005598
10.9100000   -0.0005565
10.9200000   -0.0005532
10.9300000   -0.00055
10.9400000   -0.0005468
10.9500000   -0.0005436
10.9600000   -0.0005405
10.9700000   -0.0005373
10.9800000   -0.0005342
10.9900000   -0.0005311
11.0000000   -0.000528
11.0100000   -0.000525
11.0200000   -0.0005219
11.0300000   -0.0005189
11.0400000   -0.0005159
11.0500000   -0.0005129
11.0600000   -0.00051
11.0700000   -0.000507
11.0800000   -0.0005041
11.0900000   -0.0005012
11.1000000   -0.0004983
11.1100000   -0.0004955
11.1200000   -0.0004926
11.1300000   -0.0004898
11.1400000   -0.000487
11.1500000   -0.0004842
11.1600000   -0.0004815
11.1700000   -0.0004787
11.1800000   -0.000476
11.1900000   -0.0004733
11.2000000   -0.0004706
11.2100000   -0.0004679
11.2200000   -0.0004653
11.2300000   -0.0004627
11.2400000   -0.00046
11.2500000   -0.0004574
11.2600000   -0.0004549
11.2700000   -0.0004523
11.2800000   -0.0004497
11.2900000   -0.0004472
11.3000000   -0.0004447
11.3100000   -0.0004422
11.3200000   -0.0004397
11.3300000   -0.0004372
11.3400000   -0.0004348
11.3500000   -0.0004324
11.3600000   -0.0004299
11.3700000   -0.0004275
11.3800000   -0.0004252
11.3900000   -0.0004228
11.4000000   -0.0004204
11.4100000   -0.0004181
11.4200000   -0.0004158
11.4300000   -0.0004135
11.4400000   -0.0004112
11.4500000   -0.0004089
11.4600000   -0.0004066
11.4700000   -0.0004044
11.4800000   -0.0004021
11.4900000   -0.0003999
11.5000000   -0.0003977
11.5100000   -0.0003955
11.5200000   -0.0003933
11.5300000   -0.0003912
11.5400000   -0.000389
11.5500000   -0.0003869
11.5600000   -0.0003848
11.5700000   -0.0003827
11.5800000   -0.0003806
11.5900000   -0.0003785
11.6000000   -0.0003764
11.6100000   -0.0003744
11.6200000   -0.0003723
11.6300000   -0.0003703
11.6400000   -0.0003683
11.6500000   -0.0003663
11.6600000   -0.0003643
11.6700000   -0.0003623
11.6800000   -0.0003604
11.6900000   -0.0003584
11.7000000   -0.0003565
11.7100000   -0.0003545
11.7200000   -0.0003526
11.7300000   -0.0003507
11.7400000   -0.0003488
11.7500000   -0.000347
11.7600000   -0.0003451
11.7700000   -0.0003432
11.7800000   -0.0003414
11.7900000   -0.0003396
11.8000000   -0.0003377
11.8100000   -0.0003359
11.8200000   -0.0003341
11.8300000   -0.0003323
11.8400000   -0.0003306
11.8500000   -0.0003288
11.8600000   -0.0003271
11.8700000   -0.0003253
11.8800000   -0.0003236
11.8900000   -0.0003219
11.9000000   -0.0003202
11.9100000   -0.0003185
11.9200000   -0.0003168
11.9300000   -0.0003151
11.9400000   -0.0003134
11.9500000   -0.0003118
11.9600000   -0.0003101
11.9700000   -0.0003085
11.9800000   -0.0003069
11.9900000   -0.0003053
12.0000000   -0.0003036
12.0100000   -0.0003021
12.0200000   -0.0003005
12.0300000   -0.0002989
12.0400000   -0.0002973
12.0500000   -0.0002958
12.0600000   -0.0002942
12.0700000   -0.0002927
12.0800000   -0.0002912
12.0900000   -0.0002896
12.1000000   -0.0002881
12.1100000   -0.0002866
12.1200000   -0.0002851
12.1300000   -0.0002837
12.1400000   -0.0002822
12.1500000   -0.0002807
12.1600000   -0.0002793
12.1700000   -0.0002778
12.1800000   -0.0002764
12.1900000   -0.000275
12.2000000   -0.0002735
12.2100000   -0.0002721
12.2200000   -0.0002707
12.2300000   -0.0002693
12.2400000   -0.0002679
12.2500000   -0.0002666
12.2600000   -0.0002652
12.2700000   -0.0002638
12.2800000   -0.0002625
12.2900000   -0.0002611
12.3000000   -0.0002598
12.3100000   -0.0002585
12.3200000   -0.0002571
12.3300000   -0.0002558
12.3400000   -0.0002545
12.3500000   -0.0002532
12.3600000   -0.0002519
12.3700000   -0.0002507
12.3800000   -0.0002494
12.3900000   -0.0002481
12.4000000   -0.0002469
12.4100000   -0.0002456
12.4200000   -0.0002444
12.4300000   -0.0002431
12.4400000   -0.0002419
12.4500000   -0.0002407
12.4600000   -0.0002395
12.4700000   -0.0002383
12.4800000   -0.0002371
12.4900000   -0.0002359
12.5000000   -0.0002347
12.5100000   -0.0002335
12.5200000   -0.0002323
12.5300000   -0.0002312
12.5400000   -0.00023
12.5500000   -0.0002289
12.5600000   -0.0002277
12.5700000   -0.0002266
12.5800000   -0.0002254
12.5900000   -0.0002243
12.6000000   -0.0002232
12.6100000   -0.0002221
12.6200000   -0.000221
12.6300000   -0.0002199
12.6400000   -0.0002188
12.6500000   -0.0002177
12.6600000   -0.0002166
12.6700000   -0.0002156
12.6800000   -0.0002145
12.6900000   -0.0002134
12.7000000   -0.0002124
12.7100000   -0.0002113
12.7200000   -0.0002103
12.7300000   -0.0002093
12.7400000   -0.0002082
12.7500000   -0.0002072
12.7600000   -0.0002062
12.7700000   -0.0002052
12.7800000   -0.0002042
12.7900000   -0.0002032
12.8000000   -0.0002022
12.8100000   -0.0002012
12.8200000   -0.0002002
12.8300000   -0.0001992
12.8400000   -0.0001982
12.8500000   -0.0001973
12.8600000   -0.0001963
12.8700000   -0.0001954
12.8800000   -0.0001944
12.8900000   -0.0001935
12.9000000   -0.0001925
12.9100000   -0.0001916
12.9200000   -0.0001907
12.9300000   -0.0001897
12.9400000   -0.0001888
12.9500000   -0.0001879
12.9600000   -0.000187
12.9700000   -0.0001861
12.9800000   -0.0001852
12.9900000   -0.0001843
13.0000000   -0.0001834
13.0100000   -0.0001825
13.0200000   -0.0001817
13.0300000   -0.0001808
13.0400000   -0.0001799
13.0500000   -0.0001791
13.0600000   -0.0001782
13.0700000   -0.0001773
13.0800000   -0.0001765
13.0900000   -0.0001757
13.1000000   -0.0001748
13.1100000   -0.000174
13.1200000   -0.0001731
13.1300000   -0.0001723
13.1400000   -0.0001715
13.1500000   -0.0001707
13.1600000   -0.0001699
13.1700000   -0.0001691
13.1800000   -0.0001683
13.1900000   -0.0001675
13.2000000   -0.0001667
13.2100000   -0.0001659
13.2200000   -0.0001651
13.2300000   -0.0001643
13.2400000   -0.0001635
13.2500000   -0.0001628
13.2600000   -0.000162
13.2700000   -0.0001612
13.2800000   -0.0001605
13.2900000   -0.0001597
13.3000000   -0.000159
13.3100000   -0.0001582
13.3200000   -0.0001575
13.3300000   -0.0001568
13.3400000   -0.000156
13.3500000   -0.0001553
13.3600000   -0.0001546
13.3700000   -0.0001538
13.3800000   -0.0001531
13.3900000   -0.0001524
13.4000000   -0.0001517
13.4100000   -0.000151
13.4200000   -0.0001503
13.4300000   -0.0001496
13.4400000   -0.0001489
13.4500000   -0.0001482
13.4600000   -0.0001475
13.4700000   -0.0001468
13.4800000   -0.0001462
13.4900000   -0.0001455
13.5000000   -0.0001448
13.5100000   -0.0001441
13.5200000   -0.0001435
13.5300000   -0.0001428
13.5400000   -0.0001422
13.5500000   -0.0001415
13.5600000   -0.0001409
13.5700000   -0.0001402
13.5800000   -0.0001396
13.5900000   -0.0001389
13.6000000   -0.0001383
13.6100000   -0.0001377
13.6200000   -0.000137
13.6300000   -0.0001364
13.6400000   -0.0001358
13.6500000   -0.0001352
13.6600000   -0.0001345
13.6700000   -0.0001339
13.6800000   -0.0001333
13.6900000   -0.0001327
13.7000000   -0.0001321
13.7100000   -0.0001315
13.7200000   -0.0001309
13.7300000   -0.0001303
13.7400000   -0.0001297
13.7500000   -0.0001291
13.7600000   -0.0001285
13.7700000   -0.000128
13.7800000   -0.0001274
13.7900000   -0.0001268
13.8000000   -0.0001262
13.8100000   -0.0001257
13.8200000   -0.0001251
13.8300000   -0.0001245
13.8400000   -0.000124
13.8500000   -0.0001234
13.8600000   -0.0001229
13.8700000   -0.0001223
13.8800000   -0.0001218
13.8900000   -0.0001212
13.9000000   -0.0001207
13.9100000   -0.0001201
13.9200000   -0.0001196
13.9300000   -0.0001191
13.9400000   -0.0001185
13.9500000   -0.000118
13.9600000   -0.0001175
13.9700000   -0.000117
13.9800000   -0.0001164
13.9900000   -0.0001159
14.0000000   -0.0001154
14.0100000   -0.0001149
14.0200000   -0.0001144
14.0300000   -0.0001139
14.0400000   -0.0001134
14.0500000   -0.0001129
14.0600000   -0.0001124
14.0700000   -0.0001119
14.0800000   -0.0001114
14.0900000   -0.0001109
14.1000000   -0.0001104
14.1100000   -0.0001099
14.1200000   -0.0001094
14.1300000   -0.0001089
14.1400000   -0.0001085
14.1500000   -0.000108
14.1600000   -0.0001075
14.1700000   -0.000107
14.1800000   -0.0001066
14.1900000   -0.0001061
14.2000000   -0.0001056
14.2100000   -0.0001052
14.2200000   -0.0001047
14.2300000   -0.0001043
14.2400000   -0.0001038
14.2500000   -0.0001034
14.2600000   -0.0001029
14.2700000   -0.0001025
14.2800000   -0.000102
14.2900000   -0.0001016
14.3000000   -0.0001011
14.3100000   -0.0001007
14.3200000   -0.0001003
14.3300000   -9.98e-05
14.3400000   -9.94e-05
14.3500000   -9.9e-05
14.3600000   -9.85e-05
14.3700000   -9.81e-05
14.3800000   -9.77e-05
14.3900000   -9.73e-05
14.4000000   -9.68e-05
14.4100000   -9.64e-05
14.4200000   -9.6e-05
14.4300000   -9.56e-05
14.4400000   -9.52e-05
14.4500000   -9.48e-05
14.4600000   -9.44e-05
14.4700000   -9.4e-05
14.4800000   -9.36e-05
14.4900000   -9.32e-05
14.5000000   -9.28e-05
14.5100000   -9.24e-05
14.5200000   -9.2e-05
14.5300000   -9.16e-05
14.5400000   -9.12e-05
14.5500000   -9.08e-05
14.5600000   -9.04e-05
14.5700000   -9e-05
14.5800000   -8.96e-05
14.5900000   -8.93e-05
14.6000000   -8.89e-05
14.6100000   -8.85e-05
14.6200000   -8.81e-05
14.6300000   -8.78e-05
14.6400000   -8.74e-05
14.6500000   -8.7e-05
14.6600000   -8.67e-05
14.6700000   -8.63e-05
14.6800000   -8.59e-05
14.6900000   -8.56e-05
14.7000000   -8.52e-05
14.7100000   -8.48e-05
14.7200000   -8.45e-05
14.7300000   -8.41e-05
14.7400000   -8.38e-05
14.7500000   -8.34e-05
14.7600000   -8.31e-05
14.7700000   -8.27e-05
14.7800000   -8.24e-05
14.7900000   -8.2e-05
14.8000000   -8.17e-05
14.8100000   -8.13e-05
14.8200000   -8.1e-05
14.8300000   -8.07e-05
14.8400000   -8.03e-05
14.8500000   -8e-05
14.8600000   -7.97e-05
14.8700000   -7.93e-05
14.8800000   -7.9e-05
14.8900000   -7.87e-05
14.9000000   -7.83e-05
14.9100000   -7.8e-05
14.9200000   -7.77e-05
14.9300000   -7.74e-05
14.9400000   -7.71e-05
14.9500000   -7.67e-05
14.9600000   -7.64e-05
14.9700000   -7.61e-05
14.9800000   -7.58e-05
14.9900000   -7.55e-05
15.0000000   -7.52e-05
15.0100000   -7.49e-05
15.0200000   -7.45e-05
15.0300000   -7.42e-05
15.0400000   -7.39e-05
15.0500000   -7.36e-05
15.0600000   -7.33e-05
15.0700000   -7.3e-05
15.0800000   -7.27e-05
15.0900000   -7.24e-05
15.1000000   -7.21e-05
15.1100000   -7.18e-05
15.1200000   -7.15e-05
15.1300000   -7.12e-05
15.1400000   -7.1e-05
15.1500000   -7.07e-05
15.1600000   -7.04e-05
15.1700000   -7.01e-05
15.1800000   -6.98e-05
15.1900000   -6.95e-05
15.2000000   -6.92e-05
15.2100000   -6.9e-05
15.2200000   -6.87e-05
15.2300000   -6.84e-05
15.2400000   -6.81e-05
15.2500000   -6.78e-05
15.2600000   -6.76e-05
15.2700000   -6.73e-05
15.2800000   -6.7e-05
15.2900000   -6.68e-05
15.3000000   -6.65e-05
15.3100000   -6.62e-05
15.3200000   -6.6e-05
15.3300000   -6.57e-05
15.3400000   -6.54e-05
15.3500000   -6.52e-05
15.3600000   -6.49e-05
15.3700000   -6.46e-05
15.3800000   -6.44e-05
15.3900000   -6.41e-05
15.4000000   -6.39e-05
15.4100000   -6.36e-05
15.4200000   -6.33e-05
15.4300000   -6.31e-05
15.4400000   -6.28e-05
15.4500000   -6.26e-05
15.4600000   -6.23e-05
15.4700000   -6.21e-05
15.4800000   -6.18e-05
15.4900000   -6.16e-05
15.5000000   -6.14e-05
15.5100000   -6.11e-05
15.5200000   -6.09e-05
15.5300000   -6.06e-05
15.5400000   -6.04e-05
15.5500000   -6.01e-05
15.5600000   -5.99e-05
15.5700000   -5.97e-05
15.5800000   -5.94e-05
15.5900000   -5.92e-05
15.6000000   -5.9e-05
15.6100000   -5.87e-05
15.6200000   -5.85e-05
15.6300000   -5.83e-05
15.6400000   -5.8e-05
15.6500000   -5.78e-05
15.6600000   -5.76e-05
15.6700000   -5.73e-05
15.6800000   -5.71e-05
15.6900000   -5.69e-05
15.7000000   -5.67e-05
15.7100000   -5.65e-05
15.7200000   -5.62e-05
15.7300000   -5.6e-05
15.7400000   -5.58e-05
15.7500000   -5.56e-05
15.7600000   -5.54e-05
15.7700000   -5.51e-05
15.7800000   -5.49e-05
15.7900000   -5.47e-05
15.8000000   -5.45e-05
15.8100000   -5.43e-05
15.8200000   -5.41e-05
15.8300000   -5.39e-05
15.8400000   -5.37e-05
15.8500000   -5.34e-05
15.8600000   -5.32e-05
15.8700000   -5.3e-05
15.8800000   -5.28e-05
15.8900000   -5.26e-05
15.9000000   -5.24e-05
15.9100000   -5.22e-05
15.9200000   -5.2e-05
15.9300000   -5.18e-05
15.9400000   -5.16e-05
15.9500000   -5.14e-05
15.9600000   -5.12e-05
15.9700000   -5.1e-05
15.9800000   -5.08e-05
15.9900000   -5.06e-05
16.0000000   -5.04e-05
16.0100000   -5.02e-05
16.0200000   -5e-05
16.0300000   -4.98e-05
16.0400000   -4.97e-05
16.0500000   -4.95e-05
16.0600000   -4.93e-05
16.0700000   -4.91e-05
16.0800000   -4.89e-05
16.0900000   -4.87e-05
16.1000000   -4.85e-05
16.1100000   -4.83e-05
16.1200000   -4.81e-05
16.1300000   -4.8e-05
16.1400000   -4.78e-05
16.1500000   -4.76e-05
16.1600000   -4.74e-05
16.1700000   -4.72e-05
16.1800000   -4.71e-05
16.1900000   -4.69e-05
16.2000000   -4.67e-05
16.2100000   -4.65e-05
16.2200000   -4.63e-05
16.2300000   -4.62e-05
16.2400000   -4.6e-05
16.2500000   -4.58e-05
16.2600000   -4.56e-05
16.2700000   -4.55e-05
16.2800000   -4.53e-05
16.2900000   -4.51e-05
16.3000000   -4.5e-05
16.3100000   -4.48e-05
16.3200000   -4.46e-05
16.3300000   -4.45e-05
16.3400000   -4.43e-05
16.3500000   -4.41e-05
16.3600000   -4.4e-05
16.3700000   -4.38e-05
16.3800000   -4.36e-05
16.3900000   -4.35e-05
16.4000000   -4.33e-05
16.4100000   -4.31e-05
16.4200000   -4.3e-05
16.4300000   -4.28e-05
16.4400000   -4.27e-05
16.4500000   -4.25e-05
16.4600000   -4.23e-05
16.4700000   -4.22e-05
16.4800000   -4.2e-05
16.4900000   -4.19e-05
16.5000000   -4.17e-05
16.5100000   -4.16e-05
16.5200000   -4.14e-05
16.5300000   -4.12e-05
16.5400000   -4.11e-05
16.5500000   -4.09e-05
16.5600000   -4.08e-05
16.5700000   -4.06e-05
16.5800000   -4.05e-05
16.5900000   -4.03e-05
16.6000000   -4.02e-05
16.6100000   -4e-05
16.6200000   -3.99e-05
16.6300000   -3.97e-05
16.6400000   -3.96e-05
16.6500000   -3.94e-05
16.6600000   -3.93e-05
16.6700000   -3.92e-05
16.6800000   -3.9e-05
16.6900000   -3.89e-05
16.7000000   -3.87e-05
16.7100000   -3.86e-05
16.7200000   -3.84e-05
16.7300000   -3.83e-05
16.7400000   -3.82e-05
16.7500000   -3.8e-05
16.7600000   -3.79e-05
16.7700000   -3.77e-05
16.7800000   -3.76e-05
16.7900000   -3.75e-05
16.8000000   -3.73e-05
16.8100000   -3.72e-05
16.8200000   -3.71e-05
16.8300000   -3.69e-05
16.8400000   -3.68e-05
16.8500000   -3.66e-05
16.8600000   -3.65e-05
16.8700000   -3.64e-05
16.8800000   -3.62e-05
16.8900000   -3.61e-05
16.9000000   -3.6e-05
16.9100000   -3.59e-05
16.9200000   -3.57e-05
16.9300000   -3.56e-05
16.9400000   -3.55e-05
16.9500000   -3.53e-05
16.9600000   -3.52e-05
16.9700000   -3.51e-05
16.9800000   -3.5e-05
16.9900000   -3.48e-05
17.0000000   -3.47e-05
17.0100000   -3.46e-05
17.0200000   -3.45e-05
17.0300000   -3.43e-05
17.0400000   -3.42e-05
17.0500000   -3.41e-05
17.0600000   -3.4e-05
17.0700000   -3.38e-05
17.0800000   -3.37e-05
17.0900000   -3.36e-05
17.1000000   -3.35e-05
17.1100000   -3.34e-05
17.1200000   -3.32e-05
17.1300000   -3.31e-05
17.1400000   -3.3e-05
17.1500000   -3.29e-05
17.1600000   -3.28e-05
17.1700000   -3.26e-05
17.1800000   -3.25e-05
17.1900000   -3.24e-05
17.2000000   -3.23e-05
17.2100000   -3.22e-05
17.2200000   -3.21e-05
17.2300000   -3.2e-05
17.2400000   -3.18e-05
17.2500000   -3.17e-05
17.2600000   -3.16e-05
17.2700000   -3.15e-05
17.2800000   -3.14e-05
17.2900000   -3.13e-05
17.3000000   -3.12e-05
17.3100000   -3.11e-05
17.3200000   -3.09e-05
17.3300000   -3.08e-05
17.3400000   -3.07e-05
17.3500000   -3.06e-05
17.3600000   -3.05e-05
17.3700000   -3.04e-05
17.3800000   -3.03e-05
17.3900000   -3.02e-05
17.4000000   -3.01e-05
17.4100000   -3e-05
17.4200000   -2.99e-05
17.4300000   -2.98e-05
17.4400000   -2.97e-05
17.4500000   -2.96e-05
17.4600000   -2.94e-05
17.4700000   -2.93e-05
17.4800000   -2.92e-05
17.4900000   -2.91e-05
17.5000000   -2.9e-05
17.5100000   -2.89e-05
17.5200000   -2.88e-05
17.5300000   -2.87e-05
17.5400000   -2.86e-05
17.5500000   -2.85e-05
17.5600000   -2.84e-05
17.5700000   -2.83e-05
17.5800000   -2.82e-05
17.5900000   -2.81e-05
17.6000000   -2.8e-05
17.6100000   -2.79e-05
17.6200000   -2.78e-05
17.6300000   -2.77e-05
17.6400000   -2.77e-05
17.6500000   -2.76e-05
17.6600000   -2.75e-05
17.6700000   -2.74e-05
17.6800000   -2.73e-05
17.6900000   -2.72e-05
17.7000000   -2.71e-05
17.7100000   -2.7e-05
17.7200000   -2.69e-05
17.7300000   -2.68e-05
17.7400000   -2.67e-05
17.7500000   -2.66e-05
17.7600000   -2.65e-05
17.7700000   -2.64e-05
17.7800000   -2.63e-05
17.7900000   -2.63e-05
17.8000000   -2.62e-05
17.8100000   -2.61e-05
17.8200000   -2.6e-05
17.8300000   -2.59e-05
17.8400000   -2.58e-05
17.8500000   -2.57e-05
17.8600000   -2.56e-05
17.8700000   -2.55e-05
17.8800000   -2.55e-05
17.8900000   -2.54e-05
17.9000000   -2.53e-05
17.9100000   -2.52e-05
17.9200000   -2.51e-05
17.9300000   -2.5e-05
17.9400000   -2.49e-05
17.9500000   -2.48e-05
17.9600000   -2.48e-05
17.9700000   -2.47e-05
17.9800000   -2.46e-05
17.9900000   -2.45e-05
18.0000000   -2.44e-05
18.0100000   -2.43e-05
18.0200000   -2.43e-05
18.0300000   -2.42e-05
18.0400000   -2.41e-05
18.0500000   -2.4e-05
18.0600000   -2.39e-05
18.0700000   -2.39e-05
18.0800000   -2.38e-05
18.0900000   -2.37e-05
18.1000000   -2.36e-05
18.1100000   -2.35e-05
18.1200000   -2.35e-05
18.1300000   -2.34e-05
18.1400000   -2.33e-05
18.1500000   -2.32e-05
18.1600000   -2.31e-05
18.1700000   -2.31e-05
18.1800000   -2.3e-05
18.1900000   -2.29e-05
18.2000000   -2.28e-05
18.2100000   -2.28e-05
18.2200000   -2.27e-05
18.2300000   -2.26e-05
18.2400000   -2.25e-05
18.2500000   -2.24e-05
18.2600000   -2.24e-05
18.2700000   -2.23e-05
18.2800000   -2.22e-05
18.2900000   -2.21e-05
18.3000000   -2.21e-05
18.3100000   -2.2e-05
18.3200000   -2.19e-05
18.3300000   -2.19e-05
18.3400000   -2.18e-05
18.3500000   -2.17e-05
18.3600000   -2.16e-05
18.3700000   -2.16e-05
18.3800000   -2.15e-05
18.3900000   -2.14e-05
18.4000000   -2.13e-05
18.4100000   -2.13e-05
18.4200000   -2.12e-05
18.4300000   -2.11e-05
18.4400000   -2.11e-05
18.4500000   -2.1e-05
18.4600000   -2.09e-05
18.4700000   -2.09e-05
18.4800000   -2.08e-05
18.4900000   -2.07e-05
18.5000000   -2.07e-05
18.5100000   -2.06e-05
18.5200000   -2.05e-05
18.5300000   -2.04e-05
18.5400000   -2.04e-05
18.5500000   -2.03e-05
18.5600000   -2.02e-05
18.5700000   -2.02e-05
18.5800000   -2.01e-05
18.5900000   -2e-05
18.6000000   -2e-05
18.6100000   -1.99e-05
18.6200000   -1.98e-05
18.6300000   -1.98e-05
18.6400000   -1.97e-05
18.6500000   -1.97e-05
18.6600000   -1.96e-05
18.6700000   -1.95e-05
18.6800000   -1.95e-05
18.6900000   -1.94e-05
18.7000000   -1.93e-05
18.7100000   -1.93e-05
18.7200000   -1.92e-05
18.7300000   -1.91e-05
18.7400000   -1.91e-05
18.7500000   -1.9e-05
18.7600000   -1.9e-05
18.7700000   -1.89e-05
18.7800000   -1.88e-05
18.7900000   -1.88e-05
18.8000000   -1.87e-05
18.8100000   -1.87e-05
18.8200000   -1.86e-05
18.8300000   -1.85e-05
18.8400000   -1.85e-05
18.8500000   -1.84e-05
18.8600000   -1.84e-05
18.8700000   -1.83e-05
18.8800000   -1.82e-05
18.8900000   -1.82e-05
18.9000000   -1.81e-05
18.9100000   -1.81e-05
18.9200000   -1.8e-05
18.9300000   -1.79e-05
18.9400000   -1.79e-05
18.9500000   -1.78e-05
18.9600000   -1.78e-05
18.9700000   -1.77e-05
18.9800000   -1.77e-05
18.9900000   -1.76e-05
19.0000000   -1.75e-05
19.0100000   -1.75e-05
19.0200000   -1.74e-05
19.0300000   -1.74e-05
19.0400000   -1.73e-05
19.0500000   -1.73e-05
19.0600000   -1.72e-05
19.0700000   -1.71e-05
19.0800000   -1.71e-05
19.0900000   -1.7e-05
19.1000000   -1.7e-05
19.1100000   -1.69e-05
19.1200000   -1.69e-05
19.1300000   -1.68e-05
19.1400000   -1.68e-05
19.1500000   -1.67e-05
19.1600000   -1.67e-05
19.1700000   -1.66e-05
19.1800000   -1.66e-05
19.1900000   -1.65e-05
19.2000000   -1.65e-05
19.2100000   -1.64e-05
19.2200000   -1.63e-05
19.2300000   -1.63e-05
19.2400000   -1.62e-05
19.2500000   -1.62e-05
19.2600000   -1.61e-05
19.2700000   -1.61e-05
19.2800000   -1.6e-05
19.2900000   -1.6e-05
19.3000000   -1.59e-05
19.3100000   -1.59e-05
19.3200000   -1.58e-05
19.3300000   -1.58e-05
19.3400000   -1.57e-05
19.3500000   -1.57e-05
19.3600000   -1.56e-05
19.3700000   -1.56e-05
19.3800000   -1.55e-05
19.3900000   -1.55e-05
19.4000000   -1.54e-05
19.4100000   -1.54e-05
19.4200000   -1.53e-05
19.4300000   -1.53e-05
19.4400000   -1.52e-05
19.4500000   -1.52e-05
19.4600000   -1.52e-05
19.4700000   -1.51e-05
19.4800000   -1.51e-05
19.4900000   -1.5e-05
19.5000000   -1.5e-05
19.5100000   -1.49e-05
19.5200000   -1.49e-05
19.5300000   -1.48e-05
19.5400000   -1.48e-05
19.5500000   -1.47e-05
19.5600000   -1.47e-05
19.5700000   -1.46e-05
19.5800000   -1.46e-05
19.5900000   -1.45e-05
19.6000000   -1.45e-05
19.6100000   -1.45e-05
19.6200000   -1.44e-05
19.6300000   -1.44e-05
19.6400000   -1.43e-05
19.6500000   -1.43e-05
19.6600000   -1.42e-05
19.6700000   -1.42e-05
19.6800000   -1.41e-05
19.6900000   -1.41e-05
19.7000000   -1.41e-05
19.7100000   -1.4e-05
19.7200000   -1.4e-05
19.7300000   -1.39e-05
19.7400000   -1.39e-05
19.7500000   -1.38e-05
19.7600000   -1.38e-05
19.7700000   -1.38e-05
19.7800000   -1.37e-05
19.7900000   -1.37e-05
19.8000000   -1.36e-05
19.8100000   -1.36e-05
19.8200000   -1.35e-05
19.8300000   -1.35e-05
19.8400000   -1.35e-05
19.8500000   -1.34e-05
19.8600000   -1.34e-05
19.8700000   -1.33e-05
19.8800000   -1.33e-05
19.8900000   -1.33e-05
19.9000000   -1.32e-05
19.9100000   -1.32e-05
19.9200000   -1.31e-05
19.9300000   -1.31e-05
19.9400000   -1.31e-05
19.9500000   -1.3e-05
19.9600000   -1.3e-05
19.9700000   -1.29e-05
19.9800000   -1.29e-05
19.9900000   -1.29e-05
20.0000000   -1.28e-05
20.0100000   -1.28e-05
20.0200000   -1.27e-05
20.0300000   -1.27e-05
20.0400000   -1.27e-05
20.0500000   -1.26e-05
20.0600000   -1.26e-05
20.0700000   -1.25e-05
20.0800000   -1.25e-05
20.0900000   -1.25e-05
