0.1000000   876.733
0.1100000   876.473
0.1200000   876.275
0.1300000   876.121
0.1400000   875.999
0.1500000   875.9
0.1600000   875.819
0.1700000   875.753
0.1800000   875.697
0.1900000   875.649
0.2000000   875.609
0.2100000   875.574
0.2200000   875.544
0.2300000   875.517
0.2400000   875.494
0.2500000   875.474
0.2600000   875.456
0.2700000   875.44
0.2800000   875.425
0.2900000   875.412
0.3000000   875.4
0.3100000   875.39
0.3200000   875.38
0.3300000   875.372
0.3400000   875.364
0.3500000   875.356
0.3600000   875.35
0.3700000   875.343
0.3800000   875.338
0.3900000   875.332
0.4000000   875.328
0.4100000   875.323
0.4200000   875.319
0.4300000   875.315
0.4400000   875.311
0.4500000   875.308
0.4600000   875.305
0.4700000   875.302
0.4800000   875.299
0.4900000   875.296
0.5000000   875.294
0.5100000   875.292
0.5200000   875.289
0.5300000   875.287
0.5400000   875.285
0.5500000   875.284
0.5600000   875.282
0.5700000   875.28
0.5800000   875.279
0.5900000   875.277
0.6000000   875.276
0.6100000   875.274
0.6200000   875.273
0.6300000   875.272
0.6400000   875.271
0.6500000   875.269
0.6600000   875.268
0.6700000   875.267
0.6800000   875.266
0.6900000   875.265
0.7000000   875.265
0.7100000   875.264
0.7200000   875.263
0.7300000   875.262
0.7400000   875.261
0.7500000   875.261
0.7600000   875.26
0.7700000   875.259
0.7800000   875.259
0.7900000   875.258
0.8000000   875.257
0.8100000   875.257
0.8200000   875.256
0.8300000   875.256
0.8400000   875.255
0.8500000   875.255
0.8600000   875.254
0.8700000   875.254
0.8800000   875.253
0.8900000   875.253
0.9000000   875.252
0.9100000   875.252
0.9200000   875.252
0.9300000   875.251
0.9400000   875.251
0.9500000   875.251
0.9600000   875.25
0.9700000   875.25
0.9800000   875.25
0.9900000   875.249
1.0000000   875.249
1.0100000   875.249
1.0200000   875.248
1.0300000   875.248
1.0400000   875.248
1.0500000   875.248
1.0600000   875.247
1.0700000   875.247
1.0800000   875.247
1.0900000   875.247
1.1000000   875.246
1.1100000   875.246
1.1200000   875.246
1.1300000   875.246
1.1400000   875.245
1.1500000   875.245
1.1600000   875.245
1.1700000   875.245
1.1800000   875.245
1.1900000   875.245
1.2000000   875.244
1.2100000   875.244
1.2200000   875.244
1.2300000   875.244
1.2400000   875.244
1.2500000   875.244
1.2600000   875.243
1.2700000   875.243
1.2800000   875.243
1.2900000   875.243
1.3000000   875.243
1.3100000   875.243
1.3200000   875.243
1.3300000   875.242
1.3400000   875.242
1.3500000   875.242
1.3600000   875.242
1.3700000   875.242
1.3800000   875.242
1.3900000   875.242
1.4000000   875.242
1.4100000   875.241
1.4200000   875.241
1.4300000   875.241
1.4400000   875.241
1.4500000   875.241
1.4600000   875.241
1.4700000   875.241
1.4800000   875.241
1.4900000   875.241
1.5000000   875.241
1.5100000   875.241
1.5200000   875.24
1.5300000   875.24
1.5400000   875.24
1.5500000   875.24
1.5600000   875.24
1.5700000   875.24
1.5800000   875.24
1.5900000   875.24
1.6000000   875.24
1.6100000   875.24
1.6200000   875.24
1.6300000   875.24
1.6400000   875.24
1.6500000   875.239
1.6600000   875.239
1.6700000   875.239
1.6800000   875.239
1.6900000   875.239
1.7000000   875.239
1.7100000   875.239
1.7200000   875.239
1.7300000   875.239
1.7400000   875.239
1.7500000   875.239
1.7600000   875.239
1.7700000   875.239
1.7800000   875.239
1.7900000   875.239
1.8000000   875.239
1.8100000   875.239
1.8200000   875.238
1.8300000   875.238
1.8400000   875.238
1.8500000   875.238
1.8600000   875.238
1.8700000   875.238
1.8800000   875.238
1.8900000   875.238
1.9000000   875.238
1.9100000   875.238
1.9200000   875.238
1.9300000   875.238
1.9400000   875.238
1.9500000   875.238
1.9600000   875.238
1.9700000   875.238
1.9800000   875.238
1.9900000   875.238
2.0000000   875.238
2.0100000   875.238
2.0200000   875.238
2.0300000   875.238
2.0400000   875.238
2.0500000   875.238
2.0600000   875.237
2.0700000   875.237
2.0800000   875.237
2.0900000   875.237
2.1000000   875.237
2.1100000   875.237
2.1200000   875.237
2.1300000   875.237
2.1400000   875.237
2.1500000   875.237
2.1600000   875.237
2.1700000   875.237
2.1800000   875.237
2.1900000   875.237
2.2000000   875.237
2.2100000   875.237
2.2200000   875.237
2.2300000   875.237
2.2400000   875.237
2.2500000   875.237
2.2600000   875.237
2.2700000   875.237
2.2800000   875.237
2.2900000   875.237
2.3000000   875.237
2.3100000   875.237
2.3200000   875.237
2.3300000   875.237
2.3400000   875.237
2.3500000   875.237
2.3600000   875.237
2.3700000   875.237
2.3800000   875.237
2.3900000   875.237
2.4000000   875.237
2.4100000   875.237
2.4200000   875.237
2.4300000   875.236
2.4400000   875.236
2.4500000   875.236
2.4600000   875.236
2.4700000   875.236
2.4800000   875.236
2.4900000   875.236
2.5000000   875.236
2.5100000   834.192
2.5200000   795.222
2.5300000   758.214
2.5400000   723.061
2.5500000   689.665
2.5600000   657.931
2.5700000   627.77
2.5800000   599.099
2.5900000   571.839
2.6000000   545.916
2.6100000   521.258
2.6200000   497.801
2.6300000   475.481
2.6400000   454.239
2.6500000   434.019
2.6600000   414.769
2.6700000   396.438
2.6800000   378.981
2.6900000   362.351
2.7000000   346.508
2.7100000   331.41
2.7200000   317.021
2.7300000   303.305
2.7400000   290.228
2.7500000   277.758
2.7600000   265.865
2.7700000   254.521
2.7800000   243.698
2.7900000   233.37
2.8000000   223.514
2.8100000   214.106
2.8200000   205.124
2.8300000   196.547
2.8400000   188.357
2.8500000   180.534
2.8600000   173.061
2.8700000   165.921
2.8800000   159.098
2.8900000   152.577
2.9000000   146.344
2.9100000   140.384
2.9200000   134.686
2.9300000   129.236
2.9400000   124.024
2.9500000   119.038
2.9600000   114.268
2.9700000   109.703
2.9800000   105.334
2.9900000   101.153
3.0000000   97.15
3.0100000   93.3174
3.0200000   89.6474
3.0300000   86.1325
3.0400000   82.7659
3.0500000   79.5407
3.0600000   76.4506
3.0700000   73.4896
3.0800000   70.6518
3.0900000   67.9318
3.1000000   65.3243
3.1100000   62.8244
3.1200000   60.4272
3.1300000   58.1284
3.1400000   55.9234
3.1500000   53.8084
3.1600000   51.7792
3.1700000   49.8322
3.1800000   47.9638
3.1900000   46.1707
3.2000000   44.4495
3.2100000   42.7972
3.2200000   41.2108
3.2300000   39.6876
3.2400000   38.2247
3.2500000   36.8197
3.2600000   35.4702
3.2700000   34.1737
3.2800000   32.928
3.2900000   31.731
3.3000000   30.5807
3.3100000   29.4751
3.3200000   28.4123
3.3300000   27.3906
3.3400000   26.4083
3.3500000   25.4638
3.3600000   24.5555
3.3700000   23.6818
3.3800000   22.8415
3.3900000   22.0331
3.4000000   21.2553
3.4100000   20.507
3.4200000   19.7868
3.4300000   19.0937
3.4400000   18.4266
3.4500000   17.7845
3.4600000   17.1662
3.4700000   16.571
3.4800000   15.9979
3.4900000   15.4459
3.5000000   14.9143
3.5100000   14.4023
3.5200000   13.909
3.5300000   13.4338
3.5400000   12.976
3.5500000   12.5348
3.5600000   12.1096
3.5700000   11.6998
3.5800000   11.3049
3.5900000   10.9241
3.6000000   10.5571
3.6100000   10.2032
3.6200000   9.86195
3.6300000   9.53288
3.6400000   9.21551
3.6500000   8.90941
3.6600000   8.61414
3.6700000   8.3293
3.6800000   8.05449
3.6900000   7.78934
3.7000000   7.53348
3.7100000   7.28656
3.7200000   7.04826
3.7300000   6.81825
3.7400000   6.59622
3.7500000   6.38188
3.7600000   6.17494
3.7700000   5.97514
3.7800000   5.7822
3.7900000   5.59588
3.8000000   5.41593
3.8100000   5.24213
3.8200000   5.07425
3.8300000   4.91207
3.8400000   4.75539
3.8500000   4.604
3.8600000   4.45773
3.8700000   4.31637
3.8800000   4.17977
3.8900000   4.04774
3.9000000   3.92013
3.9100000   3.79677
3.9200000   3.67753
3.9300000   3.56224
3.9400000   3.45077
3.9500000   3.34299
3.9600000   3.23876
3.9700000   3.13796
3.9800000   3.04048
3.9900000   2.94619
4.0000000   2.85498
4.0100000   2.76675
4.0200000   2.6814
4.0300000   2.59881
4.0400000   2.51891
4.0500000   2.44159
4.0600000   2.36677
4.0700000   2.29436
4.0800000   2.22428
4.0900000   2.15644
4.1000000   2.09078
4.1100000   2.02722
4.1200000   1.96569
4.1300000   1.90611
4.1400000   1.84843
4.1500000   1.79257
4.1600000   1.73849
4.1700000   1.68611
4.1800000   1.63538
4.1900000   1.58624
4.2000000   1.53865
4.2100000   1.49255
4.2200000   1.4479
4.2300000   1.40463
4.2400000   1.36272
4.2500000   1.3221
4.2600000   1.28275
4.2700000   1.24462
4.2800000   1.20766
4.2900000   1.17185
4.3000000   1.13714
4.3100000   1.1035
4.3200000   1.07089
4.3300000   1.03927
4.3400000   1.00863
4.3500000   0.978921
4.3600000   0.950118
4.3700000   0.922191
4.3800000   0.895112
4.3900000   0.868854
4.4000000   0.84339
4.4100000   0.818696
4.4200000   0.794747
4.4300000   0.771519
4.4400000   0.748989
4.4500000   0.727136
4.4600000   0.705937
4.4700000   0.685372
4.4800000   0.665421
4.4900000   0.646066
4.5000000   0.627286
4.5100000   0.609065
4.5200000   0.591384
4.5300000   0.574227
4.5400000   0.557578
4.5500000   0.541421
4.5600000   0.52574
4.5700000   0.510521
4.5800000   0.495749
4.5900000   0.481411
4.6000000   0.467494
4.6100000   0.453984
4.6200000   0.440869
4.6300000   0.428137
4.6400000   0.415775
4.6500000   0.403774
4.6600000   0.392122
4.6700000   0.380808
4.6800000   0.369822
4.6900000   0.359154
4.7000000   0.348794
4.7100000   0.338734
4.7200000   0.328963
4.7300000   0.319475
4.7400000   0.310259
4.7500000   0.301308
4.7600000   0.292613
4.7700000   0.284168
4.7800000   0.275965
4.7900000   0.267996
4.8000000   0.260254
4.8100000   0.252734
4.8200000   0.245428
4.8300000   0.238329
4.8400000   0.231433
4.8500000   0.224732
4.8600000   0.218222
4.8700000   0.211896
4.8800000   0.205749
4.8900000   0.199775
4.9000000   0.193971
4.9100000   0.18833
4.9200000   0.182849
4.9300000   0.177522
4.9400000   0.172344
4.9500000   0.167313
4.9600000   0.162422
4.9700000   0.157669
4.9800000   0.153049
4.9900000   0.148559
5.0000000   0.144194
5.0100000   0.139952
5.0200000   0.135828
5.0300000   0.131819
5.0400000   0.127922
5.0500000   0.124134
5.0600000   0.120451
5.0700000   0.116871
5.0800000   0.11339
5.0900000   0.110007
5.1000000   0.106717
5.1100000   0.103519
5.1200000   0.100409
5.1300000   0.0973862
5.1400000   0.0944469
5.1500000   0.0915891
5.1600000   0.0888105
5.1700000   0.0861089
5.1800000   0.083482
5.1900000   0.0809278
5.2000000   0.0784443
5.2100000   0.0760295
5.2200000   0.0736815
5.2300000   0.0713983
5.2400000   0.0691781
5.2500000   0.0670193
5.2600000   0.0649201
5.2700000   0.062879
5.2800000   0.060894
5.2900000   0.058964
5.3000000   0.0570872
5.3100000   0.0552622
5.3200000   0.0534875
5.3300000   0.0517618
5.3400000   0.0500837
5.3500000   0.048452
5.3600000   0.0468652
5.3700000   0.0453223
5.3800000   0.0438218
5.3900000   0.0423629
5.4000000   0.0409443
5.4100000   0.0395648
5.4200000   0.0382235
5.4300000   0.0369192
5.4400000   0.035651
5.4500000   0.0344178
5.4600000   0.0332188
5.4700000   0.0320529
5.4800000   0.0309194
5.4900000   0.0298172
5.5000000   0.0287456
5.5100000   0.0277038
5.5200000   0.0266908
5.5300000   0.025706
5.5400000   0.0247486
5.5500000   0.0238177
5.5600000   0.0229128
5.5700000   0.0220332
5.5800000   0.0211781
5.5900000   0.0203468
5.6000000   0.0195387
5.6100000   0.0187533
5.6200000   0.0179898
5.6300000   0.0172479
5.6400000   0.0165267
5.6500000   0.0158257
5.6600000   0.0151446
5.6700000   0.0144825
5.6800000   0.0138392
5.6900000   0.013214
5.7000000   0.0126066
5.7100000   0.0120164
5.7200000   0.011443
5.7300000   0.0108858
5.7400000   0.0103445
5.7500000   0.00981873
5.7600000   0.00930796
5.7700000   0.0088119
5.7800000   0.00832994
5.7900000   0.00786199
5.8000000   0.00740745
5.8100000   0.00696612
5.8200000   0.00653749
5.8300000   0.00612138
5.8400000   0.00571737
5.8500000   0.00532517
5.8600000   0.00494447
5.8700000   0.00457489
5.8800000   0.00421621
5.8900000   0.00386814
5.9000000   0.00353038
5.9100000   0.00320262
5.9200000   0.00288457
5.9300000   0.00257613
5.9400000   0.0022769
5.9500000   0.00198677
5.9600000   0.00170535
5.9700000   0.00143244
5.9800000   0.00116783
5.9900000   0.000911334
6.0000000   0.000662742
6.0100000   0.000421758
6.0200000   0.000188281
6.0300000   -3.79899e-05
6.0400000   -0.000257154
6.0500000   -0.000469411
6.0600000   -0.000675061
6.0700000   -0.000874105
6.0800000   -0.00106684
6.0900000   -0.00125337
6.1000000   -0.0014339
6.1100000   -0.00160851
6.1200000   -0.00177752
6.1300000   -0.00194093
6.1400000   -0.00209903
6.1500000   -0.00225182
6.1600000   -0.0023995
6.1700000   -0.00254218
6.1800000   -0.00268006
6.1900000   -0.00281322
6.2000000   -0.00294179
6.2100000   -0.00306584
6.2200000   -0.00318559
6.2300000   -0.00330113
6.2400000   -0.00341257
6.2500000   -0.00352
6.2600000   -0.00362352
6.2700000   -0.00372324
6.2800000   -0.00381926
6.2900000   -0.00391176
6.3000000   -0.00400077
6.3100000   -0.00408626
6.3200000   -0.00416855
6.3300000   -0.00424764
6.3400000   -0.00432352
6.3500000   -0.00439649
6.3600000   -0.00446636
6.3700000   -0.00453342
6.3800000   -0.00459768
6.3900000   -0.00465923
6.4000000   -0.00471807
6.4100000   -0.00477441
6.4200000   -0.00482825
6.4300000   -0.00487958
6.4400000   -0.00492861
6.4500000   -0.00497533
6.4600000   -0.00501974
6.4700000   -0.00506205
6.4800000   -0.00510225
6.4900000   -0.00514035
6.5000000   -0.00517645
6.5100000   -0.00521064
6.5200000   -0.00524292
6.5300000   -0.0052734
6.5400000   -0.00530207
6.5500000   -0.00532894
6.5600000   -0.00535421
6.5700000   -0.00537787
6.5800000   -0.00539982
6.5900000   -0.00542037
6.6000000   -0.00543932
6.6100000   -0.00545686
6.6200000   -0.00547299
6.6300000   -0.00548772
6.6400000   -0.00550115
6.6500000   -0.00551317
6.6600000   -0.00552409
6.6700000   -0.0055337
6.6800000   -0.00554221
6.6900000   -0.00554951
6.7000000   -0.00555561
6.7100000   -0.0055608
6.7200000   -0.00556479
6.7300000   -0.00556788
6.7400000   -0.00556996
6.7500000   -0.00557104
6.7600000   -0.00557121
6.7700000   -0.00557048
6.7800000   -0.00556884
6.7900000   -0.0055664
6.8000000   -0.00556316
6.8100000   -0.00555911
6.8200000   -0.00555436
6.8300000   -0.0055488
6.8400000   -0.00554244
6.8500000   -0.00553547
6.8600000   -0.0055279
6.8700000   -0.00551953
6.8800000   -0.00551065
6.8900000   -0.00550107
6.9000000   -0.00549099
6.9100000   -0.0054803
6.9200000   -0.005469
6.9300000   -0.00545721
6.9400000   -0.0054449
6.9500000   -0.0054321
6.9600000   -0.00541889
6.9700000   -0.00540508
6.9800000   -0.00539096
6.9900000   -0.00537634
7.0000000   -0.00536132
7.0100000   -0.00534589
7.0200000   -0.00533006
7.0300000   -0.00531392
7.0400000   -0.00529738
7.0500000   -0.00528044
7.0600000   -0.00526329
7.0700000   -0.00524574
7.0800000   -0.00522789
7.0900000   -0.00520983
7.1000000   -0.00519137
7.1100000   -0.00517271
7.1200000   -0.00515374
7.1300000   -0.00513457
7.1400000   -0.00511519
7.1500000   -0.00509552
7.1600000   -0.00507573
7.1700000   -0.00505565
7.1800000   -0.00503536
7.1900000   -0.00501497
7.2000000   -0.00499427
7.2100000   -0.00497347
7.2200000   -0.00495257
7.2300000   -0.00493147
7.2400000   -0.00491016
7.2500000   -0.00488885
7.2600000   -0.00486733
7.2700000   -0.00484561
7.2800000   -0.00482389
7.2900000   -0.00480207
7.3000000   -0.00478004
7.3100000   -0.00475801
7.3200000   -0.00473588
7.3300000   -0.00471364
7.3400000   -0.0046914
7.3500000   -0.00466895
7.3600000   -0.00464651
7.3700000   -0.00462406
7.3800000   -0.00460151
7.3900000   -0.00457895
7.4000000   -0.00455629
7.4100000   -0.00453363
7.4200000   -0.00451086
7.4300000   -0.0044882
7.4400000   -0.00446543
7.4500000   -0.00444265
7.4600000   -0.00441988
7.4700000   -0.0043971
7.4800000   -0.00437421
7.4900000   -0.00435143
7.5000000   -0.00432864
7.5100000   -0.00430585
7.5200000   -0.00428306
7.5300000   -0.00426026
7.5400000   -0.00423746
7.5500000   -0.00421476
7.5600000   -0.00419205
7.5700000   -0.00416935
7.5800000   -0.00414664
7.5900000   -0.00412402
7.6000000   -0.00410141
7.6100000   -0.00407879
7.6200000   -0.00405627
7.6300000   -0.00403374
7.6400000   -0.00401132
7.6500000   -0.00398889
7.6600000   -0.00396656
7.6700000   -0.00394422
7.6800000   -0.00392198
7.6900000   -0.00389975
7.7000000   -0.0038776
7.7100000   -0.00385546
7.7200000   -0.00383351
7.7300000   -0.00381146
7.7400000   -0.00378961
7.7500000   -0.00376775
7.7600000   -0.003746
7.7700000   -0.00372424
7.7800000   -0.00370258
7.7900000   -0.00368101
7.8000000   -0.00365954
7.8100000   -0.00363817
7.8200000   -0.0036168
7.8300000   -0.00359553
7.8400000   -0.00357435
7.8500000   -0.00355317
7.8600000   -0.00353219
7.8700000   -0.00351121
7.8800000   -0.00349032
7.8900000   -0.00346953
7.9000000   -0.00344884
7.9100000   -0.00342815
7.9200000   -0.00340765
7.9300000   -0.00338715
7.9400000   -0.00336685
7.9500000   -0.00334655
7.9600000   -0.00332635
7.9700000   -0.00330624
7.9800000   -0.00328623
7.9900000   -0.00326632
8.0000000   -0.00324641
8.0100000   -0.00322669
8.0200000   -0.00320707
8.0300000   -0.00318745
8.0400000   -0.00316803
8.0500000   -0.00314861
8.0600000   -0.00312928
8.0700000   -0.00311015
8.0800000   -0.00309102
8.0900000   -0.00307199
8.1000000   -0.00305305
8.1100000   -0.00303422
8.1200000   -0.00301548
8.1300000   -0.00299684
8.1400000   -0.00297829
8.1500000   -0.00295985
8.1600000   -0.0029415
8.1700000   -0.00292325
8.1800000   -0.0029051
8.1900000   -0.00288705
8.2000000   -0.00286909
8.2100000   -0.00285113
8.2200000   -0.00283338
8.2300000   -0.00281571
8.2400000   -0.00279805
8.2500000   -0.00278059
8.2600000   -0.00276322
8.2700000   -0.00274585
8.2800000   -0.00272868
8.2900000   -0.00271151
8.3000000   -0.00269453
8.3100000   -0.00267755
8.3200000   -0.00266078
8.3300000   -0.002644
8.3400000   -0.00262731
8.3500000   -0.00261073
8.3600000   -0.00259434
8.3700000   -0.00257795
8.3800000   -0.00256167
8.3900000   -0.00254547
8.4000000   -0.00252938
8.4100000   -0.00251339
8.4200000   -0.00249749
8.4300000   -0.00248169
8.4400000   -0.00246599
8.4500000   -0.00245029
8.4600000   -0.00243478
8.4700000   -0.00241938
8.4800000   -0.00240397
8.4900000   -0.00238876
8.5000000   -0.00237355
8.5100000   -0.00235844
8.5200000   -0.00234352
8.5300000   -0.00232861
8.5400000   -0.00231379
8.5500000   -0.00229907
8.5600000   -0.00228445
8.5700000   -0.00226982
8.5800000   -0.0022554
8.5900000   -0.00224097
8.6000000   -0.00222675
8.6100000   -0.00221252
8.6200000   -0.00219838
8.6300000   -0.00218435
8.6400000   -0.00217042
8.6500000   -0.00215658
8.6600000   -0.00214284
8.6700000   -0.0021291
8.6800000   -0.00211556
8.6900000   -0.00210202
8.7000000   -0.00208858
8.7100000   -0.00207523
8.7200000   -0.00206198
8.7300000   -0.00204884
8.7400000   -0.00203569
8.7500000   -0.00202263
8.7600000   -0.00200978
8.7700000   -0.00199683
8.7800000   -0.00198407
8.7900000   -0.00197141
8.8000000   -0.00195875
8.8100000   -0.00194629
8.8200000   -0.00193383
8.8300000   -0.00192137
8.8400000   -0.0019091
8.8500000   -0.00189683
8.8600000   -0.00188476
8.8700000   -0.0018727
8.8800000   -0.00186062
8.8900000   -0.00184875
8.9000000   -0.00183688
8.9100000   -0.0018251
8.9200000   -0.00181342
8.9300000   -0.00180185
8.9400000   -0.00179027
8.9500000   -0.00177879
8.9600000   -0.0017674
8.9700000   -0.00175612
8.9800000   -0.00174483
8.9900000   -0.00173365
9.0000000   -0.00172256
9.0100000   -0.00171157
9.0200000   -0.00170058
9.0300000   -0.00168969
9.0400000   -0.00167889
9.0500000   -0.0016681
9.0600000   -0.0016574
9.0700000   -0.0016468
9.0800000   -0.00163631
9.0900000   -0.0016258
9.1000000   -0.0016154
9.1100000   -0.0016051
9.1200000   -0.0015948
9.1300000   -0.00158459
9.1400000   -0.00157448
9.1500000   -0.00156398
9.1600000   -0.00155187
9.1700000   -0.00153986
9.1800000   -0.00152794
9.1900000   -0.00151613
9.2000000   -0.00150442
9.2100000   -0.0014929
9.2200000   -0.00148138
9.2300000   -0.00146997
9.2400000   -0.00145865
9.2500000   -0.00144743
9.2600000   -0.0014363
9.2700000   -0.00142538
9.2800000   -0.00141446
9.2900000   -0.00140363
9.3000000   -0.0013928
9.3100000   -0.00138218
9.3200000   -0.00137165
9.3300000   -0.00136122
9.3400000   -0.00135079
9.3500000   -0.00134055
9.3600000   -0.00133032
9.3700000   -0.00132018
9.3800000   -0.00131015
9.3900000   -0.00130021
9.4000000   -0.00129037
9.4100000   -0.00128053
9.4200000   -0.00127089
9.4300000   -0.00126125
9.4400000   -0.00125171
9.4500000   -0.00124226
9.4600000   -0.00123292
9.4700000   -0.00122357
9.4800000   -0.00121432
9.4900000   -0.00120517
9.5000000   -0.00119612
9.5100000   -0.00118717
9.5200000   -0.00117822
9.5300000   -0.00116937
9.5400000   -0.00116061
9.5500000   -0.00115186
9.5600000   -0.0011433
9.5700000   -0.00113474
9.5800000   -0.00112619
9.5900000   -0.00111783
9.6000000   -0.00110947
9.6100000   -0.0011012
9.6200000   -0.00109294
9.6300000   -0.00108478
9.6400000   -0.00107671
9.6500000   -0.00106875
9.6600000   -0.00106078
9.6700000   -0.00105291
9.6800000   -0.00104504
9.6900000   -0.00103727
9.7000000   -0.0010296
9.7100000   -0.00102203
9.7200000   -0.00101446
9.7300000   -0.00100688
9.7400000   -0.000999508
9.7500000   -0.000992032
9.7600000   -0.000984755
9.7700000   -0.000977477
9.7800000   -0.000970298
9.7900000   -0.000963118
9.8000000   -0.000956037
9.8100000   -0.000948955
9.8200000   -0.000941972
9.8300000   -0.000935088
9.8400000   -0.000928203
9.8500000   -0.000921417
9.8600000   -0.00091463
9.8700000   -0.000907942
9.8800000   -0.000901254
9.8900000   -0.000894664
9.9000000   -0.000888073
9.9100000   -0.000881582
9.9200000   -0.000875189
9.9300000   -0.000868796
9.9400000   -0.000862402
9.9500000   -0.000856107
9.9600000   -0.00084991
9.9700000   -0.000843713
9.9800000   -0.000837515
9.9900000   -0.000831416
10.0000000   -0.000825417
10.0100000   -0.000819416
10.0200000   -0.000813414
10.0300000   -0.000807512
10.0400000   -0.000801709
10.0500000   -0.000795904
10.0600000   -0.000790099
10.0700000   -0.000784393
10.0800000   -0.000778686
10.0900000   -0.000773079
10.1000000   -0.00076747
10.1100000   -0.000761861
10.1200000   -0.00075645
10.1300000   -0.000750939
10.1400000   -0.000745527
10.1500000   -0.000740114
10.1600000   -0.0007348
10.1700000   -0.000729486
10.1800000   -0.00072427
10.1900000   -0.000719054
10.2000000   -0.000713837
10.2100000   -0.000708719
10.2200000   -0.0007036
10.2300000   -0.000698581
10.2400000   -0.00069356
10.2500000   -0.000688539
10.2600000   -0.000683617
10.2700000   -0.000678694
10.2800000   -0.00067387
10.2900000   -0.000669046
10.3000000   -0.000664221
10.3100000   -0.000659495
10.3200000   -0.000654768
10.3300000   -0.00065004
10.3400000   -0.000645412
10.3500000   -0.000640782
10.3600000   -0.000636252
10.3700000   -0.000631722
10.3800000   -0.00062719
10.3900000   -0.000622758
10.4000000   -0.000618224
10.4100000   -0.000613891
10.4200000   -0.000609456
10.4300000   -0.000605121
10.4400000   -0.000600884
10.4500000   -0.000596547
10.4600000   -0.00059231
10.4700000   -0.000588071
10.4800000   -0.000583932
10.4900000   -0.000579792
10.5000000   -0.000575651
10.5100000   -0.00057161
10.5200000   -0.000567468
10.5300000   -0.000563525
10.5400000   -0.000559481
10.5500000   -0.000555537
10.5600000   -0.000551592
10.5700000   -0.000547646
10.5800000   -0.0005438
10.5900000   -0.000539952
10.6000000   -0.000536104
10.6100000   -0.000532356
10.6200000   -0.000528606
10.6300000   -0.000524856
10.6400000   -0.000521105
10.6500000   -0.000517454
10.6600000   -0.000513802
10.6700000   -0.000510149
10.6800000   -0.000506595
10.6900000   -0.000502941
10.7000000   -0.000499386
10.7100000   -0.00049593
10.7200000   -0.000492374
10.7300000   -0.000488917
10.7400000   -0.000485459
10.7500000   -0.000482101
10.7600000   -0.000478642
10.7700000   -0.000475282
10.7800000   -0.000471922
10.7900000   -0.000468661
10.8000000   -0.000465299
10.8100000   -0.000462037
10.8200000   -0.000458774
10.8300000   -0.00045561
10.8400000   -0.000452346
10.8500000   -0.000449181
10.8600000   -0.000446015
10.8700000   -0.000442849
10.8800000   -0.000439782
10.8900000   -0.000436714
10.9000000   -0.000433646
10.9100000   -0.000430577
10.9200000   -0.000427508
10.9300000   -0.000424538
10.9400000   -0.000421567
10.9500000   -0.000418596
10.9600000   -0.000415724
10.9700000   -0.000412751
10.9800000   -0.000409878
10.9900000   -0.000407004
11.0000000   -0.00040413
11.0100000   -0.000401354
11.0200000   -0.000398479
11.0300000   -0.000395702
11.0400000   -0.000392926
11.0500000   -0.000390148
11.0600000   -0.00038747
11.0700000   -0.000384691
11.0800000   -0.000382012
11.0900000   -0.000379332
11.1000000   -0.000376651
11.1100000   -0.00037407
11.1200000   -0.000371389
11.1300000   -0.000368806
11.1400000   -0.000366223
11.1500000   -0.00036364
11.1600000   -0.000361156
11.1700000   -0.000358571
11.1800000   -0.000356086
11.1900000   -0.0003536
11.2000000   -0.000351114
11.2100000   -0.000348627
11.2200000   -0.00034624
11.2300000   -0.000343852
11.2400000   -0.000341363
11.2500000   -0.000338974
11.2600000   -0.000336684
11.2700000   -0.000334294
11.2800000   -0.000331903
11.2900000   -0.000329611
11.3000000   -0.000327319
11.3100000   -0.000325027
11.3200000   -0.000322734
11.3300000   -0.00032044
11.3400000   -0.000318246
11.3500000   -0.000316051
11.3600000   -0.000313756
11.3700000   -0.00031156
11.3800000   -0.000309464
11.3900000   -0.000307267
11.4000000   -0.00030507
11.4100000   -0.000302972
11.4200000   -0.000300873
11.4300000   -0.000298774
11.4400000   -0.000296675
11.4500000   -0.000294575
11.4600000   -0.000292474
11.4700000   -0.000290473
11.4800000   -0.000288371
11.4900000   -0.000286369
11.5000000   -0.000284367
11.5100000   -0.000282364
11.5200000   -0.00028036
11.5300000   -0.000278456
11.5400000   -0.000276451
11.5500000   -0.000274546
11.5600000   -0.00027264
11.5700000   -0.000270734
11.5800000   -0.000268827
11.5900000   -0.00026692
11.6000000   -0.000265012
11.6100000   -0.000263204
11.6200000   -0.000261295
11.6300000   -0.000259486
11.6400000   -0.000257677
11.6500000   -0.000255866
11.6600000   -0.000254056
11.6700000   -0.000252245
11.6800000   -0.000250533
11.6900000   -0.000248721
11.7000000   -0.000247008
11.7100000   -0.000245195
11.7200000   -0.000243482
11.7300000   -0.000241768
11.7400000   -0.000240053
11.7500000   -0.000238438
11.7600000   -0.000236723
11.7700000   -0.000235007
11.7800000   -0.00023339
11.7900000   -0.000231773
11.8000000   -0.000230056
11.8100000   -0.000228438
11.8200000   -0.00022682
11.8300000   -0.000225201
11.8400000   -0.000223682
11.8500000   -0.000222063
11.8600000   -0.000220543
11.8700000   -0.000218922
11.8800000   -0.000217401
11.8900000   -0.00021588
11.9000000   -0.000214358
11.9100000   -0.000212835
11.9200000   -0.000211313
11.9300000   -0.000209789
11.9400000   -0.000208266
11.9500000   -0.000206842
11.9600000   -0.000205317
11.9700000   -0.000203892
11.9800000   -0.000202467
11.9900000   -0.000201041
12.0000000   -0.000199514
12.0100000   -0.000198188
12.0200000   -0.00019676
12.0300000   -0.000195333
12.0400000   -0.000193905
12.0500000   -0.000192576
12.0600000   -0.000191147
12.0700000   -0.000189818
12.0800000   -0.000188488
12.0900000   -0.000187058
12.1000000   -0.000185728
12.1100000   -0.000184397
12.1200000   -0.000183065
12.1300000   -0.000181833
12.1400000   -0.000180501
12.1500000   -0.000179169
12.1600000   -0.000177935
12.1700000   -0.000176602
12.1800000   -0.000175368
12.1900000   -0.000174134
12.2000000   -0.000172799
12.2100000   -0.000171564
12.2200000   -0.000170328
12.2300000   -0.000169092
12.2400000   -0.000167856
12.2500000   -0.000166719
12.2600000   -0.000165482
12.2700000   -0.000164245
12.2800000   -0.000163107
12.2900000   -0.000161869
12.3000000   -0.00016073
12.3100000   -0.000159591
12.3200000   -0.000158351
12.3300000   -0.000157211
12.3400000   -0.000156071
12.3500000   -0.00015493
12.3600000   -0.000153789
12.3700000   -0.000152748
12.3800000   -0.000151606
12.3900000   -0.000150464
12.4000000   -0.000149421
12.4100000   -0.000148278
12.4200000   -0.000147235
12.4300000   -0.000146091
12.4400000   -0.000145047
12.4500000   -0.000144003
12.4600000   -0.000142958
12.4700000   -0.000141913
12.4800000   -0.000140867
12.4900000   -0.000139821
12.5000000   -0.000138775
12.5100000   -0.000137728
12.5200000   -0.000136681
12.5300000   -0.000135733
12.5400000   -0.000134686
12.5500000   -0.000133738
12.5600000   -0.000132689
12.5700000   -0.00013174
12.5800000   -0.000130691
12.5900000   -0.000129741
12.6000000   -0.000128791
12.6100000   -0.000127841
12.6200000   -0.00012689
12.6300000   -0.000125939
12.6400000   -0.000124988
12.6500000   -0.000124036
12.6600000   -0.000123084
12.6700000   -0.000122232
12.6800000   -0.000121279
12.6900000   -0.000120326
12.7000000   -0.000119472
12.7100000   -0.000118518
12.7200000   -0.000117664
12.7300000   -0.00011681
12.7400000   -0.000115855
12.7500000   -0.000115
12.7600000   -0.000114144
12.7700000   -0.000113288
12.7800000   -0.000112432
12.7900000   -0.000111575
12.8000000   -0.000110719
12.8100000   -0.000109861
12.8200000   -0.000109004
12.8300000   -0.000108146
12.8400000   -0.000107288
12.8500000   -0.000106529
12.8600000   -0.00010567
12.8700000   -0.000104911
12.8800000   -0.000104051
12.8900000   -0.000103292
12.9000000   -0.000102431
12.9100000   -0.000101671
12.9200000   -0.00010091
12.9300000   -0.000100049
12.9400000   -9.92873e-05
12.9500000   -9.85255e-05
12.9600000   -9.77634e-05
12.9700000   -9.70009e-05
12.9800000   -9.62381e-05
12.9900000   -9.54751e-05
13.0000000   -9.47117e-05
13.0100000   -9.3948e-05
13.0200000   -9.32839e-05
13.0300000   -9.25196e-05
13.0400000   -9.17549e-05
13.0500000   -9.109e-05
13.0600000   -9.03247e-05
13.0700000   -8.95591e-05
13.0800000   -8.88932e-05
13.0900000   -8.8227e-05
13.1000000   -8.74605e-05
13.1100000   -8.67937e-05
13.1200000   -8.60266e-05
13.1300000   -8.53592e-05
13.1400000   -8.46915e-05
13.1500000   -8.40234e-05
13.1600000   -8.33551e-05
13.1700000   -8.26865e-05
13.1800000   -8.20176e-05
13.1900000   -8.13483e-05
13.2000000   -8.06788e-05
13.2100000   -8.0009e-05
13.2200000   -7.93389e-05
13.2300000   -7.86685e-05
13.2400000   -7.79978e-05
13.2500000   -7.74268e-05
13.2600000   -7.67555e-05
13.2700000   -7.6084e-05
13.2800000   -7.55121e-05
13.2900000   -7.484e-05
13.3000000   -7.42675e-05
13.3100000   -7.35948e-05
13.3200000   -7.30218e-05
13.3300000   -7.24485e-05
13.3400000   -7.17749e-05
13.3500000   -7.1201e-05
13.3600000   -7.06269e-05
13.3700000   -6.99524e-05
13.3800000   -6.93777e-05
13.3900000   -6.88027e-05
13.4000000   -6.82275e-05
13.4100000   -6.76519e-05
13.4200000   -6.70761e-05
13.4300000   -6.65e-05
13.4400000   -6.59236e-05
13.4500000   -6.53469e-05
13.4600000   -6.477e-05
13.4700000   -6.41928e-05
13.4800000   -6.37153e-05
13.4900000   -6.31375e-05
13.5000000   -6.25595e-05
13.5100000   -6.19812e-05
13.5200000   -6.15026e-05
13.5300000   -6.09238e-05
13.5400000   -6.04447e-05
13.5500000   -5.98653e-05
13.5600000   -5.93857e-05
13.5700000   -5.88058e-05
13.5800000   -5.83256e-05
13.5900000   -5.77452e-05
13.6000000   -5.72645e-05
13.6100000   -5.67835e-05
13.6200000   -5.62023e-05
13.6300000   -5.57208e-05
13.6400000   -5.52391e-05
13.6500000   -5.47571e-05
13.6600000   -5.41748e-05
13.6700000   -5.36923e-05
13.6800000   -5.32095e-05
13.6900000   -5.27265e-05
13.7000000   -5.22432e-05
13.7100000   -5.17596e-05
13.7200000   -5.12758e-05
13.7300000   -5.07918e-05
13.7400000   -5.03075e-05
13.7500000   -4.98229e-05
13.7600000   -4.93381e-05
13.7700000   -4.8953e-05
13.7800000   -4.84677e-05
13.7900000   -4.79821e-05
13.8000000   -4.74963e-05
13.8100000   -4.71103e-05
13.8200000   -4.6624e-05
13.8300000   -4.61374e-05
13.8400000   -4.57506e-05
13.8500000   -4.52636e-05
13.8600000   -4.48763e-05
13.8700000   -4.43887e-05
13.8800000   -4.4001e-05
13.8900000   -4.35129e-05
13.9000000   -4.31247e-05
13.9100000   -4.26362e-05
13.9200000   -4.22474e-05
13.9300000   -4.18585e-05
13.9400000   -4.13692e-05
13.9500000   -4.09798e-05
13.9600000   -4.05901e-05
13.9700000   -4.02001e-05
13.9800000   -3.971e-05
13.9900000   -3.93196e-05
14.0000000   -3.89289e-05
14.0100000   -3.85381e-05
14.0200000   -3.8147e-05
14.0300000   -3.77556e-05
14.0400000   -3.7364e-05
14.0500000   -3.69722e-05
14.0600000   -3.65802e-05
14.0700000   -3.61879e-05
14.0800000   -3.57955e-05
14.0900000   -3.54027e-05
14.1000000   -3.50098e-05
14.1100000   -3.46166e-05
14.1200000   -3.42232e-05
14.1300000   -3.38296e-05
14.1400000   -3.35357e-05
14.1500000   -3.31416e-05
14.1600000   -3.27473e-05
14.1700000   -3.23528e-05
14.1800000   -3.20581e-05
14.1900000   -3.16631e-05
14.2000000   -3.12679e-05
14.2100000   -3.09725e-05
14.2200000   -3.05768e-05
14.2300000   -3.0281e-05
14.2400000   -2.98849e-05
14.2500000   -2.95886e-05
14.2600000   -2.91921e-05
14.2700000   -2.88953e-05
14.2800000   -2.84984e-05
14.2900000   -2.82012e-05
14.3000000   -2.78039e-05
14.3100000   -2.75063e-05
14.3200000   -2.72084e-05
14.3300000   -2.68104e-05
14.3400000   -2.65122e-05
14.3500000   -2.62137e-05
14.3600000   -2.58151e-05
14.3700000   -2.55162e-05
14.3800000   -2.52171e-05
14.3900000   -2.49178e-05
14.4000000   -2.45183e-05
14.4100000   -2.42186e-05
14.4200000   -2.39187e-05
14.4300000   -2.36186e-05
14.4400000   -2.33182e-05
14.4500000   -2.30177e-05
14.4600000   -2.27169e-05
14.4700000   -2.2416e-05
14.4800000   -2.21148e-05
14.4900000   -2.18134e-05
14.5000000   -2.15119e-05
14.5100000   -2.12101e-05
14.5200000   -2.09081e-05
14.5300000   -2.06059e-05
14.5400000   -2.03036e-05
14.5500000   -2.0001e-05
14.5600000   -1.96982e-05
14.5700000   -1.93952e-05
14.5800000   -1.9092e-05
14.5900000   -1.88887e-05
14.6000000   -1.85851e-05
14.6100000   -1.82813e-05
14.6200000   -1.79773e-05
14.6300000   -1.77732e-05
14.6400000   -1.74688e-05
14.6500000   -1.71642e-05
14.6600000   -1.69595e-05
14.6700000   -1.66545e-05
14.6800000   -1.63494e-05
14.6900000   -1.6144e-05
14.7000000   -1.58385e-05
14.7100000   -1.55328e-05
14.7200000   -1.53268e-05
14.7300000   -1.50207e-05
14.7400000   -1.48144e-05
14.7500000   -1.45079e-05
14.7600000   -1.43013e-05
14.7700000   -1.39944e-05
14.7800000   -1.37873e-05
14.7900000   -1.34801e-05
14.8000000   -1.32726e-05
14.8100000   -1.2965e-05
14.8200000   -1.27572e-05
14.8300000   -1.25492e-05
14.8400000   -1.2241e-05
14.8500000   -1.20327e-05
14.8600000   -1.18241e-05
14.8700000   -1.15154e-05
14.8800000   -1.13064e-05
14.8900000   -1.10973e-05
14.9000000   -1.0788e-05
14.9100000   -1.05786e-05
14.9200000   -1.03689e-05
14.9300000   -1.01591e-05
14.9400000   -9.94907e-06
14.9500000   -9.63888e-06
14.9600000   -9.4285e-06
14.9700000   -9.21795e-06
14.9800000   -9.00721e-06
14.9900000   -8.7963e-06
15.0000000   -8.58521e-06
15.0100000   -8.37394e-06
15.0200000   -8.06249e-06
15.0300000   -7.85087e-06
15.0400000   -7.63907e-06
15.0500000   -7.42709e-06
15.0600000   -7.21494e-06
15.0700000   -7.00262e-06
15.0800000   -6.79012e-06
15.0900000   -6.57745e-06
15.1000000   -6.3646e-06
15.1100000   -6.15158e-06
15.1200000   -5.93839e-06
15.1300000   -5.72502e-06
15.1400000   -5.61149e-06
15.1500000   -5.39778e-06
15.1600000   -5.1839e-06
15.1700000   -4.96985e-06
15.1800000   -4.75564e-06
15.1900000   -4.54125e-06
15.2000000   -4.32669e-06
15.2100000   -4.21197e-06
15.2200000   -3.99708e-06
15.2300000   -3.78202e-06
15.2400000   -3.56679e-06
15.2500000   -3.35139e-06
15.2600000   -3.23583e-06
15.2700000   -3.02011e-06
15.2800000   -2.80422e-06
15.2900000   -2.68816e-06
15.3000000   -2.47194e-06
15.3100000   -2.25555e-06
15.3200000   -2.13901e-06
15.3300000   -1.92229e-06
15.3400000   -1.70542e-06
15.3500000   -1.58838e-06
15.3600000   -1.37118e-06
15.3700000   -1.15382e-06
15.3800000   -1.0363e-06
15.3900000   -8.18616e-07
15.4000000   -7.00773e-07
15.4100000   -4.8277e-07
15.4200000   -2.64607e-07
15.4300000   -1.46286e-07
15.4400000   7.21942e-08
15.4500000   1.90833e-07
15.4600000   4.09629e-07
15.4700000   5.28582e-07
15.4800000   7.47693e-07
15.4900000   8.6696e-07
15.5000000   9.86384e-07
15.5100000   1.20596e-06
15.5200000   1.3257e-06
15.5300000   1.54559e-06
15.5400000   1.66563e-06
15.5500000   1.88583e-06
15.5600000   2.00618e-06
15.5700000   2.12669e-06
15.5800000   2.34735e-06
15.5900000   2.46816e-06
15.6000000   2.58912e-06
15.6100000   2.81024e-06
15.6200000   2.9315e-06
15.6300000   3.05292e-06
15.6400000   3.27449e-06
15.6500000   3.39621e-06
15.6600000   3.51808e-06
15.6700000   3.7401e-06
15.6800000   3.86226e-06
15.6900000   3.98458e-06
15.7000000   4.10705e-06
15.7100000   4.22966e-06
15.7200000   4.45242e-06
15.7300000   4.57533e-06
15.7400000   4.69838e-06
15.7500000   4.82158e-06
15.7600000   4.94493e-06
15.7700000   5.16842e-06
15.7800000   5.29206e-06
15.7900000   5.41584e-06
15.8000000   5.53977e-06
15.8100000   5.66384e-06
15.8200000   5.78806e-06
15.8300000   5.91242e-06
15.8400000   6.03692e-06
15.8500000   6.26157e-06
15.8600000   6.38636e-06
15.8700000   6.51129e-06
15.8800000   6.63636e-06
15.8900000   6.76157e-06
15.9000000   6.88693e-06
15.9100000   7.01243e-06
15.9200000   7.13806e-06
15.9300000   7.26384e-06
15.9400000   7.38975e-06
15.9500000   7.51581e-06
15.9600000   7.642e-06
15.9700000   7.76833e-06
15.9800000   7.8948e-06
15.9900000   8.02141e-06
16.0000000   8.14816e-06
16.0100000   8.27504e-06
16.0200000   8.40206e-06
16.0300000   8.52922e-06
16.0400000   8.55651e-06
16.0500000   8.68394e-06
16.0600000   8.81151e-06
16.0700000   8.93921e-06
16.0800000   9.06704e-06
16.0900000   9.19501e-06
16.1000000   9.32311e-06
16.1100000   9.45135e-06
16.1200000   9.57972e-06
16.1300000   9.60822e-06
16.1400000   9.73686e-06
16.1500000   9.86563e-06
16.1600000   9.99453e-06
16.1700000   1.01236e-05
16.1800000   1.01527e-05
16.1900000   1.0282e-05
16.2000000   1.04114e-05
16.2100000   1.0541e-05
16.2200000   1.06707e-05
16.2300000   1.07005e-05
16.2400000   1.08305e-05
16.2500000   1.09605e-05
16.2600000   1.10907e-05
16.2700000   1.11211e-05
16.2800000   1.12515e-05
16.2900000   1.13821e-05
16.3000000   1.14128e-05
16.3100000   1.15437e-05
16.3200000   1.16747e-05
16.3300000   1.17058e-05
16.3400000   1.1837e-05
16.3500000   1.19683e-05
16.3600000   1.19998e-05
16.3700000   1.21314e-05
16.3800000   1.22631e-05
16.3900000   1.2295e-05
16.4000000   1.2427e-05
16.4100000   1.25591e-05
16.4200000   1.25913e-05
16.4300000   1.27237e-05
16.4400000   1.27561e-05
16.4500000   1.28887e-05
16.4600000   1.30214e-05
16.4700000   1.30543e-05
16.4800000   1.31873e-05
16.4900000   1.32203e-05
16.5000000   1.33535e-05
16.5100000   1.33869e-05
16.5200000   1.35203e-05
16.5300000   1.36539e-05
16.5400000   1.36876e-05
16.5500000   1.38214e-05
16.5600000   1.38553e-05
16.5700000   1.39894e-05
16.5800000   1.40236e-05
16.5900000   1.41578e-05
16.6000000   1.41923e-05
16.6100000   1.43268e-05
16.6200000   1.43614e-05
16.6300000   1.44962e-05
16.6400000   1.45311e-05
16.6500000   1.46661e-05
16.6600000   1.47012e-05
16.6700000   1.47364e-05
16.6800000   1.48718e-05
16.6900000   1.49072e-05
16.7000000   1.50428e-05
16.7100000   1.50785e-05
16.7200000   1.52143e-05
16.7300000   1.52502e-05
16.7400000   1.52863e-05
16.7500000   1.54224e-05
16.7600000   1.54587e-05
16.7700000   1.55951e-05
16.7800000   1.56316e-05
16.7900000   1.56682e-05
16.8000000   1.58049e-05
16.8100000   1.58417e-05
16.8200000   1.58787e-05
16.8300000   1.60158e-05
16.8400000   1.60529e-05
16.8500000   1.61902e-05
16.8600000   1.62276e-05
16.8700000   1.62651e-05
16.8800000   1.64027e-05
16.8900000   1.64405e-05
16.9000000   1.64783e-05
16.9100000   1.65163e-05
16.9200000   1.66543e-05
16.9300000   1.66925e-05
16.9400000   1.67308e-05
16.9500000   1.68692e-05
16.9600000   1.69077e-05
16.9700000   1.69463e-05
16.9800000   1.6985e-05
16.9900000   1.71238e-05
17.0000000   1.71627e-05
17.0100000   1.72018e-05
17.0200000   1.72409e-05
17.0300000   1.73802e-05
17.0400000   1.74195e-05
17.0500000   1.7459e-05
17.0600000   1.74986e-05
17.0700000   1.76382e-05
17.0800000   1.7678e-05
17.0900000   1.77179e-05
17.1000000   1.77579e-05
17.1100000   1.7798e-05
17.1200000   1.79382e-05
17.1300000   1.79785e-05
17.1400000   1.8019e-05
17.1500000   1.80595e-05
17.1600000   1.81001e-05
17.1700000   1.82408e-05
17.1800000   1.82817e-05
17.1900000   1.83226e-05
17.2000000   1.83636e-05
17.2100000   1.84048e-05
17.2200000   1.8446e-05
17.2300000   1.84874e-05
17.2400000   1.86288e-05
17.2500000   1.86704e-05
17.2600000   1.8712e-05
17.2700000   1.87538e-05
17.2800000   1.87956e-05
17.2900000   1.88376e-05
17.3000000   1.88796e-05
17.3100000   1.89218e-05
17.3200000   1.9064e-05
17.3300000   1.91064e-05
17.3400000   1.91488e-05
17.3500000   1.91914e-05
17.3600000   1.9234e-05
17.3700000   1.92768e-05
17.3800000   1.93196e-05
17.3900000   1.93626e-05
17.4000000   1.94056e-05
17.4100000   1.94488e-05
17.4200000   1.9492e-05
17.4300000   1.95354e-05
17.4400000   1.95788e-05
17.4500000   1.96224e-05
17.4600000   1.9766e-05
17.4700000   1.98097e-05
17.4800000   1.98535e-05
17.4900000   1.98975e-05
17.5000000   1.99415e-05
17.5100000   1.99856e-05
17.5200000   2.00298e-05
17.5300000   2.00741e-05
17.5400000   2.01185e-05
17.5500000   2.0163e-05
17.5600000   2.02076e-05
17.5700000   2.02523e-05
17.5800000   2.02971e-05
17.5900000   2.03419e-05
17.6000000   2.03869e-05
17.6100000   2.0432e-05
17.6200000   2.04771e-05
17.6300000   2.05224e-05
17.6400000   2.04677e-05
17.6500000   2.05131e-05
17.6600000   2.05587e-05
17.6700000   2.06043e-05
17.6800000   2.065e-05
17.6900000   2.06958e-05
17.7000000   2.07417e-05
17.7100000   2.07877e-05
17.7200000   2.08338e-05
17.7300000   2.08799e-05
17.7400000   2.09262e-05
17.7500000   2.09726e-05
17.7600000   2.1019e-05
17.7700000   2.10655e-05
17.7800000   2.11122e-05
17.7900000   2.10589e-05
17.8000000   2.11057e-05
17.8100000   2.11526e-05
17.8200000   2.11995e-05
17.8300000   2.12466e-05
17.8400000   2.12938e-05
17.8500000   2.1341e-05
17.8600000   2.13884e-05
17.8700000   2.14358e-05
17.8800000   2.13833e-05
17.8900000   2.14309e-05
17.9000000   2.14786e-05
17.9100000   2.15264e-05
17.9200000   2.15742e-05
17.9300000   2.16222e-05
17.9400000   2.16702e-05
17.9500000   2.17184e-05
17.9600000   2.16666e-05
17.9700000   2.17149e-05
17.9800000   2.17632e-05
17.9900000   2.18117e-05
18.0000000   2.18603e-05
18.0100000   2.19089e-05
18.0200000   2.18576e-05
18.0300000   2.19065e-05
18.0400000   2.19554e-05
18.0500000   2.20043e-05
18.0600000   2.20534e-05
18.0700000   2.20026e-05
18.0800000   2.20518e-05
18.0900000   2.21011e-05
18.1000000   2.21505e-05
18.1100000   2.22e-05
18.1200000   2.21496e-05
18.1300000   2.21992e-05
18.1400000   2.2249e-05
18.1500000   2.22988e-05
18.1600000   2.23487e-05
18.1700000   2.22987e-05
18.1800000   2.23488e-05
18.1900000   2.23989e-05
18.2000000   2.24492e-05
18.2100000   2.23995e-05
18.2200000   2.24499e-05
18.2300000   2.25003e-05
18.2400000   2.25509e-05
18.2500000   2.26015e-05
18.2600000   2.25523e-05
18.2700000   2.26031e-05
18.2800000   2.2654e-05
18.2900000   2.27049e-05
18.3000000   2.2656e-05
18.3100000   2.27071e-05
18.3200000   2.27583e-05
18.3300000   2.27096e-05
18.3400000   2.2761e-05
18.3500000   2.28124e-05
18.3600000   2.28639e-05
18.3700000   2.28155e-05
18.3800000   2.28672e-05
18.3900000   2.2919e-05
18.4000000   2.29708e-05
18.4100000   2.29227e-05
18.4200000   2.29747e-05
18.4300000   2.30268e-05
18.4400000   2.2979e-05
18.4500000   2.30312e-05
18.4600000   2.30835e-05
18.4700000   2.30359e-05
18.4800000   2.30884e-05
18.4900000   2.31409e-05
18.5000000   2.30935e-05
18.5100000   2.31462e-05
18.5200000   2.3199e-05
18.5300000   2.32518e-05
18.5400000   2.32047e-05
18.5500000   2.32577e-05
18.5600000   2.33108e-05
18.5700000   2.3264e-05
18.5800000   2.33172e-05
18.5900000   2.33705e-05
18.6000000   2.33239e-05
18.6100000   2.33773e-05
18.6200000   2.34309e-05
18.6300000   2.33845e-05
18.6400000   2.34381e-05
18.6500000   2.33919e-05
18.6600000   2.34457e-05
18.6700000   2.34996e-05
18.6800000   2.34536e-05
18.6900000   2.35076e-05
18.7000000   2.35618e-05
18.7100000   2.3516e-05
18.7200000   2.35702e-05
18.7300000   2.36246e-05
18.7400000   2.3579e-05
18.7500000   2.36335e-05
18.7600000   2.3588e-05
18.7700000   2.36427e-05
18.7800000   2.36974e-05
18.7900000   2.36521e-05
18.8000000   2.3707e-05
18.8100000   2.36619e-05
18.8200000   2.37169e-05
18.8300000   2.3772e-05
18.8400000   2.37271e-05
18.8500000   2.37823e-05
18.8600000   2.37376e-05
18.8700000   2.3793e-05
18.8800000   2.38484e-05
18.8900000   2.38039e-05
18.9000000   2.38594e-05
18.9100000   2.38151e-05
18.9200000   2.38708e-05
18.9300000   2.39265e-05
18.9400000   2.38824e-05
18.9500000   2.39383e-05
18.9600000   2.38943e-05
18.9700000   2.39503e-05
18.9800000   2.39065e-05
18.9900000   2.39627e-05
19.0000000   2.40189e-05
19.0100000   2.39752e-05
19.0200000   2.40316e-05
19.0300000   2.39881e-05
19.0400000   2.40447e-05
19.0500000   2.40013e-05
19.0600000   2.40579e-05
19.0700000   2.41147e-05
19.0800000   2.40715e-05
19.0900000   2.41284e-05
19.1000000   2.40853e-05
19.1100000   2.41423e-05
19.1200000   2.40994e-05
19.1300000   2.41565e-05
19.1400000   2.41138e-05
19.1500000   2.4171e-05
19.1600000   2.41284e-05
19.1700000   2.41858e-05
19.1800000   2.41433e-05
19.1900000   2.42008e-05
19.2000000   2.41584e-05
19.2100000   2.42161e-05
19.2200000   2.42739e-05
19.2300000   2.42317e-05
19.2400000   2.42896e-05
19.2500000   2.42475e-05
19.2600000   2.43055e-05
19.2700000   2.42636e-05
19.2800000   2.43217e-05
19.2900000   2.42799e-05
19.3000000   2.43382e-05
19.3100000   2.42965e-05
19.3200000   2.43549e-05
19.3300000   2.43134e-05
19.3400000   2.43719e-05
19.3500000   2.43305e-05
19.3600000   2.43892e-05
19.3700000   2.43479e-05
19.3800000   2.44067e-05
19.3900000   2.43655e-05
19.4000000   2.44244e-05
19.4100000   2.43834e-05
19.4200000   2.44425e-05
19.4300000   2.44016e-05
19.4400000   2.44607e-05
19.4500000   2.442e-05
19.4600000   2.43792e-05
19.4700000   2.44386e-05
19.4800000   2.4398e-05
19.4900000   2.44575e-05
19.5000000   2.4417e-05
19.5100000   2.44766e-05
19.5200000   2.44363e-05
19.5300000   2.4496e-05
19.5400000   2.44558e-05
19.5500000   2.45157e-05
19.5600000   2.44756e-05
19.5700000   2.45356e-05
19.5800000   2.44956e-05
19.5900000   2.45557e-05
19.6000000   2.45158e-05
19.6100000   2.44761e-05
19.6200000   2.45363e-05
19.6300000   2.44967e-05
19.6400000   2.45571e-05
19.6500000   2.45175e-05
19.6600000   2.45781e-05
19.6700000   2.45387e-05
19.6800000   2.45993e-05
19.6900000   2.456e-05
19.7000000   2.45208e-05
19.7100000   2.45816e-05
19.7200000   2.45425e-05
19.7300000   2.46034e-05
19.7400000   2.45644e-05
19.7500000   2.46255e-05
19.7600000   2.45866e-05
19.7700000   2.45477e-05
19.7800000   2.4609e-05
19.7900000   2.45703e-05
19.8000000   2.46316e-05
19.8100000   2.4593e-05
19.8200000   2.46545e-05
19.8300000   2.4616e-05
19.8400000   2.45776e-05
19.8500000   2.46393e-05
19.8600000   2.4601e-05
19.8700000   2.46627e-05
19.8800000   2.46246e-05
19.8900000   2.45864e-05
19.9000000   2.46484e-05
19.9100000   2.46103e-05
19.9200000   2.46724e-05
19.9300000   2.46345e-05
19.9400000   2.45967e-05
19.9500000   2.46589e-05
19.9600000   2.46212e-05
19.9700000   2.46835e-05
19.9800000   2.46459e-05
19.9900000   2.46083e-05
20.0000000   2.46708e-05
20.0100000   2.46334e-05
20.0200000   2.4696e-05
20.0300000   2.46587e-05
20.0400000   2.46214e-05
20.0500000   2.46842e-05
20.0600000   2.4647e-05
20.0700000   2.47099e-05
20.0800000   2.46728e-05
20.0900000   2.46358e-05
