0.1000000   879.73
0.1100000   878.95
0.1200000   878.357
0.1300000   877.895
0.1400000   877.528
0.1500000   877.232
0.1600000   876.99
0.1700000   876.79
0.1800000   876.622
0.1900000   876.48
0.2000000   876.358
0.2100000   876.254
0.2200000   876.163
0.2300000   876.084
0.2400000   876.015
0.2500000   875.953
0.2600000   875.899
0.2700000   875.851
0.2800000   875.807
0.2900000   875.769
0.3000000   875.734
0.3100000   875.702
0.3200000   875.673
0.3300000   875.647
0.3400000   875.623
0.3500000   875.601
0.3600000   875.581
0.3700000   875.562
0.3800000   875.545
0.3900000   875.53
0.4000000   875.515
0.4100000   875.501
0.4200000   875.489
0.4300000   875.477
0.4400000   875.466
0.4500000   875.456
0.4600000   875.446
0.4700000   875.438
0.4800000   875.429
0.4900000   875.421
0.5000000   875.414
0.5100000   875.407
0.5200000   875.4
0.5300000   875.394
0.5400000   875.388
0.5500000   875.383
0.5600000   875.377
0.5700000   875.372
0.5800000   875.368
0.5900000   875.363
0.6000000   875.359
0.6100000   875.355
0.6200000   875.351
0.6300000   875.347
0.6400000   875.344
0.6500000   875.34
0.6600000   875.337
0.6700000   875.334
0.6800000   875.331
0.6900000   875.328
0.7000000   875.326
0.7100000   875.323
0.7200000   875.321
0.7300000   875.318
0.7400000   875.316
0.7500000   875.314
0.7600000   875.312
0.7700000   875.31
0.7800000   875.308
0.7900000   875.306
0.8000000   875.304
0.8100000   875.302
0.8200000   875.301
0.8300000   875.299
0.8400000   875.298
0.8500000   875.296
0.8600000   875.295
0.8700000   875.293
0.8800000   875.292
0.8900000   875.291
0.9000000   875.289
0.9100000   875.288
0.9200000   875.287
0.9300000   875.286
0.9400000   875.285
0.9500000   875.284
0.9600000   875.283
0.9700000   875.282
0.9800000   875.281
0.9900000   875.28
1.0000000   875.279
1.0100000   875.278
1.0200000   875.277
1.0300000   875.276
1.0400000   875.276
1.0500000   875.275
1.0600000   875.274
1.0700000   875.273
1.0800000   875.273
1.0900000   875.272
1.1000000   875.271
1.1100000   875.27
1.1200000   875.27
1.1300000   875.269
1.1400000   875.269
1.1500000   875.268
1.1600000   875.267
1.1700000   875.267
1.1800000   875.266
1.1900000   875.266
1.2000000   875.265
1.2100000   875.265
1.2200000   875.264
1.2300000   875.264
1.2400000   875.263
1.2500000   875.263
1.2600000   875.262
1.2700000   875.262
1.2800000   875.261
1.2900000   875.261
1.3000000   875.261
1.3100000   875.26
1.3200000   875.26
1.3300000   875.259
1.3400000   875.259
1.3500000   875.259
1.3600000   875.258
1.3700000   875.258
1.3800000   875.258
1.3900000   875.257
1.4000000   875.257
1.4100000   875.257
1.4200000   875.256
1.4300000   875.256
1.4400000   875.256
1.4500000   875.255
1.4600000   875.255
1.4700000   875.255
1.4800000   875.254
1.4900000   875.254
1.5000000   875.254
1.5100000   875.254
1.5200000   875.253
1.5300000   875.253
1.5400000   875.253
1.5500000   875.253
1.5600000   875.252
1.5700000   875.252
1.5800000   875.252
1.5900000   875.252
1.6000000   875.252
1.6100000   875.251
1.6200000   875.251
1.6300000   875.251
1.6400000   875.251
1.6500000   875.25
1.6600000   875.25
1.6700000   875.25
1.6800000   875.25
1.6900000   875.25
1.7000000   875.25
1.7100000   875.249
1.7200000   875.249
1.7300000   875.249
1.7400000   875.249
1.7500000   875.249
1.7600000   875.248
1.7700000   875.248
1.7800000   875.248
1.7900000   875.248
1.8000000   875.248
1.8100000   875.248
1.8200000   875.248
1.8300000   875.247
1.8400000   875.247
1.8500000   875.247
1.8600000   875.247
1.8700000   875.247
1.8800000   875.247
1.8900000   875.247
1.9000000   875.246
1.9100000   875.246
1.9200000   875.246
1.9300000   875.246
1.9400000   875.246
1.9500000   875.246
1.9600000   875.246
1.9700000   875.246
1.9800000   875.245
1.9900000   875.245
2.0000000   875.245
2.0100000   875.245
2.0200000   875.245
2.0300000   875.245
2.0400000   875.245
2.0500000   875.245
2.0600000   875.245
2.0700000   875.244
2.0800000   875.244
2.0900000   875.244
2.1000000   875.244
2.1100000   875.244
2.1200000   875.244
2.1300000   875.244
2.1400000   875.244
2.1500000   875.244
2.1600000   875.244
2.1700000   875.244
2.1800000   875.243
2.1900000   875.243
2.2000000   875.243
2.2100000   875.243
2.2200000   875.243
2.2300000   875.243
2.2400000   875.243
2.2500000   875.243
2.2600000   875.243
2.2700000   875.243
2.2800000   875.243
2.2900000   875.243
2.3000000   875.242
2.3100000   875.242
2.3200000   875.242
2.3300000   875.242
2.3400000   875.242
2.3500000   875.242
2.3600000   875.242
2.3700000   875.242
2.3800000   875.242
2.3900000   875.242
2.4000000   875.242
2.4100000   875.242
2.4200000   875.242
2.4300000   875.242
2.4400000   875.242
2.4500000   875.241
2.4600000   875.241
2.4700000   875.241
2.4800000   875.241
2.4900000   875.241
2.5000000   875.241
2.5100000   834.197
2.5200000   795.227
2.5300000   758.218
2.5400000   723.066
2.5500000   689.67
2.5600000   657.935
2.5700000   627.775
2.5800000   599.104
2.5900000   571.844
2.6000000   545.92
2.6100000   521.263
2.6200000   497.805
2.6300000   475.485
2.6400000   454.243
2.6500000   434.023
2.6600000   414.773
2.6700000   396.443
2.6800000   378.985
2.6900000   362.355
2.7000000   346.512
2.7100000   331.414
2.7200000   317.025
2.7300000   303.309
2.7400000   290.232
2.7500000   277.762
2.7600000   265.869
2.7700000   254.525
2.7800000   243.702
2.7900000   233.374
2.8000000   223.518
2.8100000   214.109
2.8200000   205.127
2.8300000   196.551
2.8400000   188.361
2.8500000   180.538
2.8600000   173.065
2.8700000   165.925
2.8800000   159.102
2.8900000   152.581
2.9000000   146.347
2.9100000   140.388
2.9200000   134.689
2.9300000   129.24
2.9400000   124.028
2.9500000   119.042
2.9600000   114.271
2.9700000   109.706
2.9800000   105.338
2.9900000   101.156
3.0000000   97.1533
3.0100000   93.3207
3.0200000   89.6507
3.0300000   86.1358
3.0400000   82.7691
3.0500000   79.5439
3.0600000   76.4538
3.0700000   73.4927
3.0800000   70.6549
3.0900000   67.9349
3.1000000   65.3274
3.1100000   62.8275
3.1200000   60.4303
3.1300000   58.1314
3.1400000   55.9265
3.1500000   53.8114
3.1600000   51.7822
3.1700000   49.8352
3.1800000   47.9668
3.1900000   46.1736
3.2000000   44.4524
3.2100000   42.8001
3.2200000   41.2137
3.2300000   39.6904
3.2400000   38.2276
3.2500000   36.8226
3.2600000   35.473
3.2700000   34.1765
3.2800000   32.9308
3.2900000   31.7338
3.3000000   30.5834
3.3100000   29.4778
3.3200000   28.415
3.3300000   27.3933
3.3400000   26.411
3.3500000   25.4665
3.3600000   24.5581
3.3700000   23.6845
3.3800000   22.8441
3.3900000   22.0357
3.4000000   21.2579
3.4100000   20.5095
3.4200000   19.7894
3.4300000   19.0963
3.4400000   18.4292
3.4500000   17.787
3.4600000   17.1688
3.4700000   16.5735
3.4800000   16.0003
3.4900000   15.4484
3.5000000   14.9168
3.5100000   14.4047
3.5200000   13.9114
3.5300000   13.4362
3.5400000   12.9784
3.5500000   12.5372
3.5600000   12.112
3.5700000   11.7022
3.5800000   11.3072
3.5900000   10.9265
3.6000000   10.5594
3.6100000   10.2055
3.6200000   9.86423
3.6300000   9.53515
3.6400000   9.21777
3.6500000   8.91166
3.6600000   8.61638
3.6700000   8.33153
3.6800000   8.05671
3.6900000   7.79154
3.7000000   7.53567
3.7100000   7.28874
3.7200000   7.05043
3.7300000   6.8204
3.7400000   6.59836
3.7500000   6.38401
3.7600000   6.17706
3.7700000   5.97725
3.7800000   5.7843
3.7900000   5.59797
3.8000000   5.41801
3.8100000   5.2442
3.8200000   5.0763
3.8300000   4.91411
3.8400000   4.75742
3.8500000   4.60602
3.8600000   4.45974
3.8700000   4.31837
3.8800000   4.18176
3.8900000   4.04972
3.9000000   3.9221
3.9100000   3.79874
3.9200000   3.67948
3.9300000   3.56418
3.9400000   3.4527
3.9500000   3.34491
3.9600000   3.24067
3.9700000   3.13986
3.9800000   3.04237
3.9900000   2.94807
4.0000000   2.85686
4.0100000   2.76862
4.0200000   2.68325
4.0300000   2.60066
4.0400000   2.52075
4.0500000   2.44342
4.0600000   2.36859
4.0700000   2.29617
4.0800000   2.22608
4.0900000   2.15824
4.1000000   2.09257
4.1100000   2.029
4.1200000   1.96745
4.1300000   1.90787
4.1400000   1.85018
4.1500000   1.79431
4.1600000   1.74022
4.1700000   1.68783
4.1800000   1.63709
4.1900000   1.58795
4.2000000   1.54035
4.2100000   1.49425
4.2200000   1.44958
4.2300000   1.40631
4.2400000   1.36438
4.2500000   1.32376
4.2600000   1.2844
4.2700000   1.24626
4.2800000   1.2093
4.2900000   1.17348
4.3000000   1.13876
4.3100000   1.10511
4.3200000   1.07249
4.3300000   1.04087
4.3400000   1.01022
4.3500000   0.980506
4.3600000   0.951695
4.3700000   0.923761
4.3800000   0.896674
4.3900000   0.870409
4.4000000   0.844939
4.4100000   0.820238
4.4200000   0.796282
4.4300000   0.773047
4.4400000   0.75051
4.4500000   0.728649
4.4600000   0.707444
4.4700000   0.686872
4.4800000   0.666915
4.4900000   0.647553
4.5000000   0.628766
4.5100000   0.610539
4.5200000   0.592851
4.5300000   0.575688
4.5400000   0.559033
4.5500000   0.542869
4.5600000   0.527182
4.5700000   0.511956
4.5800000   0.497178
4.5900000   0.482834
4.6000000   0.468911
4.6100000   0.455394
4.6200000   0.442273
4.6300000   0.429535
4.6400000   0.417168
4.6500000   0.405161
4.6600000   0.393502
4.6700000   0.382182
4.6800000   0.37119
4.6900000   0.360517
4.7000000   0.350151
4.7100000   0.340085
4.7200000   0.330309
4.7300000   0.320814
4.7400000   0.311593
4.7500000   0.302636
4.7600000   0.293936
4.7700000   0.285486
4.7800000   0.277277
4.7900000   0.269302
4.8000000   0.261556
4.8100000   0.25403
4.8200000   0.246718
4.8300000   0.239614
4.8400000   0.232713
4.8500000   0.226007
4.8600000   0.219491
4.8700000   0.21316
4.8800000   0.207007
4.8900000   0.201029
4.9000000   0.19522
4.9100000   0.189574
4.9200000   0.184087
4.9300000   0.178755
4.9400000   0.173573
4.9500000   0.168536
4.9600000   0.163641
4.9700000   0.158883
4.9800000   0.154258
4.9900000   0.149763
5.0000000   0.145393
5.0100000   0.141146
5.0200000   0.137017
5.0300000   0.133004
5.0400000   0.129102
5.0500000   0.125309
5.0600000   0.121622
5.0700000   0.118037
5.0800000   0.114552
5.0900000   0.111164
5.1000000   0.107869
5.1100000   0.104667
5.1200000   0.101553
5.1300000   0.0985253
5.1400000   0.0955816
5.1500000   0.0927194
5.1600000   0.0899364
5.1700000   0.0872304
5.1800000   0.0845992
5.1900000   0.0820407
5.2000000   0.0795529
5.2100000   0.0771338
5.2200000   0.0747816
5.2300000   0.0724942
5.2400000   0.0702698
5.2500000   0.0681069
5.2600000   0.0660036
5.2700000   0.0639583
5.2800000   0.0619693
5.2900000   0.0600352
5.3000000   0.0581543
5.3100000   0.0563253
5.3200000   0.0545466
5.3300000   0.052817
5.3400000   0.051135
5.3500000   0.0494993
5.3600000   0.0479086
5.3700000   0.0463618
5.3800000   0.0448575
5.3900000   0.0433947
5.4000000   0.0419723
5.4100000   0.040589
5.4200000   0.0392439
5.4300000   0.0379359
5.4400000   0.0366639
5.4500000   0.035427
5.4600000   0.0342243
5.4700000   0.0330548
5.4800000   0.0319176
5.4900000   0.0308118
5.5000000   0.0297365
5.5100000   0.0286912
5.5200000   0.0276746
5.5300000   0.0266863
5.5400000   0.0257253
5.5500000   0.0247909
5.5600000   0.0238825
5.5700000   0.0229994
5.5800000   0.0221408
5.5900000   0.0213061
5.6000000   0.0204946
5.6100000   0.0197058
5.6200000   0.0189389
5.6300000   0.0181936
5.6400000   0.0174691
5.6500000   0.0167648
5.6600000   0.0160803
5.6700000   0.0154149
5.6800000   0.0147683
5.6900000   0.0141399
5.7000000   0.0135293
5.7100000   0.0129358
5.7200000   0.0123592
5.7300000   0.0117988
5.7400000   0.0112543
5.7500000   0.0107254
5.7600000   0.0102115
5.7700000   0.00971229
5.7800000   0.00922722
5.7900000   0.00875617
5.8000000   0.00829855
5.8100000   0.00785416
5.8200000   0.00742248
5.8300000   0.00700333
5.8400000   0.0065963
5.8500000   0.0062011
5.8600000   0.00581742
5.8700000   0.00544486
5.8800000   0.00508323
5.8900000   0.00473222
5.9000000   0.00439153
5.9100000   0.00406086
5.9200000   0.00373991
5.9300000   0.00342859
5.9400000   0.00312649
5.9500000   0.00283351
5.9600000   0.00254925
5.9700000   0.00227351
5.9800000   0.0020061
5.9900000   0.0017468
6.0000000   0.00149543
6.0100000   0.00125167
6.0200000   0.00101544
6.0300000   0.00078643
6.0400000   0.000564539
6.0500000   0.000349568
6.0600000   0.000141217
6.0700000   -6.05144e-05
6.0800000   -0.000255926
6.0900000   -0.000445117
6.1000000   -0.000628289
6.1100000   -0.000805541
6.1200000   -0.000977174
6.1300000   -0.00114319
6.1400000   -0.00130388
6.1500000   -0.00145926
6.1600000   -0.00160951
6.1700000   -0.00175475
6.1800000   -0.00189517
6.1900000   -0.00203087
6.2000000   -0.00216196
6.2100000   -0.00228852
6.2200000   -0.00241077
6.2300000   -0.00252879
6.2400000   -0.0026427
6.2500000   -0.0027526
6.2600000   -0.00285857
6.2700000   -0.00296073
6.2800000   -0.00305917
6.2900000   -0.00315409
6.3000000   -0.0032455
6.3100000   -0.00333338
6.3200000   -0.00341805
6.3300000   -0.00349951
6.3400000   -0.00357775
6.3500000   -0.00365307
6.3600000   -0.00372527
6.3700000   -0.00379466
6.3800000   -0.00386123
6.3900000   -0.00392508
6.4000000   -0.00398622
6.4100000   -0.00404484
6.4200000   -0.00410095
6.4300000   -0.00415454
6.4400000   -0.00420582
6.4500000   -0.00425478
6.4600000   -0.00430142
6.4700000   -0.00434595
6.4800000   -0.00438836
6.4900000   -0.00442866
6.5000000   -0.00446694
6.5100000   -0.00450331
6.5200000   -0.00453776
6.5300000   -0.0045704
6.5400000   -0.00460122
6.5500000   -0.00463023
6.5600000   -0.00465762
6.5700000   -0.0046834
6.5800000   -0.00470746
6.5900000   -0.00473011
6.6000000   -0.00475115
6.6100000   -0.00477077
6.6200000   -0.00478897
6.6300000   -0.00480577
6.6400000   -0.00482125
6.6500000   -0.00483531
6.6600000   -0.00484826
6.6700000   -0.0048599
6.6800000   -0.00487042
6.6900000   -0.00487973
6.7000000   -0.00488783
6.7100000   -0.00489501
6.7200000   -0.00490098
6.7300000   -0.00490604
6.7400000   -0.00491008
6.7500000   -0.00491311
6.7600000   -0.00491523
6.7700000   -0.00491644
6.7800000   -0.00491673
6.7900000   -0.00491621
6.8000000   -0.00491487
6.8100000   -0.00491273
6.8200000   -0.00490987
6.8300000   -0.0049062
6.8400000   -0.00490171
6.8500000   -0.00489662
6.8600000   -0.00489091
6.8700000   -0.00488439
6.8800000   -0.00487736
6.8900000   -0.00486961
6.9000000   -0.00486136
6.9100000   -0.00485249
6.9200000   -0.00484301
6.9300000   -0.00483302
6.9400000   -0.00482251
6.9500000   -0.0048115
6.9600000   -0.00480007
6.9700000   -0.00478803
6.9800000   -0.00477568
6.9900000   -0.00476282
7.0000000   -0.00474955
7.0100000   -0.00473586
7.0200000   -0.00472177
7.0300000   -0.00470736
7.0400000   -0.00469255
7.0500000   -0.00467732
7.0600000   -0.00466188
7.0700000   -0.00464603
7.0800000   -0.00462987
7.0900000   -0.0046135
7.1000000   -0.00459671
7.1100000   -0.00457972
7.1200000   -0.00456242
7.1300000   -0.0045449
7.1400000   -0.00452718
7.1500000   -0.00450915
7.1600000   -0.004491
7.1700000   -0.00447255
7.1800000   -0.00445388
7.1900000   -0.00443511
7.2000000   -0.00441602
7.2100000   -0.00439682
7.2200000   -0.00437752
7.2300000   -0.004358
7.2400000   -0.00433828
7.2500000   -0.00431854
7.2600000   -0.0042986
7.2700000   -0.00427844
7.2800000   -0.00425828
7.2900000   -0.004238
7.3000000   -0.00421752
7.3100000   -0.00419703
7.3200000   -0.00417643
7.3300000   -0.00415571
7.3400000   -0.00413499
7.3500000   -0.00411406
7.3600000   -0.00409312
7.3700000   -0.00407217
7.3800000   -0.00405112
7.3900000   -0.00403005
7.4000000   -0.00400887
7.4100000   -0.00398769
7.4200000   -0.00396639
7.4300000   -0.00394519
7.4400000   -0.00392388
7.4500000   -0.00390256
7.4600000   -0.00388123
7.4700000   -0.00385989
7.4800000   -0.00383844
7.4900000   -0.00381709
7.5000000   -0.00379572
7.5100000   -0.00377435
7.5200000   -0.00375297
7.5300000   -0.00373158
7.5400000   -0.00371018
7.5500000   -0.00368888
7.5600000   -0.00366756
7.5700000   -0.00364624
7.5800000   -0.00362491
7.5900000   -0.00360367
7.6000000   -0.00358242
7.6100000   -0.00356116
7.6200000   -0.00354
7.6300000   -0.00351883
7.6400000   -0.00349775
7.6500000   -0.00347666
7.6600000   -0.00345567
7.6700000   -0.00343467
7.6800000   -0.00341375
7.6900000   -0.00339284
7.7000000   -0.00337201
7.7100000   -0.00335118
7.7200000   -0.00333053
7.7300000   -0.00330978
7.7400000   -0.00328923
7.7500000   -0.00326866
7.7600000   -0.00324819
7.7700000   -0.00322771
7.7800000   -0.00320733
7.7900000   -0.00318703
7.8000000   -0.00316683
7.8100000   -0.00314672
7.8200000   -0.00312661
7.8300000   -0.00310658
7.8400000   -0.00308665
7.8500000   -0.00306672
7.8600000   -0.00304697
7.8700000   -0.00302722
7.8800000   -0.00300756
7.8900000   -0.002988
7.9000000   -0.00296852
7.9100000   -0.00294904
7.9200000   -0.00292976
7.9300000   -0.00291046
7.9400000   -0.00289136
7.9500000   -0.00287226
7.9600000   -0.00285324
7.9700000   -0.00283432
7.9800000   -0.0028155
7.9900000   -0.00279676
8.0000000   -0.00277802
8.0100000   -0.00275948
8.0200000   -0.00274102
8.0300000   -0.00272256
8.0400000   -0.0027043
8.0500000   -0.00268602
8.0600000   -0.00266784
8.0700000   -0.00264986
8.0800000   -0.00263187
8.0900000   -0.00261397
8.1000000   -0.00259616
8.1100000   -0.00257845
8.1200000   -0.00256083
8.1300000   -0.00254331
8.1400000   -0.00252588
8.1500000   -0.00250855
8.1600000   -0.0024913
8.1700000   -0.00247416
8.1800000   -0.0024571
8.1900000   -0.00244014
8.2000000   -0.00242328
8.2100000   -0.0024064
8.2200000   -0.00238973
8.2300000   -0.00237314
8.2400000   -0.00235655
8.2500000   -0.00234016
8.2600000   -0.00232386
8.2700000   -0.00230755
8.2800000   -0.00229144
8.2900000   -0.00227532
8.3000000   -0.00225939
8.3100000   -0.00224346
8.3200000   -0.00222773
8.3300000   -0.00221199
8.3400000   -0.00219634
8.3500000   -0.00218079
8.3600000   -0.00216543
8.3700000   -0.00215006
8.3800000   -0.0021348
8.3900000   -0.00211962
8.4000000   -0.00210454
8.4100000   -0.00208956
8.4200000   -0.00207466
8.4300000   -0.00205987
8.4400000   -0.00204517
8.4500000   -0.00203046
8.4600000   -0.00201595
8.4700000   -0.00200153
8.4800000   -0.00198711
8.4900000   -0.00197288
8.5000000   -0.00195865
8.5100000   -0.00194451
8.5200000   -0.00193057
8.5300000   -0.00191662
8.5400000   -0.00190276
8.5500000   -0.001889
8.5600000   -0.00187534
8.5700000   -0.00186167
8.5800000   -0.0018482
8.5900000   -0.00183472
8.6000000   -0.00182144
8.6100000   -0.00180815
8.6200000   -0.00179495
8.6300000   -0.00178186
8.6400000   -0.00176885
8.6500000   -0.00175594
8.6600000   -0.00174313
8.6700000   -0.00173031
8.6800000   -0.00171769
8.6900000   -0.00170506
8.7000000   -0.00169253
8.7100000   -0.0016801
8.7200000   -0.00166775
8.7300000   -0.00165551
8.7400000   -0.00164326
8.7500000   -0.0016311
8.7600000   -0.00161914
8.7700000   -0.00160708
8.7800000   -0.00159521
8.7900000   -0.00158344
8.8000000   -0.00157166
8.8100000   -0.00156007
8.8200000   -0.00154849
8.8300000   -0.0015369
8.8400000   -0.0015255
8.8500000   -0.0015141
8.8600000   -0.00150289
8.8700000   -0.00149169
8.8800000   -0.00148047
8.8900000   -0.00146945
8.9000000   -0.00145843
8.9100000   -0.00144751
8.9200000   -0.00143667
8.9300000   -0.00142594
8.9400000   -0.0014152
8.9500000   -0.00140456
8.9600000   -0.00139401
8.9700000   -0.00138356
8.9800000   -0.0013731
8.9900000   -0.00136274
9.0000000   -0.00135248
9.0100000   -0.00134231
9.0200000   -0.00133214
9.0300000   -0.00132206
9.0400000   -0.00131208
9.0500000   -0.00130209
9.0600000   -0.0012922
9.0700000   -0.00128241
9.0800000   -0.00127272
9.0900000   -0.00126301
9.1000000   -0.00125341
9.1100000   -0.0012439
9.1200000   -0.00123439
9.1300000   -0.00122497
9.1400000   -0.00121565
9.1500000   -0.00120593
9.1600000   -0.0011946
9.1700000   -0.00118337
9.1800000   -0.00117223
9.1900000   -0.00116119
9.2000000   -0.00115025
9.2100000   -0.0011395
9.2200000   -0.00112875
9.2300000   -0.0011181
9.2400000   -0.00110754
9.2500000   -0.00109708
9.2600000   -0.00108671
9.2700000   -0.00107654
9.2800000   -0.00106637
9.2900000   -0.00105629
9.3000000   -0.00104621
9.3100000   -0.00103633
9.3200000   -0.00102654
9.3300000   -0.00101685
9.3400000   -0.00100716
9.3500000   -0.000997659
9.3600000   -0.000988157
9.3700000   -0.000978752
9.3800000   -0.000969444
9.3900000   -0.000960232
9.4000000   -0.000951116
9.4100000   -0.000941997
9.4200000   -0.000933075
9.4300000   -0.000924149
9.4400000   -0.000915319
9.4500000   -0.000906587
9.4600000   -0.000897951
9.4700000   -0.000889311
9.4800000   -0.000880769
9.4900000   -0.000872322
9.5000000   -0.000863973
9.5100000   -0.00085572
9.5200000   -0.000847464
9.5300000   -0.000839305
9.5400000   -0.000831242
9.5500000   -0.000823176
9.5600000   -0.000815307
9.5700000   -0.000807435
9.5800000   -0.000799559
9.5900000   -0.000791881
9.6000000   -0.000784199
9.6100000   -0.000776614
9.6200000   -0.000769025
9.6300000   -0.000761534
9.6400000   -0.000754139
9.6500000   -0.000746842
9.6600000   -0.000739541
9.6700000   -0.000732337
9.6800000   -0.00072513
9.6900000   -0.00071802
9.7000000   -0.000711007
9.7100000   -0.00070409
9.7200000   -0.000697171
9.7300000   -0.000690249
9.7400000   -0.000683524
9.7500000   -0.000676696
9.7600000   -0.000670064
9.7700000   -0.00066343
9.7800000   -0.000656893
9.7900000   -0.000650353
9.8000000   -0.00064391
9.8100000   -0.000637464
9.8200000   -0.000631115
9.8300000   -0.000624863
9.8400000   -0.000618608
9.8500000   -0.000612451
9.8600000   -0.000606291
9.8700000   -0.000600227
9.8800000   -0.000594161
9.8900000   -0.000588192
9.9000000   -0.00058222
9.9100000   -0.000576346
9.9200000   -0.000570568
9.9300000   -0.000564788
9.9400000   -0.000559005
9.9500000   -0.00055332
9.9600000   -0.000547731
9.9700000   -0.00054214
9.9800000   -0.000536546
9.9900000   -0.000531049
10.0000000   -0.00052565
10.0100000   -0.000520248
10.0200000   -0.000514843
10.0300000   -0.000509536
10.0400000   -0.000504326
10.0500000   -0.000499113
10.0600000   -0.000493898
10.0700000   -0.00048878
10.0800000   -0.000483659
10.0900000   -0.000478636
10.1000000   -0.00047361
10.1100000   -0.000468582
10.1200000   -0.000463751
10.1300000   -0.000458817
10.1400000   -0.000453981
10.1500000   -0.000449142
10.1600000   -0.000444401
10.1700000   -0.000439657
10.1800000   -0.000435011
10.1900000   -0.000430362
10.2000000   -0.000425711
10.2100000   -0.000421157
10.2200000   -0.0004166
10.2300000   -0.000412142
10.2400000   -0.00040768
10.2500000   -0.000403217
10.2600000   -0.000398851
10.2700000   -0.000394482
10.2800000   -0.000390211
10.2900000   -0.000385938
10.3000000   -0.000381662
10.3100000   -0.000377484
10.3200000   -0.000373303
10.3300000   -0.00036912
10.3400000   -0.000365035
10.3500000   -0.000360947
10.3600000   -0.000356957
10.3700000   -0.000352965
10.3800000   -0.00034897
10.3900000   -0.000345073
10.4000000   -0.000341073
10.4100000   -0.000337272
10.4200000   -0.000333368
10.4300000   -0.000329562
10.4400000   -0.000325853
10.4500000   -0.000322042
10.4600000   -0.000318329
10.4700000   -0.000314614
10.4800000   -0.000310996
10.4900000   -0.000307376
10.5000000   -0.000303754
10.5100000   -0.00030023
10.5200000   -0.000296604
10.5300000   -0.000293175
10.5400000   -0.000289644
10.5500000   -0.000286211
10.5600000   -0.000282776
10.5700000   -0.000279338
10.5800000   -0.000275999
10.5900000   -0.000272657
10.6000000   -0.000269313
10.6100000   -0.000266067
10.6200000   -0.000262819
10.6300000   -0.000259569
10.6400000   -0.000256316
10.6500000   -0.000253162
10.6600000   -0.000250005
10.6700000   -0.000246847
10.6800000   -0.000243786
10.6900000   -0.000240623
10.7000000   -0.000237558
10.7100000   -0.000234591
10.7200000   -0.000231522
10.7300000   -0.000228551
10.7400000   -0.000225578
10.7500000   -0.000222703
10.7600000   -0.000219726
10.7700000   -0.000216847
10.7800000   -0.000213966
10.7900000   -0.000211183
10.8000000   -0.000208298
10.8100000   -0.000205511
10.8200000   -0.000202722
10.8300000   -0.000200031
10.8400000   -0.000197238
10.8500000   -0.000194543
10.8600000   -0.000191846
10.8700000   -0.000189147
10.8800000   -0.000186546
10.8900000   -0.000183943
10.9000000   -0.000181339
10.9100000   -0.000178732
10.9200000   -0.000176124
10.9300000   -0.000173613
10.9400000   -0.000171101
10.9500000   -0.000168587
10.9600000   -0.000166171
10.9700000   -0.000163653
10.9800000   -0.000161234
10.9900000   -0.000158812
11.0000000   -0.000156389
11.0100000   -0.000154063
11.0200000   -0.000151636
11.0300000   -0.000149307
11.0400000   -0.000146977
11.0500000   -0.000144644
11.0600000   -0.00014241
11.0700000   -0.000140073
11.0800000   -0.000137835
11.0900000   -0.000135596
11.1000000   -0.000133354
11.1100000   -0.000131211
11.1200000   -0.000128966
11.1300000   -0.000126819
11.1400000   -0.00012467
11.1500000   -0.00012252
11.1600000   -0.000120468
11.1700000   -0.000118314
11.1800000   -0.000116258
11.1900000   -0.000114201
11.2000000   -0.000112142
11.2100000   -0.000110081
11.2200000   -0.000108119
11.2300000   -0.000106155
11.2400000   -0.000104089
11.2500000   -0.000102121
11.2600000   -0.000100252
11.2700000   -9.8281e-05
11.2800000   -9.63084e-05
11.2900000   -9.44341e-05
11.3000000   -9.25582e-05
11.3100000   -9.06806e-05
11.3200000   -8.88014e-05
11.3300000   -8.69206e-05
11.3400000   -8.51381e-05
11.3500000   -8.33539e-05
11.3600000   -8.14682e-05
11.3700000   -7.96808e-05
11.3800000   -7.79918e-05
11.3900000   -7.62012e-05
11.4000000   -7.4409e-05
11.4100000   -7.27152e-05
11.4200000   -7.10198e-05
11.4300000   -6.93229e-05
11.4400000   -6.76243e-05
11.4500000   -6.59242e-05
11.4600000   -6.42225e-05
11.4700000   -6.26192e-05
11.4800000   -6.09144e-05
11.4900000   -5.9308e-05
11.5000000   -5.77001e-05
11.5100000   -5.60906e-05
11.5200000   -5.44796e-05
11.5300000   -5.29671e-05
11.5400000   -5.1353e-05
11.5500000   -4.98375e-05
11.5600000   -4.83204e-05
11.5700000   -4.68017e-05
11.5800000   -4.52816e-05
11.5900000   -4.376e-05
11.6000000   -4.22369e-05
11.6100000   -4.08123e-05
11.6200000   -3.92862e-05
11.6300000   -3.78587e-05
11.6400000   -3.64296e-05
11.6500000   -3.49991e-05
11.6600000   -3.35671e-05
11.6700000   -3.21337e-05
11.6800000   -3.07988e-05
11.6900000   -2.93625e-05
11.7000000   -2.80247e-05
11.7100000   -2.65855e-05
11.7200000   -2.52448e-05
11.7300000   -2.39027e-05
11.7400000   -2.25592e-05
11.7500000   -2.13143e-05
11.7600000   -1.99679e-05
11.7700000   -1.86202e-05
11.7800000   -1.7371e-05
11.7900000   -1.61204e-05
11.8000000   -1.47685e-05
11.8100000   -1.35151e-05
11.8200000   -1.22604e-05
11.8300000   -1.10043e-05
11.8400000   -9.84675e-06
11.8500000   -8.58788e-06
11.8600000   -7.42764e-06
11.8700000   -6.16604e-06
11.8800000   -5.00307e-06
11.8900000   -3.83876e-06
11.9000000   -2.67309e-06
11.9100000   -1.50607e-06
11.9200000   -3.3772e-07
11.9300000   8.31971e-07
11.9400000   2.00299e-06
11.9500000   3.07534e-06
11.9600000   4.24902e-06
11.9700000   5.32401e-06
11.9800000   6.40031e-06
11.9900000   7.47793e-06
12.0000000   8.65685e-06
12.0100000   9.63707e-06
12.0200000   1.07186e-05
12.0300000   1.18014e-05
12.0400000   1.28855e-05
12.0500000   1.38709e-05
12.0600000   1.49575e-05
12.0700000   1.59455e-05
12.0800000   1.69347e-05
12.0900000   1.80252e-05
12.1000000   1.90169e-05
12.1100000   2.00099e-05
12.1200000   2.10042e-05
12.1300000   2.18997e-05
12.1400000   2.28964e-05
12.1500000   2.38944e-05
12.1600000   2.47936e-05
12.1700000   2.57941e-05
12.1800000   2.66958e-05
12.1900000   2.75987e-05
12.2000000   2.86028e-05
12.2100000   2.95082e-05
12.2200000   3.04148e-05
12.2300000   3.13225e-05
12.2400000   3.22315e-05
12.2500000   3.30417e-05
12.2600000   3.39531e-05
12.2700000   3.48657e-05
12.2800000   3.56795e-05
12.2900000   3.65944e-05
12.3000000   3.74106e-05
12.3100000   3.82279e-05
12.3200000   3.91464e-05
12.3300000   3.9966e-05
12.3400000   4.07869e-05
12.3500000   4.16089e-05
12.3600000   4.2432e-05
12.3700000   4.31563e-05
12.3800000   4.39818e-05
12.3900000   4.48084e-05
12.4000000   4.55362e-05
12.4100000   4.63651e-05
12.4200000   4.70951e-05
12.4300000   4.79263e-05
12.4400000   4.86586e-05
12.4500000   4.9392e-05
12.4600000   5.01266e-05
12.4700000   5.08622e-05
12.4800000   5.1599e-05
12.4900000   5.23369e-05
12.5000000   5.30759e-05
12.5100000   5.3816e-05
12.5200000   5.45572e-05
12.5300000   5.51995e-05
12.5400000   5.59429e-05
12.5500000   5.65874e-05
12.5600000   5.7333e-05
12.5700000   5.79797e-05
12.5800000   5.87274e-05
12.5900000   5.93763e-05
12.6000000   6.00262e-05
12.6100000   6.06771e-05
12.6200000   6.13292e-05
12.6300000   6.19823e-05
12.6400000   6.26364e-05
12.6500000   6.32916e-05
12.6600000   6.39479e-05
12.6700000   6.45052e-05
12.6800000   6.51636e-05
12.6900000   6.5823e-05
12.7000000   6.63835e-05
12.7100000   6.7045e-05
12.7200000   6.76075e-05
12.7300000   6.8171e-05
12.7400000   6.88356e-05
12.7500000   6.94012e-05
12.7600000   6.99678e-05
12.7700000   7.05355e-05
12.7800000   7.11041e-05
12.7900000   7.16738e-05
12.8000000   7.22445e-05
12.8100000   7.28162e-05
12.8200000   7.33889e-05
12.8300000   7.39625e-05
12.8400000   7.45372e-05
12.8500000   7.50129e-05
12.8600000   7.55896e-05
12.8700000   7.60672e-05
12.8800000   7.66458e-05
12.8900000   7.71254e-05
12.9000000   7.7706e-05
12.9100000   7.81876e-05
12.9200000   7.86701e-05
12.9300000   7.92536e-05
12.9400000   7.97381e-05
12.9500000   8.02235e-05
12.9600000   8.07099e-05
12.9700000   8.11973e-05
12.9800000   8.16856e-05
12.9900000   8.21748e-05
13.0000000   8.2665e-05
13.0100000   8.31561e-05
13.0200000   8.35482e-05
13.0300000   8.40413e-05
13.0400000   8.45352e-05
13.0500000   8.49301e-05
13.0600000   8.54259e-05
13.0700000   8.59227e-05
13.0800000   8.63203e-05
13.0900000   8.67189e-05
13.1000000   8.72184e-05
13.1100000   8.76189e-05
13.1200000   8.81202e-05
13.1300000   8.85225e-05
13.1400000   8.89256e-05
13.1500000   8.93297e-05
13.1600000   8.97347e-05
13.1700000   9.01405e-05
13.1800000   9.05473e-05
13.1900000   9.0955e-05
13.2000000   9.13635e-05
13.2100000   9.17729e-05
13.2200000   9.21833e-05
13.2300000   9.25945e-05
13.2400000   9.30066e-05
13.2500000   9.33195e-05
13.2600000   9.37334e-05
13.2700000   9.41481e-05
13.2800000   9.44637e-05
13.2900000   9.48801e-05
13.3000000   9.51974e-05
13.3100000   9.56156e-05
13.3200000   9.59347e-05
13.3300000   9.62546e-05
13.3400000   9.66753e-05
13.3500000   9.69969e-05
13.3600000   9.73194e-05
13.3700000   9.77427e-05
13.3800000   9.80668e-05
13.3900000   9.83918e-05
13.4000000   9.87176e-05
13.4100000   9.90443e-05
13.4200000   9.93718e-05
13.4300000   9.97001e-05
13.4400000   0.000100029
13.4500000   0.000100359
13.4600000   0.00010069
13.4700000   0.000101022
13.4800000   0.000101254
13.4900000   0.000101587
13.5000000   0.000101921
13.5100000   0.000102256
13.5200000   0.000102492
13.5300000   0.000102829
13.5400000   0.000103066
13.5500000   0.000103404
13.5600000   0.000103643
13.5700000   0.000103983
13.5800000   0.000104223
13.5900000   0.000104564
13.6000000   0.000104807
13.6100000   0.000105049
13.6200000   0.000105393
13.6300000   0.000105638
13.6400000   0.000105883
13.6500000   0.000106129
13.6600000   0.000106476
13.6700000   0.000106723
13.6800000   0.000106972
13.6900000   0.000107221
13.7000000   0.00010747
13.7100000   0.000107721
13.7200000   0.000107973
13.7300000   0.000108225
13.7400000   0.000108478
13.7500000   0.000108731
13.7600000   0.000108986
13.7700000   0.000109141
13.7800000   0.000109397
13.7900000   0.000109654
13.8000000   0.000109911
13.8100000   0.000110069
13.8200000   0.000110328
13.8300000   0.000110588
13.8400000   0.000110748
13.8500000   0.000111009
13.8600000   0.000111171
13.8700000   0.000111434
13.8800000   0.000111597
13.8900000   0.000111861
13.9000000   0.000112026
13.9100000   0.000112291
13.9200000   0.000112458
13.9300000   0.000112625
13.9400000   0.000112892
13.9500000   0.000113061
13.9600000   0.00011323
13.9700000   0.0001134
13.9800000   0.00011367
13.9900000   0.000113841
14.0000000   0.000114013
14.0100000   0.000114186
14.0200000   0.000114359
14.0300000   0.000114533
14.0400000   0.000114708
14.0500000   0.000114883
14.0600000   0.000115059
14.0700000   0.000115236
14.0800000   0.000115414
14.0900000   0.000115592
14.1000000   0.000115771
14.1100000   0.00011595
14.1200000   0.00011613
14.1300000   0.000116311
14.1400000   0.000116393
14.1500000   0.000116575
14.1600000   0.000116758
14.1700000   0.000116942
14.1800000   0.000117026
14.1900000   0.000117211
14.2000000   0.000117396
14.2100000   0.000117483
14.2200000   0.00011767
14.2300000   0.000117757
14.2400000   0.000117945
14.2500000   0.000118034
14.2600000   0.000118224
14.2700000   0.000118314
14.2800000   0.000118505
14.2900000   0.000118596
14.3000000   0.000118788
14.3100000   0.000118881
14.3200000   0.000118975
14.3300000   0.000119169
14.3400000   0.000119263
14.3500000   0.000119359
14.3600000   0.000119555
14.3700000   0.000119651
14.3800000   0.000119749
14.3900000   0.000119847
14.4000000   0.000120045
14.4100000   0.000120144
14.4200000   0.000120244
14.4300000   0.000120344
14.4400000   0.000120445
14.4500000   0.000120547
14.4600000   0.000120649
14.4700000   0.000120752
14.4800000   0.000120856
14.4900000   0.00012096
14.5000000   0.000121064
14.5100000   0.00012117
14.5200000   0.000121276
14.5300000   0.000121382
14.5400000   0.000121489
14.5500000   0.000121597
14.5600000   0.000121705
14.5700000   0.000121814
14.5800000   0.000121924
14.5900000   0.000121934
14.6000000   0.000122045
14.6100000   0.000122156
14.6200000   0.000122268
14.6300000   0.000122281
14.6400000   0.000122394
14.6500000   0.000122507
14.6600000   0.000122522
14.6700000   0.000122636
14.6800000   0.000122752
14.6900000   0.000122768
14.7000000   0.000122885
14.7100000   0.000123002
14.7200000   0.000123019
14.7300000   0.000123138
14.7400000   0.000123157
14.7500000   0.000123276
14.7600000   0.000123296
14.7700000   0.000123417
14.7800000   0.000123438
14.7900000   0.00012356
14.8000000   0.000123582
14.8100000   0.000123705
14.8200000   0.000123728
14.8300000   0.000123752
14.8400000   0.000123877
14.8500000   0.000123902
14.8600000   0.000123928
14.8700000   0.000124054
14.8800000   0.000124081
14.8900000   0.000124108
14.9000000   0.000124236
14.9100000   0.000124264
14.9200000   0.000124293
14.9300000   0.000124323
14.9400000   0.000124353
14.9500000   0.000124483
14.9600000   0.000124514
14.9700000   0.000124546
14.9800000   0.000124578
14.9900000   0.000124611
15.0000000   0.000124644
15.0100000   0.000124678
15.0200000   0.000124813
15.0300000   0.000124847
15.0400000   0.000124883
15.0500000   0.000124919
15.0600000   0.000124955
15.0700000   0.000124992
15.0800000   0.00012503
15.0900000   0.000125068
15.1000000   0.000125106
15.1100000   0.000125145
15.1200000   0.000125185
15.1300000   0.000125225
15.1400000   0.000125166
15.1500000   0.000125207
15.1600000   0.000125248
15.1700000   0.00012529
15.1800000   0.000125333
15.1900000   0.000125376
15.2000000   0.00012542
15.2100000   0.000125364
15.2200000   0.000125409
15.2300000   0.000125454
15.2400000   0.0001255
15.2500000   0.000125546
15.2600000   0.000125492
15.2700000   0.00012554
15.2800000   0.000125587
15.2900000   0.000125536
15.3000000   0.000125584
15.3100000   0.000125633
15.3200000   0.000125583
15.3300000   0.000125633
15.3400000   0.000125684
15.3500000   0.000125635
15.3600000   0.000125686
15.3700000   0.000125739
15.3800000   0.000125691
15.3900000   0.000125744
15.4000000   0.000125698
15.4100000   0.000125752
15.4200000   0.000125806
15.4300000   0.000125761
15.4400000   0.000125817
15.4500000   0.000125772
15.4600000   0.000125829
15.4700000   0.000125786
15.4800000   0.000125843
15.4900000   0.000125801
15.5000000   0.000125759
15.5100000   0.000125818
15.5200000   0.000125777
15.5300000   0.000125837
15.5400000   0.000125797
15.5500000   0.000125857
15.5600000   0.000125819
15.5700000   0.00012578
15.5800000   0.000125842
15.5900000   0.000125804
15.6000000   0.000125767
15.6100000   0.000125831
15.6200000   0.000125795
15.6300000   0.000125759
15.6400000   0.000125823
15.6500000   0.000125789
15.6600000   0.000125754
15.6700000   0.00012582
15.6800000   0.000125787
15.6900000   0.000125754
15.7000000   0.000125721
15.7100000   0.000125689
15.7200000   0.000125757
15.7300000   0.000125726
15.7400000   0.000125695
15.7500000   0.000125665
15.7600000   0.000125635
15.7700000   0.000125705
15.7800000   0.000125676
15.7900000   0.000125648
15.8000000   0.000125619
15.8100000   0.000125592
15.8200000   0.000125564
15.8300000   0.000125537
15.8400000   0.000125511
15.8500000   0.000125585
15.8600000   0.000125559
15.8700000   0.000125534
15.8800000   0.000125509
15.8900000   0.000125485
15.9000000   0.000125461
15.9100000   0.000125437
15.9200000   0.000125414
15.9300000   0.000125392
15.9400000   0.000125369
15.9500000   0.000125347
15.9600000   0.000125326
15.9700000   0.000125305
15.9800000   0.000125284
15.9900000   0.000125264
16.0000000   0.000125244
16.0100000   0.000125225
16.0200000   0.000125206
16.0300000   0.000125188
16.0400000   0.00012507
16.0500000   0.000125052
16.0600000   0.000125035
16.0700000   0.000125018
16.0800000   0.000125001
16.0900000   0.000124985
16.1000000   0.000124969
16.1100000   0.000124954
16.1200000   0.000124939
16.1300000   0.000124825
16.1400000   0.000124811
16.1500000   0.000124797
16.1600000   0.000124784
16.1700000   0.000124771
16.1800000   0.000124658
16.1900000   0.000124646
16.2000000   0.000124634
16.2100000   0.000124623
16.2200000   0.000124612
16.2300000   0.000124502
16.2400000   0.000124491
16.2500000   0.000124482
16.2600000   0.000124472
16.2700000   0.000124363
16.2800000   0.000124355
16.2900000   0.000124346
16.3000000   0.000124239
16.3100000   0.000124231
16.3200000   0.000124224
16.3300000   0.000124117
16.3400000   0.000124111
16.3500000   0.000124105
16.3600000   0.000123999
16.3700000   0.000123994
16.3800000   0.000123989
16.3900000   0.000123885
16.4000000   0.000123881
16.4100000   0.000123877
16.4200000   0.000123774
16.4300000   0.000123771
16.4400000   0.000123668
16.4500000   0.000123666
16.4600000   0.000123664
16.4700000   0.000123563
16.4800000   0.000123562
16.4900000   0.000123461
16.5000000   0.000123461
16.5100000   0.000123361
16.5200000   0.000123361
16.5300000   0.000123362
16.5400000   0.000123263
16.5500000   0.000123264
16.5600000   0.000123166
16.5700000   0.000123168
16.5800000   0.000123071
16.5900000   0.000123074
16.6000000   0.000122977
16.6100000   0.00012298
16.6200000   0.000122884
16.6300000   0.000122889
16.6400000   0.000122793
16.6500000   0.000122798
16.6600000   0.000122704
16.6700000   0.000122609
16.6800000   0.000122615
16.6900000   0.000122522
16.7000000   0.000122528
16.7100000   0.000122435
16.7200000   0.000122443
16.7300000   0.000122351
16.7400000   0.000122259
16.7500000   0.000122267
16.7600000   0.000122176
16.7700000   0.000122185
16.7800000   0.000122095
16.7900000   0.000122005
16.8000000   0.000122015
16.8100000   0.000121925
16.8200000   0.000121836
16.8300000   0.000121847
16.8400000   0.000121759
16.8500000   0.000121771
16.8600000   0.000121683
16.8700000   0.000121595
16.8800000   0.000121608
16.8900000   0.000121521
16.9000000   0.000121435
16.9100000   0.000121349
16.9200000   0.000121363
16.9300000   0.000121277
16.9400000   0.000121192
16.9500000   0.000121207
16.9600000   0.000121123
16.9700000   0.000121039
16.9800000   0.000120955
16.9900000   0.000120971
17.0000000   0.000120888
17.0100000   0.000120805
17.0200000   0.000120723
17.0300000   0.000120741
17.0400000   0.000120659
17.0500000   0.000120577
17.0600000   0.000120496
17.0700000   0.000120515
17.0800000   0.000120434
17.0900000   0.000120354
17.1000000   0.000120274
17.1100000   0.000120194
17.1200000   0.000120215
17.1300000   0.000120136
17.1400000   0.000120057
17.1500000   0.000119978
17.1600000   0.0001199
17.1700000   0.000119922
17.1800000   0.000119845
17.1900000   0.000119768
17.2000000   0.000119691
17.2100000   0.000119614
17.2200000   0.000119538
17.2300000   0.000119462
17.2400000   0.000119486
17.2500000   0.000119411
17.2600000   0.000119336
17.2700000   0.000119261
17.2800000   0.000119187
17.2900000   0.000119113
17.3000000   0.000119039
17.3100000   0.000118965
17.3200000   0.000118992
17.3300000   0.000118919
17.3400000   0.000118847
17.3500000   0.000118774
17.3600000   0.000118702
17.3700000   0.00011863
17.3800000   0.000118559
17.3900000   0.000118488
17.4000000   0.000118417
17.4100000   0.000118346
17.4200000   0.000118276
17.4300000   0.000118206
17.4400000   0.000118136
17.4500000   0.000118067
17.4600000   0.000118098
17.4700000   0.000118029
17.4800000   0.000117961
17.4900000   0.000117892
17.5000000   0.000117824
17.5100000   0.000117757
17.5200000   0.000117689
17.5300000   0.000117622
17.5400000   0.000117556
17.5500000   0.000117489
17.5600000   0.000117423
17.5700000   0.000117357
17.5800000   0.000117291
17.5900000   0.000117226
17.6000000   0.000117161
17.6100000   0.000117096
17.6200000   0.000117031
17.6300000   0.000116967
17.6400000   0.000116803
17.6500000   0.000116739
17.6600000   0.000116676
17.6700000   0.000116613
17.6800000   0.00011655
17.6900000   0.000116487
17.7000000   0.000116425
17.7100000   0.000116363
17.7200000   0.000116301
17.7300000   0.00011624
17.7400000   0.000116179
17.7500000   0.000116118
17.7600000   0.000116057
17.7700000   0.000115997
17.7800000   0.000115936
17.7900000   0.000115777
17.8000000   0.000115717
17.8100000   0.000115658
17.8200000   0.000115599
17.8300000   0.00011554
17.8400000   0.000115481
17.8500000   0.000115423
17.8600000   0.000115365
17.8700000   0.000115307
17.8800000   0.00011515
17.8900000   0.000115093
17.9000000   0.000115036
17.9100000   0.000114979
17.9200000   0.000114923
17.9300000   0.000114867
17.9400000   0.000114811
17.9500000   0.000114755
17.9600000   0.0001146
17.9700000   0.000114545
17.9800000   0.00011449
17.9900000   0.000114435
18.0000000   0.000114381
18.0100000   0.000114327
18.0200000   0.000114173
18.0300000   0.000114119
18.0400000   0.000114066
18.0500000   0.000114013
18.0600000   0.00011396
18.0700000   0.000113808
18.0800000   0.000113755
18.0900000   0.000113703
18.1000000   0.000113652
18.1100000   0.0001136
18.1200000   0.000113449
18.1300000   0.000113398
18.1400000   0.000113347
18.1500000   0.000113296
18.1600000   0.000113246
18.1700000   0.000113096
18.1800000   0.000113046
18.1900000   0.000112997
18.2000000   0.000112947
18.2100000   0.000112798
18.2200000   0.00011275
18.2300000   0.000112701
18.2400000   0.000112653
18.2500000   0.000112605
18.2600000   0.000112457
18.2700000   0.000112409
18.2800000   0.000112362
18.2900000   0.000112315
18.3000000   0.000112168
18.3100000   0.000112121
18.3200000   0.000112075
18.3300000   0.000111929
18.3400000   0.000111883
18.3500000   0.000111837
18.3600000   0.000111792
18.3700000   0.000111647
18.3800000   0.000111602
18.3900000   0.000111557
18.4000000   0.000111512
18.4100000   0.000111368
18.4200000   0.000111324
18.4300000   0.00011128
18.4400000   0.000111137
18.4500000   0.000111094
18.4600000   0.000111051
18.4700000   0.000110908
18.4800000   0.000110865
18.4900000   0.000110823
18.5000000   0.000110681
18.5100000   0.000110639
18.5200000   0.000110597
18.5300000   0.000110555
18.5400000   0.000110414
18.5500000   0.000110373
18.5600000   0.000110332
18.5700000   0.000110192
18.5800000   0.000110152
18.5900000   0.000110112
18.6000000   0.000109972
18.6100000   0.000109932
18.6200000   0.000109893
18.6300000   0.000109753
18.6400000   0.000109714
18.6500000   0.000109576
18.6600000   0.000109537
18.6700000   0.000109499
18.6800000   0.000109361
18.6900000   0.000109323
18.7000000   0.000109285
18.7100000   0.000109148
18.7200000   0.000109111
18.7300000   0.000109074
18.7400000   0.000108937
18.7500000   0.0001089
18.7600000   0.000108764
18.7700000   0.000108728
18.7800000   0.000108692
18.7900000   0.000108556
18.8000000   0.000108521
18.8100000   0.000108386
18.8200000   0.000108351
18.8300000   0.000108316
18.8400000   0.000108181
18.8500000   0.000108147
18.8600000   0.000108013
18.8700000   0.000107979
18.8800000   0.000107945
18.8900000   0.000107812
18.9000000   0.000107778
18.9100000   0.000107645
18.9200000   0.000107612
18.9300000   0.00010758
18.9400000   0.000107447
18.9500000   0.000107415
18.9600000   0.000107283
18.9700000   0.000107251
18.9800000   0.000107119
18.9900000   0.000107088
19.0000000   0.000107057
19.0100000   0.000106926
19.0200000   0.000106895
19.0300000   0.000106764
19.0400000   0.000106734
19.0500000   0.000106604
19.0600000   0.000106574
19.0700000   0.000106544
19.0800000   0.000106414
19.0900000   0.000106385
19.1000000   0.000106256
19.1100000   0.000106227
19.1200000   0.000106098
19.1300000   0.00010607
19.1400000   0.000105941
19.1500000   0.000105913
19.1600000   0.000105785
19.1700000   0.000105757
19.1800000   0.00010563
19.1900000   0.000105602
19.2000000   0.000105475
19.2100000   0.000105448
19.2200000   0.000105422
19.2300000   0.000105295
19.2400000   0.000105269
19.2500000   0.000105143
19.2600000   0.000105117
19.2700000   0.000104991
19.2800000   0.000104965
19.2900000   0.00010484
19.3000000   0.000104815
19.3100000   0.00010469
19.3200000   0.000104665
19.3300000   0.00010454
19.3400000   0.000104516
19.3500000   0.000104392
19.3600000   0.000104368
19.3700000   0.000104244
19.3800000   0.00010422
19.3900000   0.000104097
19.4000000   0.000104073
19.4100000   0.00010395
19.4200000   0.000103927
19.4300000   0.000103805
19.4400000   0.000103782
19.4500000   0.00010366
19.4600000   0.000103538
19.4700000   0.000103516
19.4800000   0.000103394
19.4900000   0.000103372
19.5000000   0.000103251
19.5100000   0.00010323
19.5200000   0.000103109
19.5300000   0.000103088
19.5400000   0.000102967
19.5500000   0.000102947
19.5600000   0.000102827
19.5700000   0.000102807
19.5800000   0.000102687
19.5900000   0.000102667
19.6000000   0.000102548
19.6100000   0.000102428
19.6200000   0.000102409
19.6300000   0.00010229
19.6400000   0.000102271
19.6500000   0.000102153
19.6600000   0.000102134
19.6700000   0.000102016
19.6800000   0.000101998
19.6900000   0.00010188
19.7000000   0.000101762
19.7100000   0.000101745
19.7200000   0.000101627
19.7300000   0.00010161
19.7400000   0.000101493
19.7500000   0.000101476
19.7600000   0.00010136
19.7700000   0.000101243
19.7800000   0.000101227
19.7900000   0.000101111
19.8000000   0.000101095
19.8100000   0.000100979
19.8200000   0.000100964
19.8300000   0.000100848
19.8400000   0.000100733
19.8500000   0.000100718
19.8600000   0.000100603
19.8700000   0.000100588
19.8800000   0.000100474
19.8900000   0.000100359
19.9000000   0.000100345
19.9100000   0.000100231
19.9200000   0.000100217
19.9300000   0.000100104
19.9400000   9.999e-05
19.9500000   9.99766e-05
19.9600000   9.98635e-05
19.9700000   9.98505e-05
19.9800000   9.97376e-05
19.9900000   9.9625e-05
20.0000000   9.96125e-05
20.0100000   9.95001e-05
20.0200000   9.9488e-05
20.0300000   9.9376e-05
20.0400000   9.92642e-05
20.0500000   9.92525e-05
20.0600000   9.9141e-05
20.0700000   9.91297e-05
20.0800000   9.90185e-05
20.0900000   9.89075e-05
