0.1000000   884.227
0.1100000   882.666
0.1200000   881.479
0.1300000   880.555
0.1400000   879.822
0.1500000   879.231
0.1600000   878.747
0.1700000   878.346
0.1800000   878.01
0.1900000   877.725
0.2000000   877.482
0.2100000   877.273
0.2200000   877.092
0.2300000   876.934
0.2400000   876.795
0.2500000   876.673
0.2600000   876.564
0.2700000   876.468
0.2800000   876.381
0.2900000   876.303
0.3000000   876.233
0.3100000   876.17
0.3200000   876.112
0.3300000   876.06
0.3400000   876.012
0.3500000   875.968
0.3600000   875.928
0.3700000   875.891
0.3800000   875.857
0.3900000   875.825
0.4000000   875.796
0.4100000   875.769
0.4200000   875.744
0.4300000   875.72
0.4400000   875.698
0.4500000   875.678
0.4600000   875.659
0.4700000   875.641
0.4800000   875.624
0.4900000   875.609
0.5000000   875.594
0.5100000   875.58
0.5200000   875.567
0.5300000   875.554
0.5400000   875.542
0.5500000   875.531
0.5600000   875.521
0.5700000   875.511
0.5800000   875.501
0.5900000   875.492
0.6000000   875.484
0.6100000   875.476
0.6200000   875.468
0.6300000   875.461
0.6400000   875.454
0.6500000   875.447
0.6600000   875.44
0.6700000   875.434
0.6800000   875.428
0.6900000   875.423
0.7000000   875.417
0.7100000   875.412
0.7200000   875.407
0.7300000   875.403
0.7400000   875.398
0.7500000   875.394
0.7600000   875.39
0.7700000   875.386
0.7800000   875.382
0.7900000   875.378
0.8000000   875.374
0.8100000   875.371
0.8200000   875.368
0.8300000   875.364
0.8400000   875.361
0.8500000   875.358
0.8600000   875.356
0.8700000   875.353
0.8800000   875.35
0.8900000   875.347
0.9000000   875.345
0.9100000   875.343
0.9200000   875.34
0.9300000   875.338
0.9400000   875.336
0.9500000   875.334
0.9600000   875.332
0.9700000   875.33
0.9800000   875.328
0.9900000   875.326
1.0000000   875.324
1.0100000   875.322
1.0200000   875.32
1.0300000   875.319
1.0400000   875.317
1.0500000   875.316
1.0600000   875.314
1.0700000   875.313
1.0800000   875.311
1.0900000   875.31
1.1000000   875.308
1.1100000   875.307
1.1200000   875.306
1.1300000   875.304
1.1400000   875.303
1.1500000   875.302
1.1600000   875.301
1.1700000   875.3
1.1800000   875.299
1.1900000   875.297
1.2000000   875.296
1.2100000   875.295
1.2200000   875.294
1.2300000   875.293
1.2400000   875.292
1.2500000   875.292
1.2600000   875.291
1.2700000   875.29
1.2800000   875.289
1.2900000   875.288
1.3000000   875.287
1.3100000   875.286
1.3200000   875.286
1.3300000   875.285
1.3400000   875.284
1.3500000   875.283
1.3600000   875.283
1.3700000   875.282
1.3800000   875.281
1.3900000   875.281
1.4000000   875.28
1.4100000   875.279
1.4200000   875.279
1.4300000   875.278
1.4400000   875.277
1.4500000   875.277
1.4600000   875.276
1.4700000   875.276
1.4800000   875.275
1.4900000   875.274
1.5000000   875.274
1.5100000   875.273
1.5200000   875.273
1.5300000   875.272
1.5400000   875.272
1.5500000   875.271
1.5600000   875.271
1.5700000   875.27
1.5800000   875.27
1.5900000   875.27
1.6000000   875.269
1.6100000   875.269
1.6200000   875.268
1.6300000   875.268
1.6400000   875.267
1.6500000   875.267
1.6600000   875.267
1.6700000   875.266
1.6800000   875.266
1.6900000   875.265
1.7000000   875.265
1.7100000   875.265
1.7200000   875.264
1.7300000   875.264
1.7400000   875.264
1.7500000   875.263
1.7600000   875.263
1.7700000   875.263
1.7800000   875.262
1.7900000   875.262
1.8000000   875.262
1.8100000   875.261
1.8200000   875.261
1.8300000   875.261
1.8400000   875.261
1.8500000   875.26
1.8600000   875.26
1.8700000   875.26
1.8800000   875.259
1.8900000   875.259
1.9000000   875.259
1.9100000   875.259
1.9200000   875.258
1.9300000   875.258
1.9400000   875.258
1.9500000   875.258
1.9600000   875.257
1.9700000   875.257
1.9800000   875.257
1.9900000   875.257
2.0000000   875.256
2.0100000   875.256
2.0200000   875.256
2.0300000   875.256
2.0400000   875.256
2.0500000   875.255
2.0600000   875.255
2.0700000   875.255
2.0800000   875.255
2.0900000   875.255
2.1000000   875.254
2.1100000   875.254
2.1200000   875.254
2.1300000   875.254
2.1400000   875.254
2.1500000   875.253
2.1600000   875.253
2.1700000   875.253
2.1800000   875.253
2.1900000   875.253
2.2000000   875.253
2.2100000   875.252
2.2200000   875.252
2.2300000   875.252
2.2400000   875.252
2.2500000   875.252
2.2600000   875.252
2.2700000   875.251
2.2800000   875.251
2.2900000   875.251
2.3000000   875.251
2.3100000   875.251
2.3200000   875.251
2.3300000   875.251
2.3400000   875.25
2.3500000   875.25
2.3600000   875.25
2.3700000   875.25
2.3800000   875.25
2.3900000   875.25
2.4000000   875.25
2.4100000   875.249
2.4200000   875.249
2.4300000   875.249
2.4400000   875.249
2.4500000   875.249
2.4600000   875.249
2.4700000   875.249
2.4800000   875.249
2.4900000   875.248
2.5000000   875.248
2.5100000   834.204
2.5200000   795.234
2.5300000   758.225
2.5400000   723.073
2.5500000   689.677
2.5600000   657.942
2.5700000   627.782
2.5800000   599.111
2.5900000   571.85
2.6000000   545.927
2.6100000   521.269
2.6200000   497.812
2.6300000   475.491
2.6400000   454.249
2.6500000   434.03
2.6600000   414.779
2.6700000   396.449
2.6800000   378.991
2.6900000   362.362
2.7000000   346.518
2.7100000   331.42
2.7200000   317.031
2.7300000   303.315
2.7400000   290.238
2.7500000   277.768
2.7600000   265.875
2.7700000   254.531
2.7800000   243.707
2.7900000   233.38
2.8000000   223.523
2.8100000   214.115
2.8200000   205.133
2.8300000   196.557
2.8400000   188.367
2.8500000   180.544
2.8600000   173.071
2.8700000   165.93
2.8800000   159.107
2.8900000   152.586
2.9000000   146.352
2.9100000   140.393
2.9200000   134.695
2.9300000   129.245
2.9400000   124.033
2.9500000   119.047
2.9600000   114.276
2.9700000   109.712
2.9800000   105.343
2.9900000   101.161
3.0000000   97.1583
3.0100000   93.3257
3.0200000   89.6556
3.0300000   86.1407
3.0400000   82.774
3.0500000   79.5488
3.0600000   76.4586
3.0700000   73.4975
3.0800000   70.6597
3.0900000   67.9396
3.1000000   65.3321
3.1100000   62.8321
3.1200000   60.4349
3.1300000   58.136
3.1400000   55.931
3.1500000   53.8159
3.1600000   51.7867
3.1700000   49.8397
3.1800000   47.9712
3.1900000   46.1781
3.2000000   44.4568
3.2100000   42.8045
3.2200000   41.2181
3.2300000   39.6948
3.2400000   38.2319
3.2500000   36.8268
3.2600000   35.4772
3.2700000   34.1807
3.2800000   32.9349
3.2900000   31.7379
3.3000000   30.5876
3.3100000   29.4819
3.3200000   28.4191
3.3300000   27.3974
3.3400000   26.4151
3.3500000   25.4705
3.3600000   24.5621
3.3700000   23.6884
3.3800000   22.848
3.3900000   22.0396
3.4000000   21.2618
3.4100000   20.5134
3.4200000   19.7932
3.4300000   19.1001
3.4400000   18.433
3.4500000   17.7908
3.4600000   17.1725
3.4700000   16.5772
3.4800000   16.004
3.4900000   15.4521
3.5000000   14.9204
3.5100000   14.4083
3.5200000   13.9151
3.5300000   13.4398
3.5400000   12.9819
3.5500000   12.5407
3.5600000   12.1155
3.5700000   11.7057
3.5800000   11.3107
3.5900000   10.93
3.6000000   10.5629
3.6100000   10.2089
3.6200000   9.86767
3.6300000   9.53856
3.6400000   9.22117
3.6500000   8.91503
3.6600000   8.61974
3.6700000   8.33486
3.6800000   8.06003
3.6900000   7.79484
3.7000000   7.53895
3.7100000   7.29201
3.7200000   7.05368
3.7300000   6.82364
3.7400000   6.60158
3.7500000   6.38721
3.7600000   6.18024
3.7700000   5.98041
3.7800000   5.78745
3.7900000   5.6011
3.8000000   5.42112
3.8100000   5.24729
3.8200000   5.07938
3.8300000   4.91718
3.8400000   4.76047
3.8500000   4.60906
3.8600000   4.46276
3.8700000   4.32138
3.8800000   4.18475
3.8900000   4.05269
3.9000000   3.92506
3.9100000   3.80168
3.9200000   3.6824
3.9300000   3.56709
3.9400000   3.4556
3.9500000   3.34779
3.9600000   3.24354
3.9700000   3.14272
3.9800000   3.04521
3.9900000   2.9509
4.0000000   2.85967
4.0100000   2.77141
4.0200000   2.68603
4.0300000   2.60343
4.0400000   2.5235
4.0500000   2.44616
4.0600000   2.37132
4.0700000   2.29888
4.0800000   2.22878
4.0900000   2.16092
4.1000000   2.09524
4.1100000   2.03166
4.1200000   1.9701
4.1300000   1.9105
4.1400000   1.8528
4.1500000   1.79692
4.1600000   1.74282
4.1700000   1.69042
4.1800000   1.63967
4.1900000   1.59051
4.2000000   1.5429
4.2100000   1.49678
4.2200000   1.45211
4.2300000   1.40882
4.2400000   1.36689
4.2500000   1.32625
4.2600000   1.28688
4.2700000   1.24873
4.2800000   1.21175
4.2900000   1.17592
4.3000000   1.14119
4.3100000   1.10753
4.3200000   1.0749
4.3300000   1.04327
4.3400000   1.01261
4.3500000   0.982882
4.3600000   0.95406
4.3700000   0.926115
4.3800000   0.899018
4.3900000   0.872742
4.4000000   0.847261
4.4100000   0.82255
4.4200000   0.798583
4.4300000   0.775338
4.4400000   0.752791
4.4500000   0.73092
4.4600000   0.709704
4.4700000   0.689123
4.4800000   0.669155
4.4900000   0.649783
4.5000000   0.630987
4.5100000   0.612749
4.5200000   0.595052
4.5300000   0.577879
4.5400000   0.561214
4.5500000   0.545041
4.5600000   0.529344
4.5700000   0.514109
4.5800000   0.499322
4.5900000   0.484969
4.6000000   0.471036
4.6100000   0.45751
4.6200000   0.44438
4.6300000   0.431633
4.6400000   0.419256
4.6500000   0.40724
4.6600000   0.395573
4.6700000   0.384244
4.6800000   0.373243
4.6900000   0.362561
4.7000000   0.352187
4.7100000   0.342112
4.7200000   0.332327
4.7300000   0.322824
4.7400000   0.313594
4.7500000   0.304629
4.7600000   0.295921
4.7700000   0.287462
4.7800000   0.279245
4.7900000   0.271262
4.8000000   0.263507
4.8100000   0.255973
4.8200000   0.248653
4.8300000   0.241542
4.8400000   0.234632
4.8500000   0.227918
4.8600000   0.221395
4.8700000   0.215056
4.8800000   0.208896
4.8900000   0.202909
4.9000000   0.197092
4.9100000   0.191439
4.9200000   0.185945
4.9300000   0.180605
4.9400000   0.175415
4.9500000   0.170371
4.9600000   0.165468
4.9700000   0.160703
4.9800000   0.156071
4.9900000   0.151569
5.0000000   0.147192
5.0100000   0.142937
5.0200000   0.138801
5.0300000   0.134781
5.0400000   0.130872
5.0500000   0.127072
5.0600000   0.123378
5.0700000   0.119786
5.0800000   0.116294
5.0900000   0.112899
5.1000000   0.109598
5.1100000   0.106389
5.1200000   0.103268
5.1300000   0.100234
5.1400000   0.0972835
5.1500000   0.0944147
5.1600000   0.0916252
5.1700000   0.0889126
5.1800000   0.0862749
5.1900000   0.08371
5.2000000   0.0812158
5.2100000   0.0787904
5.2200000   0.0764318
5.2300000   0.0741381
5.2400000   0.0719074
5.2500000   0.0697383
5.2600000   0.0676288
5.2700000   0.0655773
5.2800000   0.0635822
5.2900000   0.061642
5.3000000   0.0597551
5.3100000   0.05792
5.3200000   0.0561354
5.3300000   0.0543998
5.3400000   0.0527118
5.3500000   0.0510702
5.3600000   0.0494737
5.3700000   0.0479211
5.3800000   0.046411
5.3900000   0.0449425
5.4000000   0.0435143
5.4100000   0.0421253
5.4200000   0.0407746
5.4300000   0.0394609
5.4400000   0.0381833
5.4500000   0.0369409
5.4600000   0.0357326
5.4700000   0.0345576
5.4800000   0.0334149
5.4900000   0.0323036
5.5000000   0.031223
5.5100000   0.0301722
5.5200000   0.0291503
5.5300000   0.0281566
5.5400000   0.0271903
5.5500000   0.0262507
5.5600000   0.0253371
5.5700000   0.0244487
5.5800000   0.023585
5.5900000   0.022745
5.6000000   0.0219285
5.6100000   0.0211346
5.6200000   0.0203626
5.6300000   0.0196122
5.6400000   0.0188826
5.6500000   0.0181733
5.6600000   0.0174839
5.6700000   0.0168136
5.6800000   0.0161621
5.6900000   0.0155288
5.7000000   0.0149132
5.7100000   0.0143149
5.7200000   0.0137335
5.7300000   0.0131683
5.7400000   0.0126191
5.7500000   0.0120854
5.7600000   0.0115668
5.7700000   0.0110629
5.7800000   0.0105731
5.7900000   0.0100974
5.8000000   0.0096352
5.8100000   0.00918621
5.8200000   0.00874996
5.8300000   0.00832626
5.8400000   0.00791471
5.8500000   0.007515
5.8600000   0.00712684
5.8700000   0.00674983
5.8800000   0.00638376
5.8900000   0.00602833
5.9000000   0.00568325
5.9100000   0.00534822
5.9200000   0.00502293
5.9300000   0.00470728
5.9400000   0.00440088
5.9500000   0.00410362
5.9600000   0.0038151
5.9700000   0.00353512
5.9800000   0.00326349
5.9900000   0.003
6.0000000   0.00274445
6.0100000   0.00249655
6.0200000   0.00225618
6.0300000   0.00202306
6.0400000   0.00179708
6.0500000   0.00157804
6.0600000   0.00136563
6.0700000   0.00115987
6.0800000   0.000960449
6.0900000   0.000767266
6.1000000   0.000580123
6.1100000   0.000398918
6.1200000   0.000223352
6.1300000   5.34249e-05
6.1400000   -0.000111164
6.1500000   -0.000270415
6.1600000   -0.000424529
6.1700000   -0.000573605
6.1800000   -0.000717844
6.1900000   -0.000857346
6.2000000   -0.000992211
6.2100000   -0.00112254
6.2200000   -0.00124853
6.2300000   -0.00137029
6.2400000   -0.00148791
6.2500000   -0.00160149
6.2600000   -0.00171114
6.2700000   -0.00181696
6.2800000   -0.00191904
6.2900000   -0.00201758
6.3000000   -0.00211259
6.3100000   -0.00220407
6.3200000   -0.00229231
6.3300000   -0.00237732
6.3400000   -0.00245909
6.3500000   -0.00253793
6.3600000   -0.00261364
6.3700000   -0.00268652
6.3800000   -0.00275656
6.3900000   -0.00282387
6.4000000   -0.00288844
6.4100000   -0.00295049
6.4200000   -0.00301
6.4300000   -0.00306698
6.4400000   -0.00312163
6.4500000   -0.00317395
6.4600000   -0.00322394
6.4700000   -0.0032718
6.4800000   -0.00331752
6.4900000   -0.00336112
6.5000000   -0.00340268
6.5100000   -0.00344231
6.5200000   -0.00348002
6.5300000   -0.00351589
6.5400000   -0.00354994
6.5500000   -0.00358215
6.5600000   -0.00361274
6.5700000   -0.00364169
6.5800000   -0.00366892
6.5900000   -0.00369472
6.6000000   -0.00371889
6.6100000   -0.00374163
6.6200000   -0.00376295
6.6300000   -0.00378283
6.6400000   -0.00380139
6.6500000   -0.00381852
6.6600000   -0.00383452
6.6700000   -0.0038492
6.6800000   -0.00386275
6.6900000   -0.00387507
6.7000000   -0.00388616
6.7100000   -0.00389633
6.7200000   -0.00390527
6.7300000   -0.00391328
6.7400000   -0.00392027
6.7500000   -0.00392623
6.7600000   -0.00393126
6.7700000   -0.00393537
6.7800000   -0.00393856
6.7900000   -0.00394091
6.8000000   -0.00394245
6.8100000   -0.00394316
6.8200000   -0.00394314
6.8300000   -0.0039423
6.8400000   -0.00394063
6.8500000   -0.00393834
6.8600000   -0.00393542
6.8700000   -0.00393168
6.8800000   -0.00392741
6.8900000   -0.00392242
6.9000000   -0.00391691
6.9100000   -0.00391077
6.9200000   -0.00390401
6.9300000   -0.00389673
6.9400000   -0.00388892
6.9500000   -0.00388059
6.9600000   -0.00387184
6.9700000   -0.00386246
6.9800000   -0.00385276
6.9900000   -0.00384254
7.0000000   -0.00383189
7.0100000   -0.00382083
7.0200000   -0.00380934
7.0300000   -0.00379753
7.0400000   -0.00378529
7.0500000   -0.00377263
7.0600000   -0.00375976
7.0700000   -0.00374646
7.0800000   -0.00373284
7.0900000   -0.00371899
7.1000000   -0.00370473
7.1100000   -0.00369024
7.1200000   -0.00367544
7.1300000   -0.00366041
7.1400000   -0.00364516
7.1500000   -0.00362959
7.1600000   -0.0036139
7.1700000   -0.00359789
7.1800000   -0.00358166
7.1900000   -0.00356531
7.2000000   -0.00354864
7.2100000   -0.00353185
7.2200000   -0.00351494
7.2300000   -0.00349781
7.2400000   -0.00348046
7.2500000   -0.00346308
7.2600000   -0.00344549
7.2700000   -0.00342769
7.2800000   -0.00340986
7.2900000   -0.00339191
7.3000000   -0.00337374
7.3100000   -0.00335556
7.3200000   -0.00333725
7.3300000   -0.00331883
7.3400000   -0.00330038
7.3500000   -0.00328172
7.3600000   -0.00326304
7.3700000   -0.00324435
7.3800000   -0.00322553
7.3900000   -0.0032067
7.4000000   -0.00318774
7.4100000   -0.00316877
7.4200000   -0.00314968
7.4300000   -0.00313068
7.4400000   -0.00311155
7.4500000   -0.00309241
7.4600000   -0.00307325
7.4700000   -0.00305408
7.4800000   -0.00303478
7.4900000   -0.00301557
7.5000000   -0.00299634
7.5100000   -0.0029771
7.5200000   -0.00295784
7.5300000   -0.00293856
7.5400000   -0.00291926
7.5500000   -0.00290005
7.5600000   -0.00288082
7.5700000   -0.00286158
7.5800000   -0.00284231
7.5900000   -0.00282314
7.6000000   -0.00280394
7.6100000   -0.00278473
7.6200000   -0.0027656
7.6300000   -0.00274646
7.6400000   -0.0027274
7.6500000   -0.00270833
7.6600000   -0.00268934
7.6700000   -0.00267033
7.6800000   -0.00265141
7.6900000   -0.00263247
7.7000000   -0.00261362
7.7100000   -0.00259475
7.7200000   -0.00257607
7.7300000   -0.00255727
7.7400000   -0.00253866
7.7500000   -0.00252003
7.7600000   -0.00250148
7.7700000   -0.00248292
7.7800000   -0.00246445
7.7900000   -0.00244606
7.8000000   -0.00242776
7.8100000   -0.00240954
7.8200000   -0.00239131
7.8300000   -0.00237317
7.8400000   -0.00235511
7.8500000   -0.00233703
7.8600000   -0.00231914
7.8700000   -0.00230124
7.8800000   -0.00228342
7.8900000   -0.00226569
7.9000000   -0.00224805
7.9100000   -0.00223039
7.9200000   -0.00221291
7.9300000   -0.00219543
7.9400000   -0.00217813
7.9500000   -0.00216081
7.9600000   -0.00214359
7.9700000   -0.00212645
7.9800000   -0.00210939
7.9900000   -0.00209242
8.0000000   -0.00207544
8.0100000   -0.00205865
8.0200000   -0.00204194
8.0300000   -0.00202522
8.0400000   -0.00200869
8.0500000   -0.00199215
8.0600000   -0.00197569
8.0700000   -0.00195942
8.0800000   -0.00194313
8.0900000   -0.00192693
8.1000000   -0.00191083
8.1100000   -0.0018948
8.1200000   -0.00187887
8.1300000   -0.00186302
8.1400000   -0.00184726
8.1500000   -0.00183159
8.1600000   -0.00181601
8.1700000   -0.00180051
8.1800000   -0.0017851
8.1900000   -0.00176978
8.2000000   -0.00175455
8.2100000   -0.00173931
8.2200000   -0.00172425
8.2300000   -0.00170929
8.2400000   -0.00169431
8.2500000   -0.00167951
8.2600000   -0.00166481
8.2700000   -0.0016501
8.2800000   -0.00163557
8.2900000   -0.00162103
8.3000000   -0.00160669
8.3100000   -0.00159233
8.3200000   -0.00157815
8.3300000   -0.00156397
8.3400000   -0.00154988
8.3500000   -0.00153587
8.3600000   -0.00152206
8.3700000   -0.00150823
8.3800000   -0.00149449
8.3900000   -0.00148084
8.4000000   -0.00146728
8.4100000   -0.00145381
8.4200000   -0.00144043
8.4300000   -0.00142714
8.4400000   -0.00141393
8.4500000   -0.00140072
8.4600000   -0.0013877
8.4700000   -0.00137476
8.4800000   -0.00136182
8.4900000   -0.00134906
8.5000000   -0.00133629
8.5100000   -0.00132362
8.5200000   -0.00131113
8.5300000   -0.00129863
8.5400000   -0.00128623
8.5500000   -0.00127391
8.5600000   -0.00126168
8.5700000   -0.00124945
8.5800000   -0.0012374
8.5900000   -0.00122534
8.6000000   -0.00121347
8.6100000   -0.0012016
8.6200000   -0.00118981
8.6300000   -0.00117811
8.6400000   -0.00116651
8.6500000   -0.00115499
8.6600000   -0.00114356
8.6700000   -0.00113213
8.6800000   -0.00112088
8.6900000   -0.00110963
8.7000000   -0.00109846
8.7100000   -0.00108739
8.7200000   -0.00107641
8.7300000   -0.00106552
8.7400000   -0.00105462
8.7500000   -0.0010438
8.7600000   -0.00103318
8.7700000   -0.00102246
8.7800000   -0.00101192
8.7900000   -0.00100147
8.8000000   -0.000991014
8.8100000   -0.000980749
8.8200000   -0.000970475
8.8300000   -0.000960192
8.8400000   -0.0009501
8.8500000   -0.000939999
8.8600000   -0.000930089
8.8700000   -0.000920171
8.8800000   -0.000910244
8.8900000   -0.000900508
8.9000000   -0.000890764
8.9100000   -0.000881111
8.9200000   -0.000871549
8.9300000   -0.000862079
8.9400000   -0.000852601
8.9500000   -0.000843214
8.9600000   -0.000833918
8.9700000   -0.000824715
8.9800000   -0.000815503
8.9900000   -0.000806382
9.0000000   -0.000797353
9.0100000   -0.000788417
9.0200000   -0.000779471
9.0300000   -0.000770618
9.0400000   -0.000761857
9.0500000   -0.000753087
9.0600000   -0.00074441
9.0700000   -0.000735825
9.0800000   -0.000727331
9.0900000   -0.00071883
9.1000000   -0.00071042
9.1100000   -0.000702103
9.1200000   -0.000693778
9.1300000   -0.000685545
9.1400000   -0.000677405
9.1500000   -0.000668857
9.1600000   -0.000658701
9.1700000   -0.000648637
9.1800000   -0.000638666
9.1900000   -0.000628787
9.2000000   -0.000619
9.2100000   -0.000609406
9.2200000   -0.000599805
9.2300000   -0.000590296
9.2400000   -0.00058088
9.2500000   -0.000571556
9.2600000   -0.000562325
9.2700000   -0.000553286
9.2800000   -0.00054424
9.2900000   -0.000535287
9.3000000   -0.000526327
9.3100000   -0.000517559
9.3200000   -0.000508885
9.3300000   -0.000500303
9.3400000   -0.000491714
9.3500000   -0.000483318
9.3600000   -0.000474915
9.3700000   -0.000466604
9.3800000   -0.000458387
9.3900000   -0.000450263
9.4000000   -0.000442232
9.4100000   -0.000434194
9.4200000   -0.000426349
9.4300000   -0.000418498
9.4400000   -0.000410739
9.4500000   -0.000403074
9.4600000   -0.000395502
9.4700000   -0.000387923
9.4800000   -0.000380437
9.4900000   -0.000373045
9.5000000   -0.000365746
9.5100000   -0.000358541
9.5200000   -0.000351328
9.5300000   -0.00034421
9.5400000   -0.000337185
9.5500000   -0.000330153
9.5600000   -0.000323315
9.5700000   -0.00031647
9.5800000   -0.000309619
9.5900000   -0.000302961
9.6000000   -0.000296297
9.6100000   -0.000289727
9.6200000   -0.000283151
9.6300000   -0.000276668
9.6400000   -0.000270278
9.6500000   -0.000263983
9.6600000   -0.000257681
9.6700000   -0.000251474
9.6800000   -0.00024526
9.6900000   -0.00023914
9.7000000   -0.000233113
9.7100000   -0.000227181
9.7200000   -0.000221243
9.7300000   -0.000215298
9.7400000   -0.000209548
9.7500000   -0.000203691
9.7600000   -0.000198029
9.7700000   -0.00019236
9.7800000   -0.000186786
9.7900000   -0.000181206
9.8000000   -0.00017572
9.8100000   -0.000170228
9.8200000   -0.00016483
9.8300000   -0.000159526
9.8400000   -0.000154217
9.8500000   -0.000149002
9.8600000   -0.000143781
9.8700000   -0.000138655
9.8800000   -0.000133522
9.8900000   -0.000128484
9.9000000   -0.000123441
9.9100000   -0.000118492
9.9200000   -0.000113637
9.9300000   -0.000108777
9.9400000   -0.000103911
9.9500000   -9.91394e-05
9.9600000   -9.44625e-05
9.9700000   -8.97801e-05
9.9800000   -8.50923e-05
9.9900000   -8.0499e-05
10.0000000   -7.60003e-05
10.0100000   -7.14962e-05
10.0200000   -6.69867e-05
10.0300000   -6.25719e-05
10.0400000   -5.82517e-05
10.0500000   -5.39263e-05
10.0600000   -4.95955e-05
10.0700000   -4.53595e-05
10.0800000   -4.11182e-05
10.0900000   -3.69717e-05
10.1000000   -3.282e-05
10.1100000   -2.86631e-05
10.1200000   -2.47011e-05
10.1300000   -2.06339e-05
10.1400000   -1.66616e-05
10.1500000   -1.26842e-05
10.1600000   -8.80165e-06
10.1700000   -4.91408e-06
10.1800000   -1.12147e-06
10.1900000   2.67617e-06
10.2000000   6.47882e-06
10.2100000   1.01864e-05
10.2200000   1.3899e-05
10.2300000   1.75166e-05
10.2400000   2.1139e-05
10.2500000   2.47664e-05
10.2600000   2.82987e-05
10.2700000   3.18358e-05
10.2800000   3.52778e-05
10.2900000   3.87246e-05
10.3000000   4.21762e-05
10.3100000   4.55327e-05
10.3200000   4.88939e-05
10.3300000   5.22598e-05
10.3400000   5.55305e-05
10.3500000   5.88059e-05
10.3600000   6.1986e-05
10.3700000   6.51708e-05
10.3800000   6.83603e-05
10.3900000   7.14544e-05
10.4000000   7.46531e-05
10.4100000   7.76565e-05
10.4200000   8.07644e-05
10.4300000   8.3777e-05
10.4400000   8.66941e-05
10.4500000   8.97157e-05
10.4600000   9.26418e-05
10.4700000   9.55725e-05
10.4800000   9.84077e-05
10.4900000   0.000101247
10.5000000   0.000104091
10.5100000   0.00010684
10.5200000   0.000109693
10.5300000   0.00011235
10.5400000   0.000115112
10.5500000   0.000117778
10.5600000   0.000120448
10.5700000   0.000123123
10.5800000   0.000125702
10.5900000   0.000128286
10.6000000   0.000130874
10.6100000   0.000133366
10.6200000   0.000135862
10.6300000   0.000138362
10.6400000   0.000140867
10.6500000   0.000143276
10.6600000   0.000145689
10.6700000   0.000148106
10.6800000   0.000150428
10.6900000   0.000152853
10.7000000   0.000155183
10.7100000   0.000157417
10.7200000   0.000159755
10.7300000   0.000161997
10.7400000   0.000164243
10.7500000   0.000166393
10.7600000   0.000168648
10.7700000   0.000170806
10.7800000   0.000172968
10.7900000   0.000175034
10.8000000   0.000177205
10.8100000   0.000179279
10.8200000   0.000181357
10.8300000   0.000183339
10.8400000   0.000185425
10.8500000   0.000187415
10.8600000   0.000189409
10.8700000   0.000191406
10.8800000   0.000193308
10.8900000   0.000195213
10.9000000   0.000197123
10.9100000   0.000199036
10.9200000   0.000200953
10.9300000   0.000202773
10.9400000   0.000204598
10.9500000   0.000206426
10.9600000   0.000208158
10.9700000   0.000209993
10.9800000   0.000211733
10.9900000   0.000213476
11.0000000   0.000215223
11.0100000   0.000216873
11.0200000   0.000218628
11.0300000   0.000220285
11.0400000   0.000221947
11.0500000   0.000223612
11.0600000   0.000225181
11.0700000   0.000226853
11.0800000   0.000228429
11.0900000   0.000230009
11.1000000   0.000231592
11.1100000   0.000233078
11.1200000   0.000234669
11.1300000   0.000236162
11.1400000   0.00023766
11.1500000   0.00023916
11.1600000   0.000240565
11.1700000   0.000242072
11.1800000   0.000243484
11.1900000   0.000244898
11.2000000   0.000246316
11.2100000   0.000247738
11.2200000   0.000249063
11.2300000   0.000250391
11.2400000   0.000251823
11.2500000   0.000253158
11.2600000   0.000254396
11.2700000   0.000255738
11.2800000   0.000257083
11.2900000   0.000258332
11.3000000   0.000259584
11.3100000   0.000260839
11.3200000   0.000262097
11.3300000   0.000263359
11.3400000   0.000264524
11.3500000   0.000265692
11.3600000   0.000266964
11.3700000   0.000268138
11.3800000   0.000269216
11.3900000   0.000270398
11.4000000   0.000271582
11.4100000   0.00027267
11.4200000   0.00027376
11.4300000   0.000274854
11.4400000   0.000275951
11.4500000   0.000277052
11.4600000   0.000278155
11.4700000   0.000279162
11.4800000   0.000280271
11.4900000   0.000281284
11.5000000   0.0002823
11.5100000   0.000283319
11.5200000   0.000284341
11.5300000   0.000285266
11.5400000   0.000286294
11.5500000   0.000287225
11.5600000   0.000288159
11.5700000   0.000289097
11.5800000   0.000290037
11.5900000   0.00029098
11.6000000   0.000291926
11.6100000   0.000292775
11.6200000   0.000293728
11.6300000   0.000294583
11.6400000   0.000295441
11.6500000   0.000296302
11.6600000   0.000297166
11.6700000   0.000298033
11.6800000   0.000298802
11.6900000   0.000299675
11.7000000   0.000300451
11.7100000   0.000301329
11.7200000   0.00030211
11.7300000   0.000302895
11.7400000   0.000303682
11.7500000   0.000304371
11.7600000   0.000305164
11.7700000   0.00030596
11.7800000   0.000306658
11.7900000   0.000307359
11.8000000   0.000308163
11.8100000   0.00030887
11.8200000   0.000309579
11.8300000   0.000310291
11.8400000   0.000310906
11.8500000   0.000311624
11.8600000   0.000312245
11.8700000   0.000312968
11.8800000   0.000313594
11.8900000   0.000314222
11.9000000   0.000314854
11.9100000   0.000315488
11.9200000   0.000316125
11.9300000   0.000316764
11.9400000   0.000317406
11.9500000   0.000317951
11.9600000   0.000318598
11.9700000   0.000319148
11.9800000   0.000319701
11.9900000   0.000320256
12.0000000   0.000320914
12.0100000   0.000321374
12.0200000   0.000321937
12.0300000   0.000322503
12.0400000   0.000323071
12.0500000   0.000323542
12.0600000   0.000324115
12.0700000   0.000324591
12.0800000   0.000325069
12.0900000   0.00032565
12.1000000   0.000326134
12.1100000   0.00032662
12.1200000   0.000327108
12.1300000   0.000327499
12.1400000   0.000327993
12.1500000   0.000328489
12.1600000   0.000328887
12.1700000   0.000329388
12.1800000   0.000329792
12.1900000   0.000330197
12.2000000   0.000330706
12.2100000   0.000331116
12.2200000   0.00033153
12.2300000   0.000331945
12.2400000   0.000332363
12.2500000   0.000332683
12.2600000   0.000333106
12.2700000   0.000333531
12.2800000   0.000333859
12.2900000   0.000334289
12.3000000   0.000334621
12.3100000   0.000334956
12.3200000   0.000335393
12.3300000   0.000335732
12.3400000   0.000336074
12.3500000   0.000336418
12.3600000   0.000336764
12.3700000   0.000337013
12.3800000   0.000337364
12.3900000   0.000337717
12.4000000   0.000337972
12.4100000   0.00033833
12.4200000   0.00033859
12.4300000   0.000338953
12.4400000   0.000339217
12.4500000   0.000339484
12.4600000   0.000339753
12.4700000   0.000340024
12.4800000   0.000340298
12.4900000   0.000340574
12.5000000   0.000340852
12.5100000   0.000341132
12.5200000   0.000341414
12.5300000   0.000341599
12.5400000   0.000341886
12.5500000   0.000342075
12.5600000   0.000342366
12.5700000   0.000342559
12.5800000   0.000342855
12.5900000   0.000343053
12.6000000   0.000343252
12.6100000   0.000343454
12.6200000   0.000343658
12.6300000   0.000343865
12.6400000   0.000344073
12.6500000   0.000344283
12.6600000   0.000344496
12.6700000   0.00034461
12.6800000   0.000344827
12.6900000   0.000345046
12.7000000   0.000345167
12.7100000   0.00034539
12.7200000   0.000345515
12.7300000   0.000345642
12.7400000   0.000345871
12.7500000   0.000346002
12.7600000   0.000346136
12.7700000   0.000346271
12.7800000   0.000346408
12.7900000   0.000346548
12.8000000   0.000346689
12.8100000   0.000346832
12.8200000   0.000346978
12.8300000   0.000347125
12.8400000   0.000347274
12.8500000   0.000347326
12.8600000   0.000347479
12.8700000   0.000347534
12.8800000   0.000347692
12.8900000   0.000347751
12.9000000   0.000347912
12.9100000   0.000347975
12.9200000   0.00034804
12.9300000   0.000348207
12.9400000   0.000348276
12.9500000   0.000348347
12.9600000   0.00034842
12.9700000   0.000348495
12.9800000   0.000348571
12.9900000   0.00034865
13.0000000   0.00034873
13.0100000   0.000348812
13.0200000   0.000348796
13.0300000   0.000348883
13.0400000   0.00034897
13.0500000   0.00034896
13.0600000   0.000349052
13.0700000   0.000349145
13.0800000   0.000349141
13.0900000   0.000349138
13.1000000   0.000349237
13.1100000   0.000349238
13.1200000   0.00034934
13.1300000   0.000349345
13.1400000   0.000349351
13.1500000   0.000349359
13.1600000   0.000349369
13.1700000   0.000349381
13.1800000   0.000349395
13.1900000   0.00034941
13.2000000   0.000349427
13.2100000   0.000349446
13.2200000   0.000349467
13.2300000   0.000349489
13.2400000   0.000349513
13.2500000   0.000349439
13.2600000   0.000349467
13.2700000   0.000349496
13.2800000   0.000349427
13.2900000   0.00034946
13.3000000   0.000349395
13.3100000   0.000349431
13.3200000   0.000349369
13.3300000   0.000349309
13.3400000   0.000349351
13.3500000   0.000349294
13.3600000   0.000349239
13.3700000   0.000349285
13.3800000   0.000349234
13.3900000   0.000349184
13.4000000   0.000349135
13.4100000   0.000349089
13.4200000   0.000349044
13.4300000   0.000349
13.4400000   0.000348958
13.4500000   0.000348918
13.4600000   0.00034888
13.4700000   0.000348843
13.4800000   0.000348708
13.4900000   0.000348675
13.5000000   0.000348643
13.5100000   0.000348613
13.5200000   0.000348484
13.5300000   0.000348457
13.5400000   0.000348332
13.5500000   0.000348308
13.5600000   0.000348186
13.5700000   0.000348165
13.5800000   0.000348046
13.5900000   0.000348029
13.6000000   0.000347913
13.6100000   0.000347799
13.6200000   0.000347786
13.6300000   0.000347675
13.6400000   0.000347566
13.6500000   0.000347458
13.6600000   0.000347451
13.6700000   0.000347346
13.6800000   0.000347243
13.6900000   0.000347141
13.7000000   0.000347041
13.7100000   0.000346942
13.7200000   0.000346845
13.7300000   0.000346749
13.7400000   0.000346655
13.7500000   0.000346563
13.7600000   0.000346472
13.7700000   0.000346282
13.7800000   0.000346194
13.7900000   0.000346107
13.8000000   0.000346022
13.8100000   0.000345838
13.8200000   0.000345756
13.8300000   0.000345676
13.8400000   0.000345496
13.8500000   0.000345419
13.8600000   0.000345242
13.8700000   0.000345168
13.8800000   0.000344994
13.8900000   0.000344922
13.9000000   0.000344752
13.9100000   0.000344683
13.9200000   0.000344515
13.9300000   0.000344349
13.9400000   0.000344285
13.9500000   0.000344121
13.9600000   0.00034396
13.9700000   0.000343799
13.9800000   0.00034374
13.9900000   0.000343583
14.0000000   0.000343426
14.0100000   0.000343272
14.0200000   0.000343118
14.0300000   0.000342966
14.0400000   0.000342816
14.0500000   0.000342667
14.0600000   0.000342519
14.0700000   0.000342372
14.0800000   0.000342227
14.0900000   0.000342084
14.1000000   0.000341941
14.1100000   0.0003418
14.1200000   0.000341661
14.1300000   0.000341523
14.1400000   0.000341286
14.1500000   0.00034115
14.1600000   0.000341016
14.1700000   0.000340883
14.1800000   0.000340652
14.1900000   0.000340522
14.2000000   0.000340393
14.2100000   0.000340165
14.2200000   0.000340039
14.2300000   0.000339814
14.2400000   0.000339691
14.2500000   0.000339468
14.2600000   0.000339348
14.2700000   0.000339128
14.2800000   0.00033901
14.2900000   0.000338793
14.3000000   0.000338677
14.3100000   0.000338462
14.3200000   0.000338249
14.3300000   0.000338137
14.3400000   0.000337927
14.3500000   0.000337718
14.3600000   0.00033761
14.3700000   0.000337403
14.3800000   0.000337197
14.3900000   0.000336993
14.4000000   0.00033689
14.4100000   0.000336688
14.4200000   0.000336488
14.4300000   0.000336289
14.4400000   0.000336091
14.4500000   0.000335894
14.4600000   0.000335698
14.4700000   0.000335504
14.4800000   0.000335311
14.4900000   0.000335119
14.5000000   0.000334929
14.5100000   0.000334739
14.5200000   0.000334551
14.5300000   0.000334364
14.5400000   0.000334179
14.5500000   0.000333994
14.5600000   0.000333811
14.5700000   0.000333629
14.5800000   0.000333448
14.5900000   0.000333168
14.6000000   0.00033299
14.6100000   0.000332812
14.6200000   0.000332636
14.6300000   0.000332361
14.6400000   0.000332187
14.6500000   0.000332015
14.6600000   0.000331743
14.6700000   0.000331573
14.6800000   0.000331404
14.6900000   0.000331136
14.7000000   0.000330969
14.7100000   0.000330803
14.7200000   0.000330539
14.7300000   0.000330376
14.7400000   0.000330113
14.7500000   0.000329952
14.7600000   0.000329692
14.7700000   0.000329534
14.7800000   0.000329276
14.7900000   0.00032912
14.8000000   0.000328864
14.8100000   0.00032871
14.8200000   0.000328457
14.8300000   0.000328205
14.8400000   0.000328054
14.8500000   0.000327804
14.8600000   0.000327555
14.8700000   0.000327408
14.8800000   0.000327161
14.8900000   0.000326916
14.9000000   0.000326772
14.9100000   0.000326529
14.9200000   0.000326286
14.9300000   0.000326045
14.9400000   0.000325806
14.9500000   0.000325667
14.9600000   0.000325429
14.9700000   0.000325192
14.9800000   0.000324957
14.9900000   0.000324722
15.0000000   0.000324489
15.0100000   0.000324256
15.0200000   0.000324125
15.0300000   0.000323895
15.0400000   0.000323666
15.0500000   0.000323437
15.0600000   0.00032321
15.0700000   0.000322984
15.0800000   0.000322759
15.0900000   0.000322535
15.1000000   0.000322312
15.1100000   0.000322091
15.1200000   0.00032187
15.1300000   0.00032165
15.1400000   0.000321331
15.1500000   0.000321113
15.1600000   0.000320897
15.1700000   0.000320681
15.1800000   0.000320466
15.1900000   0.000320253
15.2000000   0.00032004
15.2100000   0.000319728
15.2200000   0.000319518
15.2300000   0.000319308
15.2400000   0.000319099
15.2500000   0.000318892
15.2600000   0.000318585
15.2700000   0.000318379
15.2800000   0.000318175
15.2900000   0.000317871
15.3000000   0.000317668
15.3100000   0.000317467
15.3200000   0.000317166
15.3300000   0.000316966
15.3400000   0.000316767
15.3500000   0.00031647
15.3600000   0.000316273
15.3700000   0.000316077
15.3800000   0.000315782
15.3900000   0.000315588
15.4000000   0.000315295
15.4100000   0.000315103
15.4200000   0.000314912
15.4300000   0.000314622
15.4400000   0.000314433
15.4500000   0.000314145
15.4600000   0.000313958
15.4700000   0.000313671
15.4800000   0.000313486
15.4900000   0.000313202
15.5000000   0.000312918
15.5100000   0.000312736
15.5200000   0.000312454
15.5300000   0.000312274
15.5400000   0.000311994
15.5500000   0.000311815
15.5600000   0.000311537
15.5700000   0.00031126
15.5800000   0.000311084
15.5900000   0.000310809
15.6000000   0.000310535
15.6100000   0.000310361
15.6200000   0.000310089
15.6300000   0.000309818
15.6400000   0.000309647
15.6500000   0.000309377
15.6600000   0.000309108
15.6700000   0.000308941
15.6800000   0.000308674
15.6900000   0.000308407
15.7000000   0.000308142
15.7100000   0.000307878
15.7200000   0.000307715
15.7300000   0.000307452
15.7400000   0.00030719
15.7500000   0.000306929
15.7600000   0.00030667
15.7700000   0.000306511
15.7800000   0.000306252
15.7900000   0.000305995
15.8000000   0.000305739
15.8100000   0.000305483
15.8200000   0.000305228
15.8300000   0.000304975
15.8400000   0.000304722
15.8500000   0.000304569
15.8600000   0.000304318
15.8700000   0.000304068
15.8800000   0.000303818
15.8900000   0.000303569
15.9000000   0.000303322
15.9100000   0.000303075
15.9200000   0.000302828
15.9300000   0.000302583
15.9400000   0.000302339
15.9500000   0.000302095
15.9600000   0.000301852
15.9700000   0.00030161
15.9800000   0.000301369
15.9900000   0.000301128
16.0000000   0.000300889
16.0100000   0.00030065
16.0200000   0.000300412
16.0300000   0.000300175
16.0400000   0.000299839
16.0500000   0.000299604
16.0600000   0.000299369
16.0700000   0.000299135
16.0800000   0.000298902
16.0900000   0.00029867
16.1000000   0.000298439
16.1100000   0.000298208
16.1200000   0.000297978
16.1300000   0.000297649
16.1400000   0.000297421
16.1500000   0.000297194
16.1600000   0.000296967
16.1700000   0.000296741
16.1800000   0.000296416
16.1900000   0.000296192
16.2000000   0.000295969
16.2100000   0.000295746
16.2200000   0.000295524
16.2300000   0.000295203
16.2400000   0.000294983
16.2500000   0.000294763
16.2600000   0.000294544
16.2700000   0.000294226
16.2800000   0.000294009
16.2900000   0.000293793
16.3000000   0.000293477
16.3100000   0.000293262
16.3200000   0.000293048
16.3300000   0.000292735
16.3400000   0.000292522
16.3500000   0.00029231
16.3600000   0.000291999
16.3700000   0.000291789
16.3800000   0.000291579
16.3900000   0.00029127
16.4000000   0.000291062
16.4100000   0.000290854
16.4200000   0.000290548
16.4300000   0.000290342
16.4400000   0.000290037
16.4500000   0.000289832
16.4600000   0.000289629
16.4700000   0.000289326
16.4800000   0.000289124
16.4900000   0.000288822
16.5000000   0.000288621
16.5100000   0.000288321
16.5200000   0.000288122
16.5300000   0.000287923
16.5400000   0.000287626
16.5500000   0.000287428
16.5600000   0.000287132
16.5700000   0.000286936
16.5800000   0.000286641
16.5900000   0.000286447
16.6000000   0.000286154
16.6100000   0.000285961
16.6200000   0.000285669
16.6300000   0.000285477
16.6400000   0.000285186
16.6500000   0.000284996
16.6600000   0.000284707
16.6700000   0.000284418
16.6800000   0.000284231
16.6900000   0.000283943
16.7000000   0.000283757
16.7100000   0.000283471
16.7200000   0.000283286
16.7300000   0.000283001
16.7400000   0.000282718
16.7500000   0.000282535
16.7600000   0.000282252
16.7700000   0.00028207
16.7800000   0.000281789
16.7900000   0.000281509
16.8000000   0.000281329
16.8100000   0.00028105
16.8200000   0.000280772
16.8300000   0.000280595
16.8400000   0.000280318
16.8500000   0.000280141
16.8600000   0.000279866
16.8700000   0.000279591
16.8800000   0.000279416
16.8900000   0.000279143
16.9000000   0.00027887
16.9100000   0.000278598
16.9200000   0.000278426
16.9300000   0.000278155
16.9400000   0.000277885
16.9500000   0.000277715
16.9600000   0.000277446
16.9700000   0.000277178
16.9800000   0.00027691
16.9900000   0.000276743
17.0000000   0.000276476
17.0100000   0.000276211
17.0200000   0.000275945
17.0300000   0.000275781
17.0400000   0.000275517
17.0500000   0.000275254
17.0600000   0.000274991
17.0700000   0.000274829
17.0800000   0.000274568
17.0900000   0.000274308
17.1000000   0.000274048
17.1100000   0.000273788
17.1200000   0.000273629
17.1300000   0.000273371
17.1400000   0.000273114
17.1500000   0.000272857
17.1600000   0.000272601
17.1700000   0.000272445
17.1800000   0.00027219
17.1900000   0.000271936
17.2000000   0.000271682
17.2100000   0.000271429
17.2200000   0.000271176
17.2300000   0.000270924
17.2400000   0.000270773
17.2500000   0.000270522
17.2600000   0.000270272
17.2700000   0.000270023
17.2800000   0.000269774
17.2900000   0.000269525
17.3000000   0.000269278
17.3100000   0.000269031
17.3200000   0.000268884
17.3300000   0.000268638
17.3400000   0.000268393
17.3500000   0.000268148
17.3600000   0.000267904
17.3700000   0.000267661
17.3800000   0.000267418
17.3900000   0.000267176
17.4000000   0.000266934
17.4100000   0.000266693
17.4200000   0.000266452
17.4300000   0.000266212
17.4400000   0.000265973
17.4500000   0.000265734
17.4600000   0.000265596
17.4700000   0.000265358
17.4800000   0.000265121
17.4900000   0.000264885
17.5000000   0.000264649
17.5100000   0.000264414
17.5200000   0.000264179
17.5300000   0.000263945
17.5400000   0.000263711
17.5500000   0.000263478
17.5600000   0.000263246
17.5700000   0.000263014
17.5800000   0.000262782
17.5900000   0.000262552
17.6000000   0.000262321
17.6100000   0.000262092
17.6200000   0.000261863
17.6300000   0.000261634
17.6400000   0.000261306
17.6500000   0.000261079
17.6600000   0.000260852
17.6700000   0.000260626
17.6800000   0.0002604
17.6900000   0.000260175
17.7000000   0.00025995
17.7100000   0.000259726
17.7200000   0.000259503
17.7300000   0.00025928
17.7400000   0.000259057
17.7500000   0.000258835
17.7600000   0.000258614
17.7700000   0.000258393
17.7800000   0.000258173
17.7900000   0.000257853
17.8000000   0.000257634
17.8100000   0.000257415
17.8200000   0.000257197
17.8300000   0.00025698
17.8400000   0.000256763
17.8500000   0.000256546
17.8600000   0.00025633
17.8700000   0.000256115
17.8800000   0.0002558
17.8900000   0.000255585
17.9000000   0.000255372
17.9100000   0.000255158
17.9200000   0.000254945
17.9300000   0.000254733
17.9400000   0.000254521
17.9500000   0.00025431
17.9600000   0.000253999
17.9700000   0.000253789
17.9800000   0.000253579
17.9900000   0.00025337
18.0000000   0.000253162
18.0100000   0.000252953
18.0200000   0.000252646
18.0300000   0.000252439
18.0400000   0.000252232
18.0500000   0.000252026
18.0600000   0.00025182
18.0700000   0.000251515
18.0800000   0.000251311
18.0900000   0.000251107
18.1000000   0.000250903
18.1100000   0.0002507
18.1200000   0.000250398
18.1300000   0.000250195
18.1400000   0.000249994
18.1500000   0.000249793
18.1600000   0.000249592
18.1700000   0.000249292
18.1800000   0.000249093
18.1900000   0.000248893
18.2000000   0.000248695
18.2100000   0.000248397
18.2200000   0.000248199
18.2300000   0.000248002
18.2400000   0.000247805
18.2500000   0.000247609
18.2600000   0.000247314
18.2700000   0.000247118
18.2800000   0.000246924
18.2900000   0.00024673
18.3000000   0.000246436
18.3100000   0.000246243
18.3200000   0.00024605
18.3300000   0.000245758
18.3400000   0.000245566
18.3500000   0.000245374
18.3600000   0.000245184
18.3700000   0.000244893
18.3800000   0.000244703
18.3900000   0.000244514
18.4000000   0.000244325
18.4100000   0.000244036
18.4200000   0.000243848
18.4300000   0.000243661
18.4400000   0.000243374
18.4500000   0.000243187
18.4600000   0.000243001
18.4700000   0.000242715
18.4800000   0.00024253
18.4900000   0.000242345
18.5000000   0.000242061
18.5100000   0.000241877
18.5200000   0.000241694
18.5300000   0.000241511
18.5400000   0.000241228
18.5500000   0.000241046
18.5600000   0.000240865
18.5700000   0.000240584
18.5800000   0.000240403
18.5900000   0.000240223
18.6000000   0.000239943
18.6100000   0.000239764
18.6200000   0.000239585
18.6300000   0.000239307
18.6400000   0.000239129
18.6500000   0.000238851
18.6600000   0.000238674
18.6700000   0.000238498
18.6800000   0.000238222
18.6900000   0.000238046
18.7000000   0.000237871
18.7100000   0.000237596
18.7200000   0.000237421
18.7300000   0.000237247
18.7400000   0.000236974
18.7500000   0.000236801
18.7600000   0.000236528
18.7700000   0.000236356
18.7800000   0.000236184
18.7900000   0.000235913
18.8000000   0.000235742
18.8100000   0.000235472
18.8200000   0.000235301
18.8300000   0.000235132
18.8400000   0.000234863
18.8500000   0.000234694
18.8600000   0.000234426
18.8700000   0.000234258
18.8800000   0.00023409
18.8900000   0.000233823
18.9000000   0.000233657
18.9100000   0.00023339
18.9200000   0.000233225
18.9300000   0.000233059
18.9400000   0.000232794
18.9500000   0.00023263
18.9600000   0.000232366
18.9700000   0.000232202
18.9800000   0.000231939
18.9900000   0.000231776
19.0000000   0.000231613
19.0100000   0.000231351
19.0200000   0.00023119
19.0300000   0.000230929
19.0400000   0.000230768
19.0500000   0.000230508
19.0600000   0.000230348
19.0700000   0.000230188
19.0800000   0.000229929
19.0900000   0.00022977
19.1000000   0.000229512
19.1100000   0.000229354
19.1200000   0.000229096
19.1300000   0.000228939
19.1400000   0.000228683
19.1500000   0.000228526
19.1600000   0.00022827
19.1700000   0.000228115
19.1800000   0.00022786
19.1900000   0.000227705
19.2000000   0.000227451
19.2100000   0.000227297
19.2200000   0.000227143
19.2300000   0.00022689
19.2400000   0.000226737
19.2500000   0.000226485
19.2600000   0.000226333
19.2700000   0.000226082
19.2800000   0.00022593
19.2900000   0.00022568
19.3000000   0.000225529
19.3100000   0.000225279
19.3200000   0.00022513
19.3300000   0.00022488
19.3400000   0.000224732
19.3500000   0.000224483
19.3600000   0.000224335
19.3700000   0.000224087
19.3800000   0.00022394
19.3900000   0.000223693
19.4000000   0.000223547
19.4100000   0.000223301
19.4200000   0.000223155
19.4300000   0.000222909
19.4400000   0.000222764
19.4500000   0.00022252
19.4600000   0.000222275
19.4700000   0.000222132
19.4800000   0.000221888
19.4900000   0.000221745
19.5000000   0.000221502
19.5100000   0.00022136
19.5200000   0.000221118
19.5300000   0.000220976
19.5400000   0.000220735
19.5500000   0.000220594
19.5600000   0.000220354
19.5700000   0.000220213
19.5800000   0.000219974
19.5900000   0.000219834
19.6000000   0.000219595
19.6100000   0.000219356
19.6200000   0.000219218
19.6300000   0.00021898
19.6400000   0.000218843
19.6500000   0.000218605
19.6600000   0.000218468
19.6700000   0.000218232
19.6800000   0.000218096
19.6900000   0.00021786
19.7000000   0.000217625
19.7100000   0.000217489
19.7200000   0.000217255
19.7300000   0.00021712
19.7400000   0.000216886
19.7500000   0.000216753
19.7600000   0.000216519
19.7700000   0.000216286
19.7800000   0.000216154
19.7900000   0.000215922
19.8000000   0.00021579
19.8100000   0.000215558
19.8200000   0.000215427
19.8300000   0.000215196
19.8400000   0.000214966
19.8500000   0.000214836
19.8600000   0.000214606
19.8700000   0.000214476
19.8800000   0.000214247
19.8900000   0.000214019
19.9000000   0.00021389
19.9100000   0.000213662
19.9200000   0.000213534
19.9300000   0.000213307
19.9400000   0.00021308
19.9500000   0.000212953
19.9600000   0.000212727
19.9700000   0.000212601
19.9800000   0.000212375
19.9900000   0.00021215
20.0000000   0.000212025
20.0100000   0.0002118
20.0200000   0.000211676
20.0300000   0.000211452
20.0400000   0.000211228
20.0500000   0.000211105
20.0600000   0.000210882
20.0700000   0.000210759
20.0800000   0.000210537
20.0900000   0.000210315
