0.1000000   890.222
0.1100000   887.621
0.1200000   885.643
0.1300000   884.103
0.1400000   882.881
0.1500000   881.895
0.1600000   881.089
0.1700000   880.42
0.1800000   879.86
0.1900000   879.386
0.2000000   878.981
0.2100000   878.633
0.2200000   878.331
0.2300000   878.067
0.2400000   877.836
0.2500000   877.632
0.2600000   877.451
0.2700000   877.29
0.2800000   877.146
0.2900000   877.016
0.3000000   876.899
0.3100000   876.794
0.3200000   876.698
0.3300000   876.61
0.3400000   876.531
0.3500000   876.457
0.3600000   876.39
0.3700000   876.329
0.3800000   876.272
0.3900000   876.219
0.4000000   876.171
0.4100000   876.126
0.4200000   876.084
0.4300000   876.045
0.4400000   876.008
0.4500000   875.974
0.4600000   875.942
0.4700000   875.912
0.4800000   875.884
0.4900000   875.858
0.5000000   875.833
0.5100000   875.81
0.5200000   875.788
0.5300000   875.768
0.5400000   875.748
0.5500000   875.729
0.5600000   875.712
0.5700000   875.695
0.5800000   875.68
0.5900000   875.665
0.6000000   875.65
0.6100000   875.637
0.6200000   875.624
0.6300000   875.612
0.6400000   875.6
0.6500000   875.589
0.6600000   875.578
0.6700000   875.568
0.6800000   875.558
0.6900000   875.549
0.7000000   875.54
0.7100000   875.531
0.7200000   875.523
0.7300000   875.515
0.7400000   875.508
0.7500000   875.5
0.7600000   875.493
0.7700000   875.487
0.7800000   875.48
0.7900000   875.474
0.8000000   875.468
0.8100000   875.462
0.8200000   875.457
0.8300000   875.452
0.8400000   875.446
0.8500000   875.441
0.8600000   875.437
0.8700000   875.432
0.8800000   875.428
0.8900000   875.423
0.9000000   875.419
0.9100000   875.415
0.9200000   875.411
0.9300000   875.407
0.9400000   875.404
0.9500000   875.4
0.9600000   875.397
0.9700000   875.393
0.9800000   875.39
0.9900000   875.387
1.0000000   875.384
1.0100000   875.381
1.0200000   875.378
1.0300000   875.375
1.0400000   875.373
1.0500000   875.37
1.0600000   875.367
1.0700000   875.365
1.0800000   875.362
1.0900000   875.36
1.1000000   875.358
1.1100000   875.356
1.1200000   875.353
1.1300000   875.351
1.1400000   875.349
1.1500000   875.347
1.1600000   875.345
1.1700000   875.343
1.1800000   875.342
1.1900000   875.34
1.2000000   875.338
1.2100000   875.336
1.2200000   875.335
1.2300000   875.333
1.2400000   875.331
1.2500000   875.33
1.2600000   875.328
1.2700000   875.327
1.2800000   875.325
1.2900000   875.324
1.3000000   875.323
1.3100000   875.321
1.3200000   875.32
1.3300000   875.319
1.3400000   875.317
1.3500000   875.316
1.3600000   875.315
1.3700000   875.314
1.3800000   875.313
1.3900000   875.312
1.4000000   875.31
1.4100000   875.309
1.4200000   875.308
1.4300000   875.307
1.4400000   875.306
1.4500000   875.305
1.4600000   875.304
1.4700000   875.303
1.4800000   875.302
1.4900000   875.301
1.5000000   875.301
1.5100000   875.3
1.5200000   875.299
1.5300000   875.298
1.5400000   875.297
1.5500000   875.296
1.5600000   875.296
1.5700000   875.295
1.5800000   875.294
1.5900000   875.293
1.6000000   875.293
1.6100000   875.292
1.6200000   875.291
1.6300000   875.29
1.6400000   875.29
1.6500000   875.289
1.6600000   875.288
1.6700000   875.288
1.6800000   875.287
1.6900000   875.286
1.7000000   875.286
1.7100000   875.285
1.7200000   875.285
1.7300000   875.284
1.7400000   875.283
1.7500000   875.283
1.7600000   875.282
1.7700000   875.282
1.7800000   875.281
1.7900000   875.281
1.8000000   875.28
1.8100000   875.28
1.8200000   875.279
1.8300000   875.279
1.8400000   875.278
1.8500000   875.278
1.8600000   875.277
1.8700000   875.277
1.8800000   875.276
1.8900000   875.276
1.9000000   875.275
1.9100000   875.275
1.9200000   875.275
1.9300000   875.274
1.9400000   875.274
1.9500000   875.273
1.9600000   875.273
1.9700000   875.273
1.9800000   875.272
1.9900000   875.272
2.0000000   875.271
2.0100000   875.271
2.0200000   875.271
2.0300000   875.27
2.0400000   875.27
2.0500000   875.27
2.0600000   875.269
2.0700000   875.269
2.0800000   875.269
2.0900000   875.268
2.1000000   875.268
2.1100000   875.268
2.1200000   875.267
2.1300000   875.267
2.1400000   875.267
2.1500000   875.266
2.1600000   875.266
2.1700000   875.266
2.1800000   875.265
2.1900000   875.265
2.2000000   875.265
2.2100000   875.265
2.2200000   875.264
2.2300000   875.264
2.2400000   875.264
2.2500000   875.264
2.2600000   875.263
2.2700000   875.263
2.2800000   875.263
2.2900000   875.263
2.3000000   875.262
2.3100000   875.262
2.3200000   875.262
2.3300000   875.262
2.3400000   875.261
2.3500000   875.261
2.3600000   875.261
2.3700000   875.261
2.3800000   875.26
2.3900000   875.26
2.4000000   875.26
2.4100000   875.26
2.4200000   875.26
2.4300000   875.259
2.4400000   875.259
2.4500000   875.259
2.4600000   875.259
2.4700000   875.259
2.4800000   875.258
2.4900000   875.258
2.5000000   875.258
2.5100000   834.213
2.5200000   795.243
2.5300000   758.235
2.5400000   723.082
2.5500000   689.686
2.5600000   657.951
2.5700000   627.791
2.5800000   599.12
2.5900000   571.859
2.6000000   545.936
2.6100000   521.278
2.6200000   497.82
2.6300000   475.5
2.6400000   454.258
2.6500000   434.038
2.6600000   414.788
2.6700000   396.457
2.6800000   379
2.6900000   362.37
2.7000000   346.526
2.7100000   331.428
2.7200000   317.039
2.7300000   303.323
2.7400000   290.246
2.7500000   277.776
2.7600000   265.883
2.7700000   254.539
2.7800000   243.715
2.7900000   233.387
2.8000000   223.531
2.8100000   214.123
2.8200000   205.141
2.8300000   196.564
2.8400000   188.374
2.8500000   180.551
2.8600000   173.078
2.8700000   165.938
2.8800000   159.114
2.8900000   152.593
2.9000000   146.36
2.9100000   140.4
2.9200000   134.702
2.9300000   129.252
2.9400000   124.04
2.9500000   119.054
2.9600000   114.283
2.9700000   109.718
2.9800000   105.35
2.9900000   101.168
3.0000000   97.165
3.0100000   93.3323
3.0200000   89.6622
3.0300000   86.1472
3.0400000   82.7805
3.0500000   79.5552
3.0600000   76.465
3.0700000   73.5039
3.0800000   70.666
3.0900000   67.9459
3.1000000   65.3383
3.1100000   62.8383
3.1200000   60.4411
3.1300000   58.1421
3.1400000   55.9371
3.1500000   53.8219
3.1600000   51.7927
3.1700000   49.8456
3.1800000   47.9772
3.1900000   46.1839
3.2000000   44.4627
3.2100000   42.8103
3.2200000   41.2238
3.2300000   39.7005
3.2400000   38.2376
3.2500000   36.8325
3.2600000   35.4829
3.2700000   34.1863
3.2800000   32.9405
3.2900000   31.7435
3.3000000   30.5931
3.3100000   29.4874
3.3200000   28.4246
3.3300000   27.4028
3.3400000   26.4204
3.3500000   25.4758
3.3600000   24.5674
3.3700000   23.6937
3.3800000   22.8533
3.3900000   22.0448
3.4000000   21.267
3.4100000   20.5186
3.4200000   19.7983
3.4300000   19.1052
3.4400000   18.438
3.4500000   17.7958
3.4600000   17.1775
3.4700000   16.5822
3.4800000   16.009
3.4900000   15.457
3.5000000   14.9253
3.5100000   14.4132
3.5200000   13.9199
3.5300000   13.4446
3.5400000   12.9867
3.5500000   12.5455
3.5600000   12.1203
3.5700000   11.7104
3.5800000   11.3154
3.5900000   10.9346
3.6000000   10.5675
3.6100000   10.2135
3.6200000   9.87224
3.6300000   9.54311
3.6400000   9.22569
3.6500000   8.91953
3.6600000   8.62421
3.6700000   8.33932
3.6800000   8.06445
3.6900000   7.79925
3.7000000   7.54333
3.7100000   7.29636
3.7200000   7.05801
3.7300000   6.82794
3.7400000   6.60586
3.7500000   6.39147
3.7600000   6.18448
3.7700000   5.98463
3.7800000   5.79164
3.7900000   5.60527
3.8000000   5.42528
3.8100000   5.25142
3.8200000   5.08349
3.8300000   4.92126
3.8400000   4.76453
3.8500000   4.6131
3.8600000   4.46678
3.8700000   4.32538
3.8800000   4.18873
3.8900000   4.05666
3.9000000   3.929
3.9100000   3.8056
3.9200000   3.6863
3.9300000   3.57097
3.9400000   3.45946
3.9500000   3.35163
3.9600000   3.24736
3.9700000   3.14652
3.9800000   3.04899
3.9900000   2.95466
4.0000000   2.86341
4.0100000   2.77514
4.0200000   2.68974
4.0300000   2.60712
4.0400000   2.52718
4.0500000   2.44982
4.0600000   2.37495
4.0700000   2.3025
4.0800000   2.23238
4.0900000   2.16451
4.1000000   2.09881
4.1100000   2.03521
4.1200000   1.97363
4.1300000   1.91402
4.1400000   1.8563
4.1500000   1.80041
4.1600000   1.74628
4.1700000   1.69386
4.1800000   1.6431
4.1900000   1.59393
4.2000000   1.5463
4.2100000   1.50017
4.2200000   1.45547
4.2300000   1.41217
4.2400000   1.37022
4.2500000   1.32957
4.2600000   1.29018
4.2700000   1.25202
4.2800000   1.21503
4.2900000   1.17918
4.3000000   1.14444
4.3100000   1.11076
4.3200000   1.07811
4.3300000   1.04647
4.3400000   1.01579
4.3500000   0.98605
4.3600000   0.957214
4.3700000   0.929255
4.3800000   0.902143
4.3900000   0.875853
4.4000000   0.850358
4.4100000   0.825632
4.4200000   0.801652
4.4300000   0.778393
4.4400000   0.755832
4.4500000   0.733948
4.4600000   0.712718
4.4700000   0.692123
4.4800000   0.672142
4.4900000   0.652757
4.5000000   0.633948
4.5100000   0.615697
4.5200000   0.597987
4.5300000   0.580801
4.5400000   0.564123
4.5500000   0.547937
4.5600000   0.532227
4.5700000   0.51698
4.5800000   0.50218
4.5900000   0.487814
4.6000000   0.473869
4.6100000   0.460331
4.6200000   0.447189
4.6300000   0.434429
4.6400000   0.422041
4.6500000   0.410013
4.6600000   0.398334
4.6700000   0.386993
4.6800000   0.375981
4.6900000   0.365286
4.7000000   0.354901
4.7100000   0.344814
4.7200000   0.335018
4.7300000   0.325504
4.7400000   0.316263
4.7500000   0.307286
4.7600000   0.298567
4.7700000   0.290097
4.7800000   0.281869
4.7900000   0.273875
4.8000000   0.266109
4.8100000   0.258564
4.8200000   0.251234
4.8300000   0.244112
4.8400000   0.237191
4.8500000   0.230467
4.8600000   0.223933
4.8700000   0.217583
4.8800000   0.211413
4.8900000   0.205417
4.9000000   0.199589
4.9100000   0.193926
4.9200000   0.188421
4.9300000   0.183072
4.9400000   0.177872
4.9500000   0.172818
4.9600000   0.167905
4.9700000   0.16313
4.9800000   0.158488
4.9900000   0.153976
5.0000000   0.14959
5.0100000   0.145326
5.0200000   0.14118
5.0300000   0.13715
5.0400000   0.133232
5.0500000   0.129423
5.0600000   0.125719
5.0700000   0.122119
5.0800000   0.118617
5.0900000   0.115213
5.1000000   0.111903
5.1100000   0.108685
5.1200000   0.105555
5.1300000   0.102512
5.1400000   0.0995528
5.1500000   0.0966752
5.1600000   0.0938769
5.1700000   0.0911556
5.1800000   0.0885093
5.1900000   0.0859358
5.2000000   0.083433
5.2100000   0.0809991
5.2200000   0.078632
5.2300000   0.0763299
5.2400000   0.0740909
5.2500000   0.0719134
5.2600000   0.0697957
5.2700000   0.067736
5.2800000   0.0657327
5.2900000   0.0637844
5.3000000   0.0618894
5.3100000   0.0600463
5.3200000   0.0582537
5.3300000   0.0565101
5.3400000   0.0548143
5.3500000   0.0531649
5.3600000   0.0515605
5.3700000   0.0500001
5.3800000   0.0484823
5.3900000   0.0470061
5.4000000   0.0455703
5.4100000   0.0441737
5.4200000   0.0428155
5.4300000   0.0414943
5.4400000   0.0402092
5.4500000   0.0389594
5.4600000   0.0377437
5.4700000   0.0365613
5.4800000   0.0354114
5.4900000   0.0342928
5.5000000   0.0332049
5.5100000   0.032147
5.5200000   0.0311179
5.5300000   0.0301171
5.5400000   0.0291437
5.5500000   0.028197
5.5600000   0.0272765
5.5700000   0.0263812
5.5800000   0.0255105
5.5900000   0.0246637
5.6000000   0.0238402
5.6100000   0.0230395
5.6200000   0.0222608
5.6300000   0.0215036
5.6400000   0.0207674
5.6500000   0.0200514
5.6600000   0.0193553
5.6700000   0.0186785
5.6800000   0.0180204
5.6900000   0.0173805
5.7000000   0.0167585
5.7100000   0.0161538
5.7200000   0.0155659
5.7300000   0.0149943
5.7400000   0.0144387
5.7500000   0.0138987
5.7600000   0.0133738
5.7700000   0.0128637
5.7800000   0.0123677
5.7900000   0.0118858
5.8000000   0.0114174
5.8100000   0.0109623
5.8200000   0.0105199
5.8300000   0.0100902
5.8400000   0.00967258
5.8500000   0.00926687
5.8600000   0.00887274
5.8700000   0.00848978
5.8800000   0.00811779
5.8900000   0.00775649
5.9000000   0.00740555
5.9100000   0.00706469
5.9200000   0.00673361
5.9300000   0.0064122
5.9400000   0.00610006
5.9500000   0.00579709
5.9600000   0.0055029
5.9700000   0.00521727
5.9800000   0.00494002
5.9900000   0.00467094
6.0000000   0.00440982
6.0100000   0.00415638
6.0200000   0.00391051
6.0300000   0.0036719
6.0400000   0.00344046
6.0500000   0.00321599
6.0600000   0.00299819
6.0700000   0.00278705
6.0800000   0.00258228
6.0900000   0.00238378
6.1000000   0.00219134
6.1100000   0.00200486
6.1200000   0.00182405
6.1300000   0.00164891
6.1400000   0.00147913
6.1500000   0.00131471
6.1600000   0.00115545
6.1700000   0.00100126
6.1800000   0.000851927
6.1900000   0.000707357
6.2000000   0.000567449
6.2100000   0.000432101
6.2200000   0.000301114
6.2300000   0.000174387
6.2400000   5.18201e-05
6.2500000   -6.66879e-05
6.2600000   -0.000181237
6.2700000   -0.000291927
6.2800000   -0.00039886
6.2900000   -0.000502234
6.3000000   -0.000602051
6.3100000   -0.000698311
6.3200000   -0.000791314
6.3300000   -0.000881061
6.3400000   -0.000967552
6.3500000   -0.00105109
6.3600000   -0.00113147
6.3700000   -0.00120899
6.3800000   -0.00128366
6.3900000   -0.00135558
6.4000000   -0.00142474
6.4100000   -0.00149135
6.4200000   -0.0015554
6.4300000   -0.00161691
6.4400000   -0.00167606
6.4500000   -0.00173285
6.4600000   -0.0017873
6.4700000   -0.00183959
6.4800000   -0.00188973
6.4900000   -0.00193773
6.5000000   -0.00198367
6.5100000   -0.00202766
6.5200000   -0.0020697
6.5300000   -0.00210989
6.5400000   -0.00214823
6.5500000   -0.00218472
6.5600000   -0.00221956
6.5700000   -0.00225276
6.5800000   -0.0022842
6.5900000   -0.0023142
6.6000000   -0.00234255
6.6100000   -0.00236946
6.6200000   -0.00239491
6.6300000   -0.00241892
6.6400000   -0.00244158
6.6500000   -0.0024628
6.6600000   -0.00248287
6.6700000   -0.0025016
6.6800000   -0.00251918
6.6900000   -0.00253551
6.7000000   -0.0025506
6.7100000   -0.00256474
6.7200000   -0.00257764
6.7300000   -0.0025896
6.7400000   -0.00260051
6.7500000   -0.00261038
6.7600000   -0.00261931
6.7700000   -0.00262729
6.7800000   -0.00263433
6.7900000   -0.00264052
6.8000000   -0.00264588
6.8100000   -0.00265039
6.8200000   -0.00265416
6.8300000   -0.00265709
6.8400000   -0.00265918
6.8500000   -0.00266063
6.8600000   -0.00266143
6.8700000   -0.0026614
6.8800000   -0.00266082
6.8900000   -0.00265951
6.9000000   -0.00265765
6.9100000   -0.00265516
6.9200000   -0.00265202
6.9300000   -0.00264835
6.9400000   -0.00264414
6.9500000   -0.00263939
6.9600000   -0.0026342
6.9700000   -0.00262837
6.9800000   -0.0026222
6.9900000   -0.0026155
7.0000000   -0.00260836
7.0100000   -0.00260078
7.0200000   -0.00259276
7.0300000   -0.00258441
7.0400000   -0.00257562
7.0500000   -0.00256639
7.0600000   -0.00255693
7.0700000   -0.00254703
7.0800000   -0.00253679
7.0900000   -0.00252632
7.1000000   -0.00251542
7.1100000   -0.00250427
7.1200000   -0.0024928
7.1300000   -0.00248108
7.1400000   -0.00246914
7.1500000   -0.00245685
7.1600000   -0.00244444
7.1700000   -0.00243169
7.1800000   -0.0024187
7.1900000   -0.00240558
7.2000000   -0.00239213
7.2100000   -0.00237855
7.2200000   -0.00236483
7.2300000   -0.00235088
7.2400000   -0.00233669
7.2500000   -0.00232247
7.2600000   -0.00230802
7.2700000   -0.00229334
7.2800000   -0.00227863
7.2900000   -0.00226378
7.3000000   -0.0022487
7.3100000   -0.00223359
7.3200000   -0.00221835
7.3300000   -0.00220298
7.3400000   -0.00218757
7.3500000   -0.00217194
7.3600000   -0.00215627
7.3700000   -0.00214058
7.3800000   -0.00212475
7.3900000   -0.00210889
7.4000000   -0.00209291
7.4100000   -0.00207689
7.4200000   -0.00206074
7.4300000   -0.00204466
7.4400000   -0.00202846
7.4500000   -0.00201222
7.4600000   -0.00199596
7.4700000   -0.00197966
7.4800000   -0.00196324
7.4900000   -0.00194689
7.5000000   -0.00193051
7.5100000   -0.0019141
7.5200000   -0.00189766
7.5300000   -0.0018812
7.5400000   -0.0018647
7.5500000   -0.00184828
7.5600000   -0.00183184
7.5700000   -0.00181536
7.5800000   -0.00179886
7.5900000   -0.00178243
7.6000000   -0.00176597
7.6100000   -0.00174948
7.6200000   -0.00173307
7.6300000   -0.00171663
7.6400000   -0.00170027
7.6500000   -0.00168388
7.6600000   -0.00166756
7.6700000   -0.00165122
7.6800000   -0.00163495
7.6900000   -0.00161865
7.7000000   -0.00160243
7.7100000   -0.00158618
7.7200000   -0.00157011
7.7300000   -0.00155391
7.7400000   -0.00153789
7.7500000   -0.00152184
7.7600000   -0.00150587
7.7700000   -0.00148987
7.7800000   -0.00147395
7.7900000   -0.00145811
7.8000000   -0.00144234
7.8100000   -0.00142664
7.8200000   -0.00141092
7.8300000   -0.00139528
7.8400000   -0.00137971
7.8500000   -0.00136412
7.8600000   -0.0013487
7.8700000   -0.00133326
7.8800000   -0.0013179
7.8900000   -0.00130262
7.9000000   -0.00128741
7.9100000   -0.00127218
7.9200000   -0.00125712
7.9300000   -0.00124205
7.9400000   -0.00122715
7.9500000   -0.00121222
7.9600000   -0.00119738
7.9700000   -0.00118261
7.9800000   -0.00116792
7.9900000   -0.00115331
8.0000000   -0.00113867
8.0100000   -0.00112422
8.0200000   -0.00110984
8.0300000   -0.00109544
8.0400000   -0.00108122
8.0500000   -0.00106698
8.0600000   -0.00105281
8.0700000   -0.00103883
8.0800000   -0.00102482
8.0900000   -0.00101089
8.1000000   -0.000997042
8.1100000   -0.000983272
8.1200000   -0.000969582
8.1300000   -0.00095597
8.1400000   -0.000942439
8.1500000   -0.000928986
8.1600000   -0.000915613
8.1700000   -0.00090232
8.1800000   -0.000889107
8.1900000   -0.000875974
8.2000000   -0.000862921
8.2100000   -0.000849848
8.2200000   -0.000836955
8.2300000   -0.000824142
8.2400000   -0.00081131
8.2500000   -0.000798658
8.2600000   -0.000786087
8.2700000   -0.000773496
8.2800000   -0.000761087
8.2900000   -0.000748658
8.3000000   -0.00073641
8.3100000   -0.000724143
8.3200000   -0.000712057
8.3300000   -0.000699953
8.3400000   -0.00068793
8.3500000   -0.000675988
8.3600000   -0.000664228
8.3700000   -0.000652449
8.3800000   -0.000640752
8.3900000   -0.000629137
8.4000000   -0.000617604
8.4100000   -0.000606152
8.4200000   -0.000594783
8.4300000   -0.000583496
8.4400000   -0.000572291
8.4500000   -0.000561068
8.4600000   -0.000550027
8.4700000   -0.000539069
8.4800000   -0.000528094
8.4900000   -0.000517301
8.5000000   -0.000506491
8.5100000   -0.000495763
8.5200000   -0.000485219
8.5300000   -0.000474657
8.5400000   -0.000464179
8.5500000   -0.000453783
8.5600000   -0.000443471
8.5700000   -0.000433142
8.5800000   -0.000422996
8.5900000   -0.000412834
8.6000000   -0.000402855
8.6100000   -0.000392859
8.6200000   -0.000382948
8.6300000   -0.00037312
8.6400000   -0.000363376
8.6500000   -0.000353715
8.6600000   -0.000344139
8.6700000   -0.000334547
8.6800000   -0.000325138
8.6900000   -0.000315714
8.7000000   -0.000306374
8.7100000   -0.000297119
8.7200000   -0.000287947
8.7300000   -0.000278861
8.7400000   -0.000269758
8.7500000   -0.000260741
8.7600000   -0.000251908
8.7700000   -0.000242959
8.7800000   -0.000234196
8.7900000   -0.000225517
8.8000000   -0.000216824
8.8100000   -0.000208315
8.8200000   -0.000199791
8.8300000   -0.000191253
8.8400000   -0.0001829
8.8500000   -0.000174532
8.8600000   -0.000166349
8.8700000   -0.000158152
8.8800000   -0.00014994
8.8900000   -0.000141914
8.9000000   -0.000133873
8.9100000   -0.000125918
8.9200000   -0.000118049
8.9300000   -0.000110266
8.9400000   -0.000102468
8.9500000   -9.47563e-05
8.9600000   -8.71306e-05
8.9700000   -7.9591e-05
8.9800000   -7.20375e-05
8.9900000   -6.45702e-05
9.0000000   -5.7189e-05
9.0100000   -4.98942e-05
9.0200000   -4.25858e-05
9.0300000   -3.53637e-05
9.0400000   -2.82281e-05
9.0500000   -2.10791e-05
9.0600000   -1.40166e-05
9.0700000   -7.04085e-06
9.0800000   -1.51769e-07
9.0900000   6.75055e-06
9.1000000   1.3566e-05
9.1100000   2.02946e-05
9.1200000   2.70363e-05
9.1300000   3.36909e-05
9.1400000   4.02585e-05
9.1500000   4.7239e-05
9.1600000   5.58323e-05
9.1700000   6.43384e-05
9.1800000   7.27572e-05
9.1900000   8.10887e-05
9.2000000   8.93328e-05
9.2100000   9.73894e-05
9.2200000   0.000105459
9.2300000   0.00011344
9.2400000   0.000121334
9.2500000   0.00012914
9.2600000   0.000136859
9.2700000   0.00014439
9.2800000   0.000151933
9.2900000   0.000159388
9.3000000   0.000166855
9.3100000   0.000174134
9.3200000   0.000181326
9.3300000   0.000188429
9.3400000   0.000195544
9.3500000   0.00020247
9.3600000   0.000209409
9.3700000   0.000216259
9.3800000   0.000223021
9.3900000   0.000229695
9.4000000   0.00023628
9.4100000   0.000242876
9.4200000   0.000249285
9.4300000   0.000255704
9.4400000   0.000262035
9.4500000   0.000268277
9.4600000   0.000274431
9.4700000   0.000280596
9.4800000   0.000286671
9.4900000   0.000292659
9.5000000   0.000298557
9.5100000   0.000304366
9.5200000   0.000310186
9.5300000   0.000315917
9.5400000   0.000321559
9.5500000   0.000327212
9.5600000   0.000332676
9.5700000   0.00033815
9.5800000   0.000343635
9.5900000   0.000348931
9.6000000   0.000354238
9.6100000   0.000359455
9.6200000   0.000364682
9.6300000   0.000369821
9.6400000   0.000374869
9.6500000   0.000379828
9.6600000   0.000384798
9.6700000   0.000389677
9.6800000   0.000394567
9.6900000   0.000399367
9.7000000   0.000404078
9.7100000   0.000408698
9.7200000   0.000413329
9.7300000   0.00041797
9.7400000   0.000422421
9.7500000   0.000426982
9.7600000   0.000431352
9.7700000   0.000435733
9.7800000   0.000440023
9.7900000   0.000444324
9.8000000   0.000448534
9.8100000   0.000452754
9.8200000   0.000456883
9.8300000   0.000460923
9.8400000   0.000464972
9.8500000   0.00046893
9.8600000   0.000472898
9.8700000   0.000476776
9.8800000   0.000480663
9.8900000   0.000484459
9.9000000   0.000488265
9.9100000   0.00049198
9.9200000   0.000495605
9.9300000   0.000499239
9.9400000   0.000502882
9.9500000   0.000506434
9.9600000   0.000509896
9.9700000   0.000513366
9.9800000   0.000516846
9.9900000   0.000520235
10.0000000   0.000523533
10.0100000   0.00052684
10.0200000   0.000530155
10.0300000   0.00053338
10.0400000   0.000536514
10.0500000   0.000539656
10.0600000   0.000542807
10.0700000   0.000545868
10.0800000   0.000548936
10.0900000   0.000551914
10.1000000   0.0005549
10.1100000   0.000557895
10.1200000   0.000560698
10.1300000   0.00056361
10.1400000   0.000566431
10.1500000   0.00056926
10.1600000   0.000571997
10.1700000   0.000574743
10.1800000   0.000577398
10.1900000   0.00058006
10.2000000   0.000582731
10.2100000   0.000585311
10.2200000   0.000587898
10.2300000   0.000590394
10.2400000   0.000592898
10.2500000   0.000595411
10.2600000   0.000597831
10.2700000   0.00060026
10.2800000   0.000602596
10.2900000   0.000604941
10.3000000   0.000607294
10.3100000   0.000609554
10.3200000   0.000611823
10.3300000   0.0006141
10.3400000   0.000616284
10.3500000   0.000618477
10.3600000   0.000620577
10.3700000   0.000622685
10.3800000   0.0006248
10.3900000   0.000626824
10.4000000   0.000628955
10.4100000   0.000630894
10.4200000   0.000632941
10.4300000   0.000634895
10.4400000   0.000636757
10.4500000   0.000638726
10.4600000   0.000640603
10.4700000   0.000642488
10.4800000   0.000644279
10.4900000   0.000646079
10.5000000   0.000647886
10.5100000   0.0006496
10.5200000   0.000651421
10.5300000   0.00065305
10.5400000   0.000654787
10.5500000   0.00065643
10.5600000   0.000658081
10.5700000   0.000659739
10.5800000   0.000661304
10.5900000   0.000662876
10.6000000   0.000664456
10.6100000   0.000665943
10.6200000   0.000667436
10.6300000   0.000668937
10.6400000   0.000670445
10.6500000   0.00067186
10.6600000   0.000673282
10.6700000   0.000674711
10.6800000   0.000676046
10.6900000   0.000677489
10.7000000   0.000678839
10.7100000   0.000680095
10.7200000   0.000681458
10.7300000   0.000682728
10.7400000   0.000684005
10.7500000   0.000685189
10.7600000   0.000686479
10.7700000   0.000687676
10.7800000   0.00068888
10.7900000   0.000689991
10.8000000   0.000691208
10.8100000   0.000692331
10.8200000   0.000693462
10.8300000   0.000694498
10.8400000   0.000695642
10.8500000   0.000696692
10.8600000   0.000697748
10.8700000   0.000698811
10.8800000   0.00069978
10.8900000   0.000700756
10.9000000   0.000701738
10.9100000   0.000702726
10.9200000   0.000703721
10.9300000   0.000704622
10.9400000   0.000705529
10.9500000   0.000706443
10.9600000   0.000707263
10.9700000   0.000708189
10.9800000   0.000709022
10.9900000   0.00070986
11.0000000   0.000710705
11.0100000   0.000711456
11.0200000   0.000712313
11.0300000   0.000713076
11.0400000   0.000713845
11.0500000   0.00071462
11.0600000   0.000715301
11.0700000   0.000716089
11.0800000   0.000716782
11.0900000   0.000717481
11.1000000   0.000718186
11.1100000   0.000718797
11.1200000   0.000719514
11.1300000   0.000720137
11.1400000   0.000720766
11.1500000   0.000721401
11.1600000   0.000721941
11.1700000   0.000722587
11.1800000   0.000723139
11.1900000   0.000723697
11.2000000   0.00072426
11.2100000   0.00072483
11.2200000   0.000725304
11.2300000   0.000725785
11.2400000   0.000726371
11.2500000   0.000726863
11.2600000   0.00072726
11.2700000   0.000727763
11.2800000   0.000728272
11.2900000   0.000728686
11.3000000   0.000729106
11.3100000   0.000729531
11.3200000   0.000729962
11.3300000   0.000730398
11.3400000   0.00073074
11.3500000   0.000731087
11.3600000   0.000731539
11.3700000   0.000731897
11.3800000   0.000732161
11.3900000   0.000732529
11.4000000   0.000732903
11.4100000   0.000733183
11.4200000   0.000733467
11.4300000   0.000733757
11.4400000   0.000734052
11.4500000   0.000734353
11.4600000   0.000734658
11.4700000   0.000734869
11.4800000   0.000735185
11.4900000   0.000735407
11.5000000   0.000735633
11.5100000   0.000735865
11.5200000   0.000736101
11.5300000   0.000736243
11.5400000   0.00073649
11.5500000   0.000736642
11.5600000   0.000736799
11.5700000   0.000736961
11.5800000   0.000737128
11.5900000   0.0007373
11.6000000   0.000737477
11.6100000   0.000737559
11.6200000   0.000737746
11.6300000   0.000737838
11.6400000   0.000737935
11.6500000   0.000738036
11.6600000   0.000738143
11.6700000   0.000738254
11.6800000   0.000738271
11.6900000   0.000738392
11.7000000   0.000738418
11.7100000   0.000738548
11.7200000   0.000738584
11.7300000   0.000738624
11.7400000   0.000738669
11.7500000   0.000738619
11.7600000   0.000738674
11.7700000   0.000738733
11.7800000   0.000738697
11.7900000   0.000738665
11.8000000   0.000738738
11.8100000   0.000738716
11.8200000   0.000738699
11.8300000   0.000738686
11.8400000   0.000738577
11.8500000   0.000738574
11.8600000   0.000738475
11.8700000   0.00073848
11.8800000   0.00073839
11.8900000   0.000738304
11.9000000   0.000738223
11.9100000   0.000738146
11.9200000   0.000738074
11.9300000   0.000738007
11.9400000   0.000737943
11.9500000   0.000737784
11.9600000   0.00073773
11.9700000   0.00073758
11.9800000   0.000737434
11.9900000   0.000737293
12.0000000   0.000737256
12.0100000   0.000737024
12.0200000   0.000736895
12.0300000   0.000736771
12.0400000   0.000736652
12.0500000   0.000736436
12.0600000   0.000736325
12.0700000   0.000736118
12.0800000   0.000735916
12.0900000   0.000735817
12.1000000   0.000735623
12.1100000   0.000735433
12.1200000   0.000735247
12.1300000   0.000734966
12.1400000   0.000734788
12.1500000   0.000734615
12.1600000   0.000734345
12.1700000   0.00073418
12.1800000   0.000733919
12.1900000   0.000733662
12.2000000   0.000733509
12.2100000   0.000733261
12.2200000   0.000733016
12.2300000   0.000732775
12.2400000   0.000732538
12.2500000   0.000732206
12.2600000   0.000731977
12.2700000   0.000731752
12.2800000   0.000731432
12.2900000   0.000731215
12.3000000   0.000730902
12.3100000   0.000730593
12.3200000   0.000730388
12.3300000   0.000730087
12.3400000   0.00072979
12.3500000   0.000729496
12.3600000   0.000729207
12.3700000   0.000728821
12.3800000   0.000728539
12.3900000   0.000728261
12.4000000   0.000727887
12.4100000   0.000727617
12.4200000   0.00072725
12.4300000   0.000726988
12.4400000   0.000726629
12.4500000   0.000726273
12.4600000   0.000725922
12.4700000   0.000725574
12.4800000   0.00072523
12.4900000   0.00072489
12.5000000   0.000724553
12.5100000   0.00072422
12.5200000   0.000723891
12.5300000   0.000723465
12.5400000   0.000723143
12.5500000   0.000722725
12.5600000   0.00072241
12.5700000   0.000721999
12.5800000   0.000721691
12.5900000   0.000721288
12.6000000   0.000720887
12.6100000   0.00072049
12.6200000   0.000720097
12.6300000   0.000719708
12.6400000   0.000719321
12.6500000   0.000718939
12.6600000   0.00071856
12.6700000   0.000718084
12.6800000   0.000717712
12.6900000   0.000717343
12.7000000   0.000716878
12.7100000   0.000716517
12.7200000   0.000716058
12.7300000   0.000715603
12.7400000   0.000715252
12.7500000   0.000714804
12.7600000   0.000714359
12.7700000   0.000713918
12.7800000   0.00071348
12.7900000   0.000713046
12.8000000   0.000712615
12.8100000   0.000712187
12.8200000   0.000711763
12.8300000   0.000711342
12.8400000   0.000710924
12.8500000   0.00071041
12.8600000   0.000709999
12.8700000   0.000709491
12.8800000   0.000709086
12.8900000   0.000708585
12.9000000   0.000708187
12.9100000   0.000707692
12.9200000   0.0007072
12.9300000   0.000706812
12.9400000   0.000706327
12.9500000   0.000705845
12.9600000   0.000705366
12.9700000   0.000704891
12.9800000   0.000704419
12.9900000   0.000703949
13.0000000   0.000703483
13.0100000   0.00070302
13.0200000   0.000702461
13.0300000   0.000702004
13.0400000   0.000701551
13.0500000   0.000701
13.0600000   0.000700553
13.0700000   0.000700109
13.0800000   0.000699568
13.0900000   0.00069903
13.1000000   0.000698595
13.1100000   0.000698063
13.1200000   0.000697634
13.1300000   0.000697108
13.1400000   0.000696585
13.1500000   0.000696066
13.1600000   0.000695549
13.1700000   0.000695035
13.1800000   0.000694524
13.1900000   0.000694017
13.2000000   0.000693512
13.2100000   0.00069301
13.2200000   0.000692511
13.2300000   0.000692015
13.2400000   0.000691522
13.2500000   0.000690932
13.2600000   0.000690445
13.2700000   0.00068996
13.2800000   0.000689379
13.2900000   0.0006889
13.3000000   0.000688325
13.3100000   0.000687852
13.3200000   0.000687282
13.3300000   0.000686715
13.3400000   0.000686251
13.3500000   0.00068569
13.3600000   0.000685131
13.3700000   0.000684676
13.3800000   0.000684123
13.3900000   0.000683573
13.4000000   0.000683025
13.4100000   0.000682481
13.4200000   0.000681939
13.4300000   0.0006814
13.4400000   0.000680864
13.4500000   0.000680331
13.4600000   0.0006798
13.4700000   0.000679272
13.4800000   0.000678647
13.4900000   0.000678125
13.5000000   0.000677605
13.5100000   0.000677088
13.5200000   0.000676474
13.5300000   0.000675962
13.5400000   0.000675353
13.5500000   0.000674847
13.5600000   0.000674243
13.5700000   0.000673742
13.5800000   0.000673144
13.5900000   0.000672648
13.6000000   0.000672055
13.6100000   0.000671465
13.6200000   0.000670977
13.6300000   0.000670392
13.6400000   0.000669809
13.6500000   0.000669229
13.6600000   0.000668752
13.6700000   0.000668177
13.6800000   0.000667605
13.6900000   0.000667035
13.7000000   0.000666468
13.7100000   0.000665904
13.7200000   0.000665342
13.7300000   0.000664782
13.7400000   0.000664225
13.7500000   0.000663671
13.7600000   0.000663119
13.7700000   0.00066247
13.7800000   0.000661923
13.7900000   0.000661379
13.8000000   0.000660837
13.8100000   0.000660197
13.8200000   0.00065966
13.8300000   0.000659126
13.8400000   0.000658494
13.8500000   0.000657964
13.8600000   0.000657337
13.8700000   0.000656813
13.8800000   0.00065619
13.8900000   0.000655671
13.9000000   0.000655053
13.9100000   0.000654538
13.9200000   0.000653926
13.9300000   0.000653315
13.9400000   0.000652808
13.9500000   0.000652202
13.9600000   0.000651599
13.9700000   0.000650999
13.9800000   0.0006505
13.9900000   0.000649904
14.0000000   0.000649311
14.0100000   0.000648719
14.0200000   0.00064813
14.0300000   0.000647544
14.0400000   0.00064696
14.0500000   0.000646378
14.0600000   0.000645798
14.0700000   0.000645221
14.0800000   0.000644645
14.0900000   0.000644073
14.1000000   0.000643502
14.1100000   0.000642934
14.1200000   0.000642368
14.1300000   0.000641804
14.1400000   0.000641143
14.1500000   0.000640584
14.1600000   0.000640027
14.1700000   0.000639472
14.1800000   0.000638819
14.1900000   0.000638269
14.2000000   0.000637721
14.2100000   0.000637075
14.2200000   0.000636532
14.2300000   0.00063589
14.2400000   0.000635351
14.2500000   0.000634714
14.2600000   0.000634179
14.2700000   0.000633547
14.2800000   0.000633016
14.2900000   0.000632388
14.3000000   0.000631861
14.3100000   0.000631237
14.3200000   0.000630616
14.3300000   0.000630096
14.3400000   0.000629478
14.3500000   0.000628863
14.3600000   0.000628349
14.3700000   0.000627738
14.3800000   0.000627129
14.3900000   0.000626522
14.4000000   0.000626017
14.4100000   0.000625414
14.4200000   0.000624813
14.4300000   0.000624214
14.4400000   0.000623618
14.4500000   0.000623023
14.4600000   0.000622431
14.4700000   0.00062184
14.4800000   0.000621252
14.4900000   0.000620666
14.5000000   0.000620081
14.5100000   0.000619499
14.5200000   0.000618919
14.5300000   0.000618341
14.5400000   0.000617764
14.5500000   0.00061719
14.5600000   0.000616618
14.5700000   0.000616048
14.5800000   0.00061548
14.5900000   0.000614813
14.6000000   0.000614249
14.6100000   0.000613687
14.6200000   0.000613127
14.6300000   0.000612468
14.6400000   0.000611912
14.6500000   0.000611358
14.6600000   0.000610705
14.6700000   0.000610155
14.6800000   0.000609606
14.6900000   0.00060896
14.7000000   0.000608415
14.7100000   0.000607872
14.7200000   0.000607232
14.7300000   0.000606693
14.7400000   0.000606056
14.7500000   0.000605521
14.7600000   0.000604887
14.7700000   0.000604356
14.7800000   0.000603727
14.7900000   0.000603199
14.8000000   0.000602574
14.8100000   0.00060205
14.8200000   0.000601428
14.8300000   0.000600808
14.8400000   0.00060029
14.8500000   0.000599673
14.8600000   0.000599059
14.8700000   0.000598546
14.8800000   0.000597936
14.8900000   0.000597327
14.9000000   0.00059682
14.9100000   0.000596214
14.9200000   0.000595611
14.9300000   0.000595009
14.9400000   0.000594409
14.9500000   0.000593911
14.9600000   0.000593315
14.9700000   0.000592721
14.9800000   0.000592128
14.9900000   0.000591537
15.0000000   0.000590948
15.0100000   0.000590361
15.0200000   0.000589875
15.0300000   0.000589291
15.0400000   0.000588709
15.0500000   0.000588129
15.0600000   0.000587551
15.0700000   0.000586974
15.0800000   0.000586399
15.0900000   0.000585826
15.1000000   0.000585254
15.1100000   0.000584684
15.1200000   0.000584116
15.1300000   0.00058355
15.1400000   0.000582885
15.1500000   0.000582322
15.1600000   0.000581761
15.1700000   0.000581201
15.1800000   0.000580644
15.1900000   0.000580088
15.2000000   0.000579533
15.2100000   0.00057888
15.2200000   0.000578329
15.2300000   0.00057778
15.2400000   0.000577232
15.2500000   0.000576686
15.2600000   0.000576042
15.2700000   0.000575499
15.2800000   0.000574958
15.2900000   0.000574318
15.3000000   0.000573781
15.3100000   0.000573244
15.3200000   0.00057261
15.3300000   0.000572077
15.3400000   0.000571546
15.3500000   0.000570916
15.3600000   0.000570388
15.3700000   0.000569862
15.3800000   0.000569237
15.3900000   0.000568714
15.4000000   0.000568092
15.4100000   0.000567572
15.4200000   0.000567054
15.4300000   0.000566437
15.4400000   0.000565922
15.4500000   0.000565308
15.4600000   0.000564796
15.4700000   0.000564186
15.4800000   0.000563677
15.4900000   0.00056307
15.5000000   0.000562464
15.5100000   0.00056196
15.5200000   0.000561357
15.5300000   0.000560856
15.5400000   0.000560256
15.5500000   0.000559758
15.5600000   0.000559162
15.5700000   0.000558567
15.5800000   0.000558073
15.5900000   0.000557482
15.6000000   0.000556891
15.6100000   0.000556402
15.6200000   0.000555815
15.6300000   0.000555229
15.6400000   0.000554745
15.6500000   0.000554162
15.6600000   0.000553581
15.6700000   0.000553101
15.6800000   0.000552523
15.6900000   0.000551946
15.7000000   0.00055137
15.7100000   0.000550797
15.7200000   0.000550324
15.7300000   0.000549753
15.7400000   0.000549184
15.7500000   0.000548616
15.7600000   0.000548049
15.7700000   0.000547584
15.7800000   0.000547021
15.7900000   0.000546458
15.8000000   0.000545898
15.8100000   0.000545338
15.8200000   0.000544781
15.8300000   0.000544224
15.8400000   0.000543669
15.8500000   0.000543216
15.8600000   0.000542664
15.8700000   0.000542113
15.8800000   0.000541564
15.8900000   0.000541016
15.9000000   0.000540469
15.9100000   0.000539924
15.9200000   0.000539381
15.9300000   0.000538838
15.9400000   0.000538298
15.9500000   0.000537758
15.9600000   0.00053722
15.9700000   0.000536683
15.9800000   0.000536148
15.9900000   0.000535614
16.0000000   0.000535082
16.0100000   0.00053455
16.0200000   0.000534021
16.0300000   0.000533492
16.0400000   0.000532865
16.0500000   0.000532339
16.0600000   0.000531815
16.0700000   0.000531292
16.0800000   0.00053077
16.0900000   0.00053025
16.1000000   0.000529731
16.1100000   0.000529213
16.1200000   0.000528697
16.1300000   0.000528082
16.1400000   0.000527569
16.1500000   0.000527056
16.1600000   0.000526545
16.1700000   0.000526036
16.1800000   0.000525427
16.1900000   0.00052492
16.2000000   0.000524414
16.2100000   0.00052391
16.2200000   0.000523407
16.2300000   0.000522805
16.2400000   0.000522305
16.2500000   0.000521805
16.2600000   0.000521307
16.2700000   0.000520711
16.2800000   0.000520215
16.2900000   0.000519721
16.3000000   0.000519128
16.3100000   0.000518637
16.3200000   0.000518147
16.3300000   0.000517558
16.3400000   0.00051707
16.3500000   0.000516583
16.3600000   0.000515998
16.3700000   0.000515514
16.3800000   0.000515031
16.3900000   0.00051445
16.4000000   0.00051397
16.4100000   0.000513491
16.4200000   0.000512913
16.4300000   0.000512437
16.4400000   0.000511861
16.4500000   0.000511387
16.4600000   0.000510914
16.4700000   0.000510343
16.4800000   0.000509873
16.4900000   0.000509303
16.5000000   0.000508835
16.5100000   0.000508269
16.5200000   0.000507803
16.5300000   0.000507339
16.5400000   0.000506776
16.5500000   0.000506314
16.5600000   0.000505753
16.5700000   0.000505294
16.5800000   0.000504736
16.5900000   0.000504278
16.6000000   0.000503723
16.6100000   0.000503268
16.6200000   0.000502714
16.6300000   0.000502262
16.6400000   0.000501711
16.6500000   0.000501261
16.6600000   0.000500712
16.6700000   0.000500164
16.6800000   0.000499718
16.6900000   0.000499172
16.7000000   0.000498728
16.7100000   0.000498185
16.7200000   0.000497743
16.7300000   0.000497202
16.7400000   0.000496663
16.7500000   0.000496224
16.7600000   0.000495687
16.7700000   0.000495251
16.7800000   0.000494716
16.7900000   0.000494182
16.8000000   0.000493749
16.8100000   0.000493217
16.8200000   0.000492687
16.8300000   0.000492258
16.8400000   0.000491729
16.8500000   0.000491302
16.8600000   0.000490776
16.8700000   0.000490251
16.8800000   0.000489827
16.8900000   0.000489305
16.9000000   0.000488783
16.9100000   0.000488263
16.9200000   0.000487843
16.9300000   0.000487325
16.9400000   0.000486808
16.9500000   0.000486392
16.9600000   0.000485877
16.9700000   0.000485363
16.9800000   0.00048485
16.9900000   0.000484438
17.0000000   0.000483927
17.0100000   0.000483418
17.0200000   0.000482909
17.0300000   0.000482502
17.0400000   0.000481995
17.0500000   0.00048149
17.0600000   0.000480986
17.0700000   0.000480582
17.0800000   0.00048008
17.0900000   0.000479579
17.1000000   0.000479079
17.1100000   0.00047858
17.1200000   0.000478182
17.1300000   0.000477685
17.1400000   0.00047719
17.1500000   0.000476695
17.1600000   0.000476201
17.1700000   0.000475808
17.1800000   0.000475317
17.1900000   0.000474826
17.2000000   0.000474336
17.2100000   0.000473848
17.2200000   0.00047336
17.2300000   0.000472874
17.2400000   0.000472488
17.2500000   0.000472004
17.2600000   0.00047152
17.2700000   0.000471038
17.2800000   0.000470556
17.2900000   0.000470076
17.3000000   0.000469596
17.3100000   0.000469118
17.3200000   0.00046874
17.3300000   0.000468264
17.3400000   0.000467788
17.3500000   0.000467314
17.3600000   0.00046684
17.3700000   0.000466368
17.3800000   0.000465896
17.3900000   0.000465426
17.4000000   0.000464956
17.4100000   0.000464488
17.4200000   0.00046402
17.4300000   0.000463554
17.4400000   0.000463088
17.4500000   0.000462624
17.4600000   0.00046226
17.4700000   0.000461797
17.4800000   0.000461335
17.4900000   0.000460875
17.5000000   0.000460415
17.5100000   0.000459956
17.5200000   0.000459498
17.5300000   0.000459041
17.5400000   0.000458585
17.5500000   0.00045813
17.5600000   0.000457676
17.5700000   0.000457223
17.5800000   0.000456771
17.5900000   0.000456319
17.6000000   0.000455869
17.6100000   0.00045542
17.6200000   0.000454971
17.6300000   0.000454524
17.6400000   0.000453977
17.6500000   0.000453531
17.6600000   0.000453087
17.6700000   0.000452643
17.6800000   0.0004522
17.6900000   0.000451758
17.7000000   0.000451317
17.7100000   0.000450877
17.7200000   0.000450438
17.7300000   0.000449999
17.7400000   0.000449562
17.7500000   0.000449126
17.7600000   0.00044869
17.7700000   0.000448255
17.7800000   0.000447822
17.7900000   0.000447289
17.8000000   0.000446857
17.8100000   0.000446426
17.8200000   0.000445995
17.8300000   0.000445566
17.8400000   0.000445138
17.8500000   0.00044471
17.8600000   0.000444284
17.8700000   0.000443858
17.8800000   0.000443333
17.8900000   0.000442909
17.9000000   0.000442486
17.9100000   0.000442064
17.9200000   0.000441642
17.9300000   0.000441222
17.9400000   0.000440802
17.9500000   0.000440384
17.9600000   0.000439866
17.9700000   0.000439449
17.9800000   0.000439032
17.9900000   0.000438617
18.0000000   0.000438203
18.0100000   0.000437789
18.0200000   0.000437276
18.0300000   0.000436865
18.0400000   0.000436454
18.0500000   0.000436043
18.0600000   0.000435634
18.0700000   0.000435126
18.0800000   0.000434718
18.0900000   0.000434311
18.1000000   0.000433905
18.1100000   0.0004335
18.1200000   0.000432996
18.1300000   0.000432592
18.1400000   0.00043219
18.1500000   0.000431788
18.1600000   0.000431387
18.1700000   0.000430887
18.1800000   0.000430488
18.1900000   0.000430089
18.2000000   0.000429692
18.2100000   0.000429195
18.2200000   0.000428799
18.2300000   0.000428403
18.2400000   0.000428009
18.2500000   0.000427615
18.2600000   0.000427123
18.2700000   0.000426731
18.2800000   0.00042634
18.2900000   0.000425949
18.3000000   0.00042546
18.3100000   0.000425071
18.3200000   0.000424683
18.3300000   0.000424196
18.3400000   0.00042381
18.3500000   0.000423424
18.3600000   0.000423039
18.3700000   0.000422555
18.3800000   0.000422172
18.3900000   0.00042179
18.4000000   0.000421408
18.4100000   0.000420927
18.4200000   0.000420547
18.4300000   0.000420168
18.4400000   0.00041969
18.4500000   0.000419312
18.4600000   0.000418935
18.4700000   0.000418459
18.4800000   0.000418084
18.4900000   0.000417709
18.5000000   0.000417235
18.5100000   0.000416862
18.5200000   0.00041649
18.5300000   0.000416118
18.5400000   0.000415647
18.5500000   0.000415277
18.5600000   0.000414908
18.5700000   0.00041444
18.5800000   0.000414072
18.5900000   0.000413705
18.6000000   0.000413239
18.6100000   0.000412873
18.6200000   0.000412509
18.6300000   0.000412045
18.6400000   0.000411681
18.6500000   0.000411219
18.6600000   0.000410857
18.6700000   0.000410496
18.6800000   0.000410036
18.6900000   0.000409676
18.7000000   0.000409318
18.7100000   0.00040886
18.7200000   0.000408502
18.7300000   0.000408146
18.7400000   0.00040769
18.7500000   0.000407335
18.7600000   0.00040688
18.7700000   0.000406527
18.7800000   0.000406174
18.7900000   0.000405721
18.8000000   0.00040537
18.8100000   0.000404919
18.8200000   0.000404569
18.8300000   0.00040422
18.8400000   0.000403771
18.8500000   0.000403423
18.8600000   0.000402976
18.8700000   0.00040263
18.8800000   0.000402284
18.8900000   0.000401839
18.9000000   0.000401494
18.9100000   0.000401051
18.9200000   0.000400708
18.9300000   0.000400365
18.9400000   0.000399924
18.9500000   0.000399583
18.9600000   0.000399143
18.9700000   0.000398803
18.9800000   0.000398365
18.9900000   0.000398027
19.0000000   0.000397689
19.0100000   0.000397252
19.0200000   0.000396916
19.0300000   0.000396481
19.0400000   0.000396147
19.0500000   0.000395713
19.0600000   0.000395379
19.0700000   0.000395047
19.0800000   0.000394615
19.0900000   0.000394284
19.1000000   0.000393853
19.1100000   0.000393523
19.1200000   0.000393094
19.1300000   0.000392765
19.1400000   0.000392338
19.1500000   0.00039201
19.1600000   0.000391584
19.1700000   0.000391258
19.1800000   0.000390833
19.1900000   0.000390508
19.2000000   0.000390084
19.2100000   0.000389761
19.2200000   0.000389439
19.2300000   0.000389017
19.2400000   0.000388696
19.2500000   0.000388275
19.2600000   0.000387955
19.2700000   0.000387536
19.2800000   0.000387217
19.2900000   0.000386799
19.3000000   0.000386482
19.3100000   0.000386065
19.3200000   0.000385749
19.3300000   0.000385334
19.3400000   0.000385019
19.3500000   0.000384605
19.3600000   0.000384292
19.3700000   0.000383879
19.3800000   0.000383567
19.3900000   0.000383155
19.4000000   0.000382844
19.4100000   0.000382434
19.4200000   0.000382125
19.4300000   0.000381716
19.4400000   0.000381407
19.4500000   0.000381
19.4600000   0.000380592
19.4700000   0.000380286
19.4800000   0.00037988
19.4900000   0.000379575
19.5000000   0.00037917
19.5100000   0.000378866
19.5200000   0.000378463
19.5300000   0.00037816
19.5400000   0.000377758
19.5500000   0.000377457
19.5600000   0.000377056
19.5700000   0.000376756
19.5800000   0.000376356
19.5900000   0.000376057
19.6000000   0.000375658
19.6100000   0.000375261
19.6200000   0.000374963
19.6300000   0.000374567
19.6400000   0.000374271
19.6500000   0.000373875
19.6600000   0.000373581
19.6700000   0.000373187
19.6800000   0.000372893
19.6900000   0.0003725
19.7000000   0.000372108
19.7100000   0.000371816
19.7200000   0.000371425
19.7300000   0.000371134
19.7400000   0.000370744
19.7500000   0.000370455
19.7600000   0.000370066
19.7700000   0.000369677
19.7800000   0.00036939
19.7900000   0.000369003
19.8000000   0.000368716
19.8100000   0.00036833
19.8200000   0.000368045
19.8300000   0.00036766
19.8400000   0.000367276
19.8500000   0.000366993
19.8600000   0.00036661
19.8700000   0.000366327
19.8800000   0.000365946
19.8900000   0.000365564
19.9000000   0.000365284
19.9100000   0.000364903
19.9200000   0.000364624
19.9300000   0.000364245
19.9400000   0.000363867
19.9500000   0.000363589
19.9600000   0.000363212
19.9700000   0.000362935
19.9800000   0.000362559
19.9900000   0.000362183
20.0000000   0.000361908
20.0100000   0.000361534
20.0200000   0.00036126
20.0300000   0.000360887
20.0400000   0.000360514
20.0500000   0.000360242
20.0600000   0.00035987
20.0700000   0.000359599
20.0800000   0.000359228
20.0900000   0.000358858
