0.1000000   897.716
0.1100000   893.815
0.1200000   890.847
0.1300000   888.537
0.1400000   886.705
0.1500000   885.226
0.1600000   884.016
0.1700000   883.013
0.1800000   882.173
0.1900000   881.462
0.2000000   880.855
0.2100000   880.332
0.2200000   879.879
0.2300000   879.484
0.2400000   879.137
0.2500000   878.831
0.2600000   878.56
0.2700000   878.318
0.2800000   878.102
0.2900000   877.907
0.3000000   877.732
0.3100000   877.573
0.3200000   877.43
0.3300000   877.298
0.3400000   877.179
0.3500000   877.069
0.3600000   876.969
0.3700000   876.876
0.3800000   876.791
0.3900000   876.712
0.4000000   876.639
0.4100000   876.571
0.4200000   876.508
0.4300000   876.45
0.4400000   876.395
0.4500000   876.344
0.4600000   876.296
0.4700000   876.252
0.4800000   876.21
0.4900000   876.17
0.5000000   876.133
0.5100000   876.098
0.5200000   876.065
0.5300000   876.034
0.5400000   876.005
0.5500000   875.977
0.5600000   875.951
0.5700000   875.926
0.5800000   875.902
0.5900000   875.88
0.6000000   875.858
0.6100000   875.838
0.6200000   875.819
0.6300000   875.8
0.6400000   875.783
0.6500000   875.766
0.6600000   875.75
0.6700000   875.735
0.6800000   875.72
0.6900000   875.706
0.7000000   875.693
0.7100000   875.68
0.7200000   875.668
0.7300000   875.656
0.7400000   875.645
0.7500000   875.634
0.7600000   875.623
0.7700000   875.613
0.7800000   875.603
0.7900000   875.594
0.8000000   875.585
0.8100000   875.577
0.8200000   875.568
0.8300000   875.56
0.8400000   875.553
0.8500000   875.545
0.8600000   875.538
0.8700000   875.531
0.8800000   875.524
0.8900000   875.518
0.9000000   875.512
0.9100000   875.505
0.9200000   875.5
0.9300000   875.494
0.9400000   875.488
0.9500000   875.483
0.9600000   875.478
0.9700000   875.473
0.9800000   875.468
0.9900000   875.463
1.0000000   875.459
1.0100000   875.454
1.0200000   875.45
1.0300000   875.446
1.0400000   875.442
1.0500000   875.438
1.0600000   875.434
1.0700000   875.43
1.0800000   875.427
1.0900000   875.423
1.1000000   875.42
1.1100000   875.416
1.1200000   875.413
1.1300000   875.41
1.1400000   875.407
1.1500000   875.404
1.1600000   875.401
1.1700000   875.398
1.1800000   875.395
1.1900000   875.393
1.2000000   875.39
1.2100000   875.388
1.2200000   875.385
1.2300000   875.383
1.2400000   875.38
1.2500000   875.378
1.2600000   875.376
1.2700000   875.373
1.2800000   875.371
1.2900000   875.369
1.3000000   875.367
1.3100000   875.365
1.3200000   875.363
1.3300000   875.361
1.3400000   875.359
1.3500000   875.357
1.3600000   875.356
1.3700000   875.354
1.3800000   875.352
1.3900000   875.35
1.4000000   875.349
1.4100000   875.347
1.4200000   875.345
1.4300000   875.344
1.4400000   875.342
1.4500000   875.341
1.4600000   875.339
1.4700000   875.338
1.4800000   875.337
1.4900000   875.335
1.5000000   875.334
1.5100000   875.333
1.5200000   875.331
1.5300000   875.33
1.5400000   875.329
1.5500000   875.328
1.5600000   875.326
1.5700000   875.325
1.5800000   875.324
1.5900000   875.323
1.6000000   875.322
1.6100000   875.321
1.6200000   875.32
1.6300000   875.319
1.6400000   875.318
1.6500000   875.317
1.6600000   875.316
1.6700000   875.315
1.6800000   875.314
1.6900000   875.313
1.7000000   875.312
1.7100000   875.311
1.7200000   875.31
1.7300000   875.309
1.7400000   875.308
1.7500000   875.307
1.7600000   875.307
1.7700000   875.306
1.7800000   875.305
1.7900000   875.304
1.8000000   875.303
1.8100000   875.303
1.8200000   875.302
1.8300000   875.301
1.8400000   875.3
1.8500000   875.3
1.8600000   875.299
1.8700000   875.298
1.8800000   875.298
1.8900000   875.297
1.9000000   875.296
1.9100000   875.296
1.9200000   875.295
1.9300000   875.294
1.9400000   875.294
1.9500000   875.293
1.9600000   875.292
1.9700000   875.292
1.9800000   875.291
1.9900000   875.291
2.0000000   875.29
2.0100000   875.29
2.0200000   875.289
2.0300000   875.289
2.0400000   875.288
2.0500000   875.287
2.0600000   875.287
2.0700000   875.286
2.0800000   875.286
2.0900000   875.285
2.1000000   875.285
2.1100000   875.284
2.1200000   875.284
2.1300000   875.284
2.1400000   875.283
2.1500000   875.283
2.1600000   875.282
2.1700000   875.282
2.1800000   875.281
2.1900000   875.281
2.2000000   875.28
2.2100000   875.28
2.2200000   875.28
2.2300000   875.279
2.2400000   875.279
2.2500000   875.278
2.2600000   875.278
2.2700000   875.278
2.2800000   875.277
2.2900000   875.277
2.3000000   875.276
2.3100000   875.276
2.3200000   875.276
2.3300000   875.275
2.3400000   875.275
2.3500000   875.275
2.3600000   875.274
2.3700000   875.274
2.3800000   875.274
2.3900000   875.273
2.4000000   875.273
2.4100000   875.273
2.4200000   875.272
2.4300000   875.272
2.4400000   875.272
2.4500000   875.271
2.4600000   875.271
2.4700000   875.271
2.4800000   875.271
2.4900000   875.27
2.5000000   875.27
2.5100000   834.225
2.5200000   795.255
2.5300000   758.246
2.5400000   723.094
2.5500000   689.697
2.5600000   657.963
2.5700000   627.802
2.5800000   599.131
2.5900000   571.871
2.6000000   545.947
2.6100000   521.289
2.6200000   497.831
2.6300000   475.511
2.6400000   454.269
2.6500000   434.049
2.6600000   414.798
2.6700000   396.468
2.6800000   379.01
2.6900000   362.38
2.7000000   346.536
2.7100000   331.439
2.7200000   317.05
2.7300000   303.333
2.7400000   290.256
2.7500000   277.786
2.7600000   265.893
2.7700000   254.548
2.7800000   243.725
2.7900000   233.397
2.8000000   223.54
2.8100000   214.132
2.8200000   205.15
2.8300000   196.574
2.8400000   188.383
2.8500000   180.56
2.8600000   173.087
2.8700000   165.947
2.8800000   159.123
2.8900000   152.602
2.9000000   146.369
2.9100000   140.409
2.9200000   134.71
2.9300000   129.261
2.9400000   124.049
2.9500000   119.062
2.9600000   114.292
2.9700000   109.727
2.9800000   105.358
2.9900000   101.176
3.0000000   97.1733
3.0100000   93.3406
3.0200000   89.6704
3.0300000   86.1554
3.0400000   82.7886
3.0500000   79.5633
3.0600000   76.473
3.0700000   73.5118
3.0800000   70.6739
3.0900000   67.9537
3.1000000   65.3461
3.1100000   62.8461
3.1200000   60.4488
3.1300000   58.1498
3.1400000   55.9447
3.1500000   53.8295
3.1600000   51.8002
3.1700000   49.8531
3.1800000   47.9846
3.1900000   46.1913
3.2000000   44.47
3.2100000   42.8176
3.2200000   41.2311
3.2300000   39.7077
3.2400000   38.2447
3.2500000   36.8396
3.2600000   35.4899
3.2700000   34.1933
3.2800000   32.9475
3.2900000   31.7504
3.3000000   30.5999
3.3100000   29.4942
3.3200000   28.4314
3.3300000   27.4096
3.3400000   26.4272
3.3500000   25.4825
3.3600000   24.574
3.3700000   23.7003
3.3800000   22.8599
3.3900000   22.0513
3.4000000   21.2735
3.4100000   20.525
3.4200000   19.8048
3.4300000   19.1116
3.4400000   18.4444
3.4500000   17.8021
3.4600000   17.1838
3.4700000   16.5884
3.4800000   16.0152
3.4900000   15.4631
3.5000000   14.9314
3.5100000   14.4193
3.5200000   13.926
3.5300000   13.4507
3.5400000   12.9927
3.5500000   12.5514
3.5600000   12.1262
3.5700000   11.7163
3.5800000   11.3212
3.5900000   10.9404
3.6000000   10.5733
3.6100000   10.2193
3.6200000   9.87796
3.6300000   9.5488
3.6400000   9.23135
3.6500000   8.92516
3.6600000   8.62981
3.6700000   8.34488
3.6800000   8.06999
3.6900000   7.80475
3.7000000   7.54881
3.7100000   7.30181
3.7200000   7.06342
3.7300000   6.83333
3.7400000   6.61122
3.7500000   6.3968
3.7600000   6.18979
3.7700000   5.9899
3.7800000   5.79689
3.7900000   5.61049
3.8000000   5.43047
3.8100000   5.25659
3.8200000   5.08863
3.8300000   4.92637
3.8400000   4.76962
3.8500000   4.61816
3.8600000   4.47181
3.8700000   4.33038
3.8800000   4.19371
3.8900000   4.06161
3.9000000   3.93393
3.9100000   3.8105
3.9200000   3.69118
3.9300000   3.57582
3.9400000   3.46429
3.9500000   3.35643
3.9600000   3.25214
3.9700000   3.15128
3.9800000   3.05372
3.9900000   2.95937
4.0000000   2.8681
4.0100000   2.7798
4.0200000   2.69438
4.0300000   2.61173
4.0400000   2.53177
4.0500000   2.45438
4.0600000   2.3795
4.0700000   2.30703
4.0800000   2.23688
4.0900000   2.16899
4.1000000   2.10327
4.1100000   2.03964
4.1200000   1.97805
4.1300000   1.91841
4.1400000   1.86067
4.1500000   1.80476
4.1600000   1.75061
4.1700000   1.69817
4.1800000   1.64739
4.1900000   1.5982
4.2000000   1.55055
4.2100000   1.50439
4.2200000   1.45968
4.2300000   1.41636
4.2400000   1.37439
4.2500000   1.33372
4.2600000   1.29431
4.2700000   1.25613
4.2800000   1.21912
4.2900000   1.18325
4.3000000   1.14849
4.3100000   1.11479
4.3200000   1.08213
4.3300000   1.05047
4.3400000   1.01977
4.3500000   0.990011
4.3600000   0.961157
4.3700000   0.933179
4.3800000   0.90605
4.3900000   0.879742
4.4000000   0.854229
4.4100000   0.829486
4.4200000   0.805488
4.4300000   0.782211
4.4400000   0.759633
4.4500000   0.737732
4.4600000   0.716486
4.4700000   0.695874
4.4800000   0.675876
4.4900000   0.656474
4.5000000   0.637648
4.5100000   0.619381
4.5200000   0.601655
4.5300000   0.584453
4.5400000   0.567759
4.5500000   0.551557
4.5600000   0.535831
4.5700000   0.520568
4.5800000   0.505753
4.5900000   0.491371
4.6000000   0.477411
4.6100000   0.463858
4.6200000   0.4507
4.6300000   0.437925
4.6400000   0.425522
4.6500000   0.413479
4.6600000   0.401785
4.6700000   0.390429
4.6800000   0.379402
4.6900000   0.368693
4.7000000   0.358293
4.7100000   0.348193
4.7200000   0.338382
4.7300000   0.328854
4.7400000   0.319598
4.7500000   0.310608
4.7600000   0.301874
4.7700000   0.29339
4.7800000   0.285148
4.7900000   0.277141
4.8000000   0.269362
4.8100000   0.261804
4.8200000   0.25446
4.8300000   0.247324
4.8400000   0.240391
4.8500000   0.233653
4.8600000   0.227106
4.8700000   0.220743
4.8800000   0.21456
4.8900000   0.208551
4.9000000   0.202711
4.9100000   0.197034
4.9200000   0.191517
4.9300000   0.186155
4.9400000   0.180943
4.9500000   0.175876
4.9600000   0.170952
4.9700000   0.166164
4.9800000   0.16151
4.9900000   0.156986
5.0000000   0.152588
5.0100000   0.148312
5.0200000   0.144154
5.0300000   0.140112
5.0400000   0.136183
5.0500000   0.132362
5.0600000   0.128646
5.0700000   0.125034
5.0800000   0.121521
5.0900000   0.118106
5.1000000   0.114784
5.1100000   0.111555
5.1200000   0.108414
5.1300000   0.10536
5.1400000   0.102389
5.1500000   0.0995008
5.1600000   0.0966915
5.1700000   0.0939594
5.1800000   0.0913023
5.1900000   0.088718
5.2000000   0.0862045
5.2100000   0.0837599
5.2200000   0.0813823
5.2300000   0.0790697
5.2400000   0.0768203
5.2500000   0.0746324
5.2600000   0.0725043
5.2700000   0.0704344
5.2800000   0.0684209
5.2900000   0.0664624
5.3000000   0.0645573
5.3100000   0.0627042
5.3200000   0.0609016
5.3300000   0.0591481
5.3400000   0.0574424
5.3500000   0.0557831
5.3600000   0.0541691
5.3700000   0.0525989
5.3800000   0.0510715
5.3900000   0.0495857
5.4000000   0.0481403
5.4100000   0.0467343
5.4200000   0.0453665
5.4300000   0.044036
5.4400000   0.0427416
5.4500000   0.0414824
5.4600000   0.0402575
5.4700000   0.039066
5.4800000   0.0379069
5.4900000   0.0367792
5.5000000   0.0356823
5.5100000   0.0346154
5.5200000   0.0335774
5.5300000   0.0325677
5.5400000   0.0315855
5.5500000   0.03063
5.5600000   0.0297007
5.5700000   0.0287967
5.5800000   0.0279173
5.5900000   0.0270619
5.6000000   0.02623
5.6100000   0.0254207
5.6200000   0.0246335
5.6300000   0.023868
5.6400000   0.0231233
5.6500000   0.022399
5.6600000   0.0216947
5.6700000   0.0210095
5.6800000   0.0203432
5.6900000   0.0196953
5.7000000   0.0190651
5.7100000   0.0184523
5.7200000   0.0178564
5.7300000   0.0172769
5.7400000   0.0167133
5.7500000   0.0161654
5.7600000   0.0156326
5.7700000   0.0151146
5.7800000   0.0146109
5.7900000   0.0141213
5.8000000   0.0136452
5.8100000   0.0131824
5.8200000   0.0127324
5.8300000   0.0122951
5.8400000   0.0118699
5.8500000   0.0114567
5.8600000   0.0110551
5.8700000   0.0106647
5.8800000   0.0102853
5.8900000   0.00991668
5.9000000   0.00955843
5.9100000   0.00921029
5.9200000   0.00887196
5.9300000   0.00854335
5.9400000   0.00822404
5.9500000   0.00791394
5.9600000   0.00761265
5.9700000   0.00731996
5.9800000   0.00703568
5.9900000   0.00675961
6.0000000   0.00649154
6.0100000   0.00623117
6.0200000   0.00597841
6.0300000   0.00573295
6.0400000   0.00549469
6.0500000   0.00526344
6.0600000   0.00503888
6.0700000   0.00482103
6.0800000   0.00460957
6.0900000   0.00440442
6.1000000   0.00420536
6.1100000   0.0040123
6.1200000   0.00382493
6.1300000   0.00364326
6.1400000   0.00346699
6.1500000   0.00329611
6.1600000   0.00313043
6.1700000   0.00296984
6.1800000   0.00281414
6.1900000   0.00266324
6.2000000   0.00251702
6.2100000   0.0023754
6.2200000   0.00223817
6.2300000   0.00210523
6.2400000   0.00197648
6.2500000   0.00185182
6.2600000   0.00173114
6.2700000   0.00161436
6.2800000   0.00150136
6.2900000   0.00139195
6.3000000   0.00128612
6.3100000   0.00118388
6.3200000   0.00108493
6.3300000   0.000989258
6.3400000   0.000896872
6.3500000   0.000807469
6.3600000   0.00072125
6.3700000   0.000637912
6.3800000   0.000557457
6.3900000   0.000479783
6.4000000   0.00040489
6.4100000   0.000332577
6.4200000   0.000262844
6.4300000   0.000195691
6.4400000   0.000130917
6.4500000   6.85207e-05
6.4600000   8.50261e-06
6.4700000   -4.9338e-05
6.4800000   -0.000105002
6.4900000   -0.000158489
6.5000000   -0.0002099
6.5100000   -0.000259335
6.5200000   -0.000306796
6.5300000   -0.000352382
6.5400000   -0.000396093
6.5500000   -0.000437931
6.5600000   -0.000478096
6.5700000   -0.000516587
6.5800000   -0.000553307
6.5900000   -0.000588554
6.6000000   -0.00062213
6.6100000   -0.000654235
6.6200000   -0.000684869
6.6300000   -0.000714032
6.6400000   -0.000741826
6.6500000   -0.000768151
6.6600000   -0.000793307
6.6700000   -0.000817094
6.6800000   -0.000839713
6.6900000   -0.000861064
6.7000000   -0.000881148
6.7100000   -0.000900265
6.7200000   -0.000918115
6.7300000   -0.000934999
6.7400000   -0.000950818
6.7500000   -0.000965571
6.7600000   -0.000979359
6.7700000   -0.000992182
6.7800000   -0.00100404
6.7900000   -0.00101504
6.8000000   -0.00102517
6.8100000   -0.00103444
6.8200000   -0.00104294
6.8300000   -0.00105059
6.8400000   -0.00105737
6.8500000   -0.00106349
6.8600000   -0.00106895
6.8700000   -0.00107355
6.8800000   -0.00107758
6.8900000   -0.00108086
6.9000000   -0.00108358
6.9100000   -0.00108564
6.9200000   -0.00108704
6.9300000   -0.00108788
6.9400000   -0.00108816
6.9500000   -0.00108788
6.9600000   -0.00108715
6.9700000   -0.00108575
6.9800000   -0.001084
6.9900000   -0.0010817
7.0000000   -0.00107894
7.0100000   -0.00107572
7.0200000   -0.00107204
7.0300000   -0.00106801
7.0400000   -0.00106353
7.0500000   -0.00105859
7.0600000   -0.00105339
7.0700000   -0.00104774
7.0800000   -0.00104174
7.0900000   -0.00103548
7.1000000   -0.00102877
7.1100000   -0.00102181
7.1200000   -0.00101449
7.1300000   -0.00100692
7.1400000   -0.000999104
7.1500000   -0.000990931
7.1600000   -0.000982607
7.1700000   -0.000973931
7.1800000   -0.000965005
7.1900000   -0.000955927
7.2000000   -0.000946499
7.2100000   -0.000936921
7.2200000   -0.000927193
7.2300000   -0.000917216
7.2400000   -0.000906989
7.2500000   -0.000896712
7.2600000   -0.000886187
7.2700000   -0.000875414
7.2800000   -0.000864592
7.2900000   -0.000853622
7.3000000   -0.000842405
7.3100000   -0.00083114
7.3200000   -0.000819727
7.3300000   -0.000808168
7.3400000   -0.000796562
7.3500000   -0.000784709
7.3600000   -0.000772811
7.3700000   -0.000760866
7.3800000   -0.000748776
7.3900000   -0.00073664
7.4000000   -0.000724358
7.4100000   -0.000712032
7.4200000   -0.000699561
7.4300000   -0.000687146
7.4400000   -0.000674586
7.4500000   -0.000661983
7.4600000   -0.000649335
7.4700000   -0.000636644
7.4800000   -0.00062381
7.4900000   -0.000611033
7.5000000   -0.000598212
7.5100000   -0.000585349
7.5200000   -0.000572444
7.5300000   -0.000559497
7.5400000   -0.000546507
7.5500000   -0.000533576
7.5600000   -0.000520603
7.5700000   -0.000507589
7.5800000   -0.000494534
7.5900000   -0.000481538
7.6000000   -0.000468502
7.6100000   -0.000455425
7.6200000   -0.000442407
7.6300000   -0.00042935
7.6400000   -0.000416353
7.6500000   -0.000403316
7.6600000   -0.00039034
7.6700000   -0.000377325
7.6800000   -0.000364371
7.6900000   -0.000351378
7.7000000   -0.000338446
7.7100000   -0.000325476
7.7200000   -0.000312668
7.7300000   -0.000299722
7.7400000   -0.000286938
7.7500000   -0.000274117
7.7600000   -0.000261358
7.7700000   -0.000248562
7.7800000   -0.000235829
7.7900000   -0.000223159
7.8000000   -0.000210553
7.8100000   -0.00019801
7.8200000   -0.000185431
7.8300000   -0.000172915
7.8400000   -0.000160464
7.8500000   -0.000147977
7.8600000   -0.000135655
7.8700000   -0.000123297
7.8800000   -0.000111004
7.8900000   -9.87764e-05
7.9000000   -8.66137e-05
7.9100000   -7.44164e-05
7.9200000   -6.23846e-05
7.9300000   -5.03185e-05
7.9400000   -3.84183e-05
7.9500000   -2.64842e-05
7.9600000   -1.46163e-05
7.9700000   -2.81484e-06
7.9800000   8.92007e-06
7.9900000   2.05883e-05
8.0000000   3.22895e-05
8.0100000   4.38238e-05
8.0200000   5.52907e-05
8.0300000   6.67903e-05
8.0400000   7.81224e-05
8.0500000   8.94867e-05
8.0600000   0.000100783
8.0700000   0.000111912
8.0800000   0.000123072
8.0900000   0.000134164
8.1000000   0.000145187
8.1100000   0.000156142
8.1200000   0.000167028
8.1300000   0.000177844
8.1400000   0.000188592
8.1500000   0.000199271
8.1600000   0.00020988
8.1700000   0.000220419
8.1800000   0.000230889
8.1900000   0.000241289
8.2000000   0.000251619
8.2100000   0.000261979
8.2200000   0.000272168
8.2300000   0.000282287
8.2400000   0.000292435
8.2500000   0.000302413
8.2600000   0.00031232
8.2700000   0.000322255
8.2800000   0.00033202
8.2900000   0.000341813
8.3000000   0.000351435
8.3100000   0.000361085
8.3200000   0.000370564
8.3300000   0.000380071
8.3400000   0.000389505
8.3500000   0.000398868
8.3600000   0.000408058
8.3700000   0.000417276
8.3800000   0.000426422
8.3900000   0.000435494
8.4000000   0.000444494
8.4100000   0.000453421
8.4200000   0.000462276
8.4300000   0.000471056
8.4400000   0.000479764
8.4500000   0.000488498
8.4600000   0.000497059
8.4700000   0.000505546
8.4800000   0.000514059
8.4900000   0.000522398
8.5000000   0.000530764
8.5100000   0.000539055
8.5200000   0.000547172
8.5300000   0.000555314
8.5400000   0.000563382
8.5500000   0.000571375
8.5600000   0.000579294
8.5700000   0.000587237
8.5800000   0.000595006
8.5900000   0.0006028
8.6000000   0.000610418
8.6100000   0.000618061
8.6200000   0.000625628
8.6300000   0.00063312
8.6400000   0.000640537
8.6500000   0.000647877
8.6600000   0.000655142
8.6700000   0.00066243
8.6800000   0.000669543
8.6900000   0.000676679
8.7000000   0.000683739
8.7100000   0.000690722
8.7200000   0.000697629
8.7300000   0.000704459
8.7400000   0.000711312
8.7500000   0.000718089
8.7600000   0.000724688
8.7700000   0.000731411
8.7800000   0.000737956
8.7900000   0.000744424
8.8000000   0.000750914
8.8100000   0.000757228
8.8200000   0.000763563
8.8300000   0.000769921
8.8400000   0.000776101
8.8500000   0.000782302
8.8600000   0.000788326
8.8700000   0.000794372
8.8800000   0.00080044
8.8900000   0.000806329
8.9000000   0.00081224
8.9100000   0.000818073
8.9200000   0.000823827
8.9300000   0.000829502
8.9400000   0.000835198
8.9500000   0.000840816
8.9600000   0.000846354
8.9700000   0.000851813
8.9800000   0.000857294
8.9900000   0.000862695
9.0000000   0.000868016
9.0100000   0.000873259
9.0200000   0.000878521
9.0300000   0.000883704
9.0400000   0.000888808
9.0500000   0.000893931
9.0600000   0.000898975
9.0700000   0.000903939
9.0800000   0.000908822
9.0900000   0.000913726
9.1000000   0.000918549
9.1100000   0.000923292
9.1200000   0.000928054
9.1300000   0.000932736
9.1400000   0.000937338
9.1500000   0.000942359
9.1600000   0.000948999
9.1700000   0.000955558
9.1800000   0.000962036
9.1900000   0.000968433
9.2000000   0.000974749
9.2100000   0.000980884
9.2200000   0.000987038
9.2300000   0.00099311
9.2400000   0.000999101
9.2500000   0.00100501
9.2600000   0.00101084
9.2700000   0.00101648
9.2800000   0.00102215
9.2900000   0.00102773
9.3000000   0.00103333
9.3100000   0.00103875
9.3200000   0.00104409
9.3300000   0.00104934
9.3400000   0.00105462
9.3500000   0.00105971
9.3600000   0.00106481
9.3700000   0.00106984
9.3800000   0.00107478
9.3900000   0.00107964
9.4000000   0.00108442
9.4100000   0.00108921
9.4200000   0.00109383
9.4300000   0.00109846
9.4400000   0.001103
9.4500000   0.00110747
9.4600000   0.00111185
9.4700000   0.00111624
9.4800000   0.00112056
9.4900000   0.00112479
9.5000000   0.00112893
9.5100000   0.001133
9.5200000   0.00113708
9.5300000   0.00114108
9.5400000   0.00114499
9.5500000   0.00114892
9.5600000   0.00115266
9.5700000   0.00115643
9.5800000   0.0011602
9.5900000   0.0011638
9.6000000   0.00116741
9.6100000   0.00117093
9.6200000   0.00117447
9.6300000   0.00117793
9.6400000   0.0011813
9.6500000   0.00118459
9.6600000   0.0011879
9.6700000   0.00119112
9.6800000   0.00119435
9.6900000   0.0011975
9.7000000   0.00120057
9.7100000   0.00120355
9.7200000   0.00120654
9.7300000   0.00120955
9.7400000   0.00121238
9.7500000   0.00121532
9.7600000   0.00121808
9.7700000   0.00122085
9.7800000   0.00122354
9.7900000   0.00122624
9.8000000   0.00122885
9.8100000   0.00123148
9.8200000   0.00123403
9.8300000   0.00123648
9.8400000   0.00123896
9.8500000   0.00124135
9.8600000   0.00124375
9.8700000   0.00124606
9.8800000   0.00124839
9.8900000   0.00125064
9.9000000   0.0012529
9.9100000   0.00125507
9.9200000   0.00125716
9.9300000   0.00125926
9.9400000   0.00126137
9.9500000   0.0012634
9.9600000   0.00126534
9.9700000   0.0012673
9.9800000   0.00126927
9.9900000   0.00127115
10.0000000   0.00127295
10.0100000   0.00127476
10.0200000   0.00127658
10.0300000   0.00127832
10.0400000   0.00127997
10.0500000   0.00128163
10.0600000   0.00128331
10.0700000   0.0012849
10.0800000   0.0012865
10.0900000   0.00128802
10.1000000   0.00128955
10.1100000   0.00129109
10.1200000   0.00129245
10.1300000   0.00129392
10.1400000   0.0012953
10.1500000   0.00129669
10.1600000   0.001298
10.1700000   0.00129931
10.1800000   0.00130055
10.1900000   0.00130179
10.2000000   0.00130305
10.2100000   0.00130422
10.2200000   0.0013054
10.2300000   0.00130649
10.2400000   0.0013076
10.2500000   0.00130872
10.2600000   0.00130975
10.2700000   0.00131079
10.2800000   0.00131174
10.2900000   0.00131271
10.3000000   0.00131369
10.3100000   0.00131458
10.3200000   0.00131548
10.3300000   0.0013164
10.3400000   0.00131723
10.3500000   0.00131806
10.3600000   0.00131882
10.3700000   0.00131958
10.3800000   0.00132035
10.3900000   0.00132104
10.4000000   0.00132183
10.4100000   0.00132244
10.4200000   0.00132316
10.4300000   0.00132379
10.4400000   0.00132434
10.4500000   0.00132499
10.4600000   0.00132555
10.4700000   0.00132613
10.4800000   0.00132662
10.4900000   0.00132712
10.5000000   0.00132763
10.5100000   0.00132805
10.5200000   0.00132858
10.5300000   0.00132893
10.5400000   0.00132938
10.5500000   0.00132975
10.5600000   0.00133012
10.5700000   0.00133051
10.5800000   0.00133081
10.5900000   0.00133111
10.6000000   0.00133143
10.6100000   0.00133166
10.6200000   0.0013319
10.6300000   0.00133216
10.6400000   0.00133242
10.6500000   0.00133259
10.6600000   0.00133277
10.6700000   0.00133297
10.6800000   0.00133307
10.6900000   0.00133328
10.7000000   0.00133341
10.7100000   0.00133344
10.7200000   0.00133359
10.7300000   0.00133364
10.7400000   0.00133371
10.7500000   0.00133368
10.7600000   0.00133377
10.7700000   0.00133376
10.7800000   0.00133377
10.7900000   0.00133369
10.8000000   0.00133371
10.8100000   0.00133365
10.8200000   0.00133359
10.8300000   0.00133345
10.8400000   0.00133341
10.8500000   0.00133329
10.8600000   0.00133317
10.8700000   0.00133307
10.8800000   0.00133287
10.8900000   0.00133268
10.9000000   0.00133251
10.9100000   0.00133234
10.9200000   0.00133218
10.9300000   0.00133193
10.9400000   0.00133169
10.9500000   0.00133146
10.9600000   0.00133114
10.9700000   0.00133093
10.9800000   0.00133063
10.9900000   0.00133034
11.0000000   0.00133006
11.0100000   0.00132968
11.0200000   0.00132942
11.0300000   0.00132906
11.0400000   0.00132872
11.0500000   0.00132838
11.0600000   0.00132795
11.0700000   0.00132763
11.0800000   0.00132722
11.0900000   0.00132682
11.1000000   0.00132643
11.1100000   0.00132595
11.1200000   0.00132557
11.1300000   0.00132511
11.1400000   0.00132465
11.1500000   0.0013242
11.1600000   0.00132366
11.1700000   0.00132323
11.1800000   0.00132271
11.1900000   0.0013222
11.2000000   0.00132169
11.2100000   0.00132119
11.2200000   0.00132061
11.2300000   0.00132003
11.2400000   0.00131956
11.2500000   0.00131899
11.2600000   0.00131834
11.2700000   0.0013178
11.2800000   0.00131726
11.2900000   0.00131663
11.3000000   0.00131601
11.3100000   0.0013154
11.3200000   0.00131479
11.3300000   0.0013142
11.3400000   0.00131351
11.3500000   0.00131283
11.3600000   0.00131226
11.3700000   0.0013116
11.3800000   0.00131084
11.3900000   0.00131019
11.4000000   0.00130955
11.4100000   0.00130882
11.4200000   0.0013081
11.4300000   0.00130739
11.4400000   0.00130668
11.4500000   0.00130598
11.4600000   0.00130529
11.4700000   0.0013045
11.4800000   0.00130383
11.4900000   0.00130306
11.5000000   0.0013023
11.5100000   0.00130155
11.5200000   0.0013008
11.5300000   0.00129996
11.5400000   0.00129923
11.5500000   0.00129841
11.5600000   0.0012976
11.5700000   0.00129679
11.5800000   0.00129599
11.5900000   0.0012952
11.6000000   0.00129442
11.6100000   0.00129354
11.6200000   0.00129277
11.6300000   0.00129191
11.6400000   0.00129105
11.6500000   0.0012902
11.6600000   0.00128936
11.6700000   0.00128853
11.6800000   0.00128761
11.6900000   0.00128679
11.7000000   0.00128588
11.7100000   0.00128507
11.7200000   0.00128418
11.7300000   0.00128329
11.7400000   0.0012824
11.7500000   0.00128143
11.7600000   0.00128056
11.7700000   0.0012797
11.7800000   0.00127875
11.7900000   0.0012778
11.8000000   0.00127696
11.8100000   0.00127602
11.8200000   0.0012751
11.8300000   0.00127418
11.8400000   0.00127317
11.8500000   0.00127226
11.8600000   0.00127126
11.8700000   0.00127037
11.8800000   0.00126938
11.8900000   0.00126841
11.9000000   0.00126743
11.9100000   0.00126647
11.9200000   0.00126551
11.9300000   0.00126456
11.9400000   0.00126361
11.9500000   0.00126258
11.9600000   0.00126165
11.9700000   0.00126062
11.9800000   0.0012596
11.9900000   0.00125859
12.0000000   0.00125768
12.0100000   0.00125659
12.0200000   0.00125559
12.0300000   0.00125461
12.0400000   0.00125363
12.0500000   0.00125255
12.0600000   0.00125159
12.0700000   0.00125053
12.0800000   0.00124947
12.0900000   0.00124853
12.1000000   0.00124748
12.1100000   0.00124645
12.1200000   0.00124542
12.1300000   0.0012443
12.1400000   0.00124328
12.1500000   0.00124227
12.1600000   0.00124117
12.1700000   0.00124017
12.1800000   0.00123908
12.1900000   0.00123799
12.2000000   0.00123701
12.2100000   0.00123594
12.2200000   0.00123487
12.2300000   0.00123381
12.2400000   0.00123276
12.2500000   0.00123161
12.2600000   0.00123057
12.2700000   0.00122953
12.2800000   0.0012284
12.2900000   0.00122737
12.3000000   0.00122625
12.3100000   0.00122514
12.3200000   0.00122413
12.3300000   0.00122303
12.3400000   0.00122193
12.3500000   0.00122084
12.3600000   0.00121976
12.3700000   0.00121858
12.3800000   0.00121751
12.3900000   0.00121644
12.4000000   0.00121528
12.4100000   0.00121423
12.4200000   0.00121308
12.4300000   0.00121203
12.4400000   0.00121089
12.4500000   0.00120976
12.4600000   0.00120863
12.4700000   0.00120751
12.4800000   0.0012064
12.4900000   0.00120528
12.5000000   0.00120418
12.5100000   0.00120308
12.5200000   0.00120199
12.5300000   0.0012008
12.5400000   0.00119971
12.5500000   0.00119854
12.5600000   0.00119747
12.5700000   0.0011963
12.5800000   0.00119524
12.5900000   0.00119408
12.6000000   0.00119293
12.6100000   0.00119179
12.6200000   0.00119065
12.6300000   0.00118951
12.6400000   0.00118838
12.6500000   0.00118726
12.6600000   0.00118614
12.6700000   0.00118493
12.6800000   0.00118382
12.6900000   0.00118272
12.7000000   0.00118152
12.7100000   0.00118042
12.7200000   0.00117924
12.7300000   0.00117806
12.7400000   0.00117698
12.7500000   0.00117581
12.7600000   0.00117464
12.7700000   0.00117348
12.7800000   0.00117232
12.7900000   0.00117117
12.8000000   0.00117002
12.8100000   0.00116888
12.8200000   0.00116774
12.8300000   0.00116661
12.8400000   0.00116549
12.8500000   0.00116426
12.8600000   0.00116315
12.8700000   0.00116194
12.8800000   0.00116083
12.8900000   0.00115963
12.9000000   0.00115853
12.9100000   0.00115734
12.9200000   0.00115615
12.9300000   0.00115507
12.9400000   0.00115389
12.9500000   0.00115272
12.9600000   0.00115155
12.9700000   0.00115039
12.9800000   0.00114923
12.9900000   0.00114807
13.0000000   0.00114693
13.0100000   0.00114578
13.0200000   0.00114454
13.0300000   0.00114341
13.0400000   0.00114228
13.0500000   0.00114105
13.0600000   0.00113993
13.0700000   0.00113881
13.0800000   0.0011376
13.0900000   0.00113639
13.1000000   0.00113529
13.1100000   0.00113409
13.1200000   0.001133
13.1300000   0.00113181
13.1400000   0.00113063
13.1500000   0.00112945
13.1600000   0.00112827
13.1700000   0.0011271
13.1800000   0.00112594
13.1900000   0.00112477
13.2000000   0.00112362
13.2100000   0.00112246
13.2200000   0.00112132
13.2300000   0.00112017
13.2400000   0.00111903
13.2500000   0.0011178
13.2600000   0.00111667
13.2700000   0.00111554
13.2800000   0.00111432
13.2900000   0.0011132
13.3000000   0.00111199
13.3100000   0.00111088
13.3200000   0.00110967
13.3300000   0.00110847
13.3400000   0.00110738
13.3500000   0.00110618
13.3600000   0.001105
13.3700000   0.00110391
13.3800000   0.00110273
13.3900000   0.00110156
13.4000000   0.00110039
13.4100000   0.00109922
13.4200000   0.00109806
13.4300000   0.0010969
13.4400000   0.00109575
13.4500000   0.0010946
13.4600000   0.00109345
13.4700000   0.00109231
13.4800000   0.00109107
13.4900000   0.00108994
13.5000000   0.00108881
13.5100000   0.00108768
13.5200000   0.00108646
13.5300000   0.00108534
13.5400000   0.00108413
13.5500000   0.00108302
13.5600000   0.00108181
13.5700000   0.00108071
13.5800000   0.00107952
13.5900000   0.00107842
13.6000000   0.00107723
13.6100000   0.00107605
13.6200000   0.00107497
13.6300000   0.00107379
13.6400000   0.00107261
13.6500000   0.00107144
13.6600000   0.00107038
13.6700000   0.00106922
13.6800000   0.00106806
13.6900000   0.0010669
13.7000000   0.00106575
13.7100000   0.00106461
13.7200000   0.00106346
13.7300000   0.00106232
13.7400000   0.00106119
13.7500000   0.00106006
13.7600000   0.00105893
13.7700000   0.0010577
13.7800000   0.00105658
13.7900000   0.00105547
13.8000000   0.00105436
13.8100000   0.00105315
13.8200000   0.00105204
13.8300000   0.00105094
13.8400000   0.00104974
13.8500000   0.00104865
13.8600000   0.00104746
13.8700000   0.00104637
13.8800000   0.00104519
13.8900000   0.00104411
13.9000000   0.00104293
13.9100000   0.00104186
13.9200000   0.00104069
13.9300000   0.00103952
13.9400000   0.00103846
13.9500000   0.0010373
13.9600000   0.00103615
13.9700000   0.001035
13.9800000   0.00103395
13.9900000   0.00103281
14.0000000   0.00103167
14.0100000   0.00103053
14.0200000   0.0010294
14.0300000   0.00102827
14.0400000   0.00102714
14.0500000   0.00102602
14.0600000   0.0010249
14.0700000   0.00102378
14.0800000   0.00102267
14.0900000   0.00102156
14.1000000   0.00102045
14.1100000   0.00101935
14.1200000   0.00101825
14.1300000   0.00101716
14.1400000   0.00101596
14.1500000   0.00101488
14.1600000   0.00101379
14.1700000   0.00101271
14.1800000   0.00101153
14.1900000   0.00101045
14.2000000   0.00100938
14.2100000   0.00100821
14.2200000   0.00100715
14.2300000   0.00100599
14.2400000   0.00100493
14.2500000   0.00100377
14.2600000   0.00100272
14.2700000   0.00100157
14.2800000   0.00100052
14.2900000   0.000999381
14.3000000   0.000998342
14.3100000   0.000997206
14.3200000   0.000996073
14.3300000   0.000995044
14.3400000   0.000993917
14.3500000   0.000992794
14.3600000   0.000991774
14.3700000   0.000990657
14.3800000   0.000989543
14.3900000   0.000988433
14.4000000   0.000987425
14.4100000   0.000986321
14.4200000   0.00098522
14.4300000   0.000984122
14.4400000   0.000983027
14.4500000   0.000981935
14.4600000   0.000980846
14.4700000   0.00097976
14.4800000   0.000978678
14.4900000   0.000977598
14.5000000   0.000976522
14.5100000   0.000975449
14.5200000   0.000974378
14.5300000   0.000973311
14.5400000   0.000972247
14.5500000   0.000971185
14.5600000   0.000970127
14.5700000   0.000969072
14.5800000   0.000968019
14.5900000   0.00096687
14.6000000   0.000965824
14.6100000   0.00096478
14.6200000   0.00096374
14.6300000   0.000962603
14.6400000   0.000961568
14.6500000   0.000960537
14.6600000   0.000959408
14.6700000   0.000958382
14.6800000   0.00095736
14.6900000   0.00095624
14.7000000   0.000955223
14.7100000   0.000954209
14.7200000   0.000953097
14.7300000   0.000952089
14.7400000   0.000950984
14.7500000   0.000949981
14.7600000   0.000948881
14.7700000   0.000947884
14.7800000   0.00094679
14.7900000   0.000945799
14.8000000   0.00094471
14.8100000   0.000943725
14.8200000   0.000942642
14.8300000   0.000941562
14.8400000   0.000940585
14.8500000   0.00093951
14.8600000   0.000938438
14.8700000   0.00093747
14.8800000   0.000936403
14.8900000   0.00093534
14.9000000   0.000934379
14.9100000   0.000933321
14.9200000   0.000932266
14.9300000   0.000931214
14.9400000   0.000930164
14.9500000   0.000929217
14.9600000   0.000928172
14.9700000   0.000927131
14.9800000   0.000926092
14.9900000   0.000925056
15.0000000   0.000924022
15.0100000   0.000922991
15.0200000   0.000922063
15.0300000   0.000921037
15.0400000   0.000920014
15.0500000   0.000918994
15.0600000   0.000917976
15.0700000   0.000916961
15.0800000   0.000915948
15.0900000   0.000914938
15.1000000   0.000913931
15.1100000   0.000912926
15.1200000   0.000911924
15.1300000   0.000910925
15.1400000   0.000909828
15.1500000   0.000908833
15.1600000   0.000907841
15.1700000   0.000906852
15.1800000   0.000905865
15.1900000   0.000904881
15.2000000   0.0009039
15.2100000   0.00090282
15.2200000   0.000901844
15.2300000   0.00090087
15.2400000   0.000899898
15.2500000   0.000898929
15.2600000   0.000897862
15.2700000   0.000896898
15.2800000   0.000895937
15.2900000   0.000894878
15.3000000   0.000893921
15.3100000   0.000892967
15.3200000   0.000891915
15.3300000   0.000890966
15.3400000   0.000890019
15.3500000   0.000888974
15.3600000   0.000888032
15.3700000   0.000887093
15.3800000   0.000886056
15.3900000   0.000885121
15.4000000   0.000884088
15.4100000   0.000883158
15.4200000   0.000882231
15.4300000   0.000881206
15.4400000   0.000880283
15.4500000   0.000879262
15.4600000   0.000878344
15.4700000   0.000877329
15.4800000   0.000876415
15.4900000   0.000875404
15.5000000   0.000874396
15.5100000   0.000873489
15.5200000   0.000872485
15.5300000   0.000871584
15.5400000   0.000870584
15.5500000   0.000869687
15.5600000   0.000868693
15.5700000   0.0008677
15.5800000   0.00086681
15.5900000   0.000865822
15.6000000   0.000864837
15.6100000   0.000863954
15.6200000   0.000862973
15.6300000   0.000861994
15.6400000   0.000861117
15.6500000   0.000860143
15.6600000   0.000859171
15.6700000   0.000858301
15.6800000   0.000857334
15.6900000   0.000856369
15.7000000   0.000855406
15.7100000   0.000854445
15.7200000   0.000853586
15.7300000   0.00085263
15.7400000   0.000851676
15.7500000   0.000850724
15.7600000   0.000849774
15.7700000   0.000848926
15.7800000   0.000847981
15.7900000   0.000847038
15.8000000   0.000846097
15.8100000   0.000845158
15.8200000   0.000844221
15.8300000   0.000843286
15.8400000   0.000842354
15.8500000   0.000841524
15.8600000   0.000840595
15.8700000   0.000839669
15.8800000   0.000838745
15.8900000   0.000837824
15.9000000   0.000836904
15.9100000   0.000835986
15.9200000   0.000835071
15.9300000   0.000834158
15.9400000   0.000833246
15.9500000   0.000832337
15.9600000   0.00083143
15.9700000   0.000830525
15.9800000   0.000829622
15.9900000   0.000828721
16.0000000   0.000827822
16.0100000   0.000826926
16.0200000   0.000826031
16.0300000   0.000825138
16.0400000   0.000824148
16.0500000   0.000823259
16.0600000   0.000822373
16.0700000   0.000821488
16.0800000   0.000820606
16.0900000   0.000819725
16.1000000   0.000818847
16.1100000   0.00081797
16.1200000   0.000817096
16.1300000   0.000816123
16.1400000   0.000815253
16.1500000   0.000814384
16.1600000   0.000813518
16.1700000   0.000812653
16.1800000   0.000811691
16.1900000   0.00081083
16.2000000   0.000809972
16.2100000   0.000809115
16.2200000   0.00080826
16.2300000   0.000807308
16.2400000   0.000806457
16.2500000   0.000805608
16.2600000   0.000804761
16.2700000   0.000803816
16.2800000   0.000802973
16.2900000   0.000802132
16.3000000   0.000801193
16.3100000   0.000800355
16.3200000   0.00079952
16.3300000   0.000798586
16.3400000   0.000797755
16.3500000   0.000796925
16.3600000   0.000795997
16.3700000   0.000795171
16.3800000   0.000794347
16.3900000   0.000793425
16.4000000   0.000792605
16.4100000   0.000791786
16.4200000   0.00079087
16.4300000   0.000790055
16.4400000   0.000789142
16.4500000   0.000788331
16.4600000   0.000787522
16.4700000   0.000786614
16.4800000   0.000785809
16.4900000   0.000784905
16.5000000   0.000784103
16.5100000   0.000783203
16.5200000   0.000782405
16.5300000   0.000781608
16.5400000   0.000780714
16.5500000   0.000779921
16.5600000   0.00077903
16.5700000   0.000778241
16.5800000   0.000777353
16.5900000   0.000776568
16.6000000   0.000775684
16.6100000   0.000774902
16.6200000   0.000774021
16.6300000   0.000773243
16.6400000   0.000772366
16.6500000   0.000771591
16.6600000   0.000770718
16.6700000   0.000769846
16.6800000   0.000769076
16.6900000   0.000768208
16.7000000   0.000767442
16.7100000   0.000766577
16.7200000   0.000765815
16.7300000   0.000764953
16.7400000   0.000764094
16.7500000   0.000763336
16.7600000   0.00076248
16.7700000   0.000761726
16.7800000   0.000760874
16.7900000   0.000760023
16.8000000   0.000759274
16.8100000   0.000758426
16.8200000   0.00075758
16.8300000   0.000756836
16.8400000   0.000755994
16.8500000   0.000755253
16.8600000   0.000754414
16.8700000   0.000753577
16.8800000   0.000752841
16.8900000   0.000752007
16.9000000   0.000751175
16.9100000   0.000750344
16.9200000   0.000749615
16.9300000   0.000748787
16.9400000   0.000747961
16.9500000   0.000747237
16.9600000   0.000746415
16.9700000   0.000745594
16.9800000   0.000744775
16.9900000   0.000744057
17.0000000   0.000743241
17.0100000   0.000742427
17.0200000   0.000741614
17.0300000   0.000740903
17.0400000   0.000740093
17.0500000   0.000739285
17.0600000   0.000738479
17.0700000   0.000737774
17.0800000   0.000736971
17.0900000   0.000736169
17.1000000   0.000735369
17.1100000   0.00073457
17.1200000   0.000733873
17.1300000   0.000733078
17.1400000   0.000732284
17.1500000   0.000731492
17.1600000   0.000730702
17.1700000   0.000730012
17.1800000   0.000729225
17.1900000   0.000728439
17.2000000   0.000727654
17.2100000   0.000726872
17.2200000   0.00072609
17.2300000   0.00072531
17.2400000   0.000724632
17.2500000   0.000723855
17.2600000   0.00072308
17.2700000   0.000722306
17.2800000   0.000721534
17.2900000   0.000720763
17.3000000   0.000719994
17.3100000   0.000719227
17.3200000   0.00071856
17.3300000   0.000717796
17.3400000   0.000717033
17.3500000   0.000716271
17.3600000   0.000715511
17.3700000   0.000714752
17.3800000   0.000713995
17.3900000   0.000713239
17.4000000   0.000712485
17.4100000   0.000711732
17.4200000   0.000710981
17.4300000   0.000710231
17.4400000   0.000709482
17.4500000   0.000708735
17.4600000   0.00070809
17.4700000   0.000707346
17.4800000   0.000706603
17.4900000   0.000705862
17.5000000   0.000705122
17.5100000   0.000704384
17.5200000   0.000703647
17.5300000   0.000702912
17.5400000   0.000702178
17.5500000   0.000701445
17.5600000   0.000700714
17.5700000   0.000699984
17.5800000   0.000699256
17.5900000   0.000698529
17.6000000   0.000697804
17.6100000   0.00069708
17.6200000   0.000696357
17.6300000   0.000695636
17.6400000   0.000694816
17.6500000   0.000694097
17.6600000   0.00069338
17.6700000   0.000692664
17.6800000   0.00069195
17.6900000   0.000691237
17.7000000   0.000690526
17.7100000   0.000689815
17.7200000   0.000689107
17.7300000   0.000688399
17.7400000   0.000687693
17.7500000   0.000686988
17.7600000   0.000686285
17.7700000   0.000685583
17.7800000   0.000684882
17.7900000   0.000684083
17.8000000   0.000683385
17.8100000   0.000682688
17.8200000   0.000681993
17.8300000   0.000681299
17.8400000   0.000680607
17.8500000   0.000679915
17.8600000   0.000679225
17.8700000   0.000678537
17.8800000   0.00067775
17.8900000   0.000677064
17.9000000   0.000676379
17.9100000   0.000675696
17.9200000   0.000675014
17.9300000   0.000674333
17.9400000   0.000673653
17.9500000   0.000672975
17.9600000   0.000672198
17.9700000   0.000671523
17.9800000   0.000670849
17.9900000   0.000670176
18.0000000   0.000669504
18.0100000   0.000668834
18.0200000   0.000668065
18.0300000   0.000667397
18.0400000   0.00066673
18.0500000   0.000666065
18.0600000   0.000665401
18.0700000   0.000664638
18.0800000   0.000663977
18.0900000   0.000663317
18.1000000   0.000662658
18.1100000   0.000662
18.1200000   0.000661244
18.1300000   0.000660589
18.1400000   0.000659935
18.1500000   0.000659282
18.1600000   0.000658631
18.1700000   0.00065788
18.1800000   0.000657231
18.1900000   0.000656584
18.2000000   0.000655937
18.2100000   0.000655192
18.2200000   0.000654548
18.2300000   0.000653905
18.2400000   0.000653264
18.2500000   0.000652623
18.2600000   0.000651884
18.2700000   0.000651246
18.2800000   0.000650609
18.2900000   0.000649974
18.3000000   0.00064924
18.3100000   0.000648607
18.3200000   0.000647975
18.3300000   0.000647244
18.3400000   0.000646614
18.3500000   0.000645986
18.3600000   0.000645359
18.3700000   0.000644633
18.3800000   0.000644008
18.3900000   0.000643385
18.4000000   0.000642762
18.4100000   0.000642041
18.4200000   0.000641421
18.4300000   0.000640802
18.4400000   0.000640084
18.4500000   0.000639468
18.4600000   0.000638853
18.4700000   0.000638138
18.4800000   0.000637525
18.4900000   0.000636913
18.5000000   0.000636203
18.5100000   0.000635593
18.5200000   0.000634985
18.5300000   0.000634377
18.5400000   0.000633671
18.5500000   0.000633066
18.5600000   0.000632462
18.5700000   0.00063176
18.5800000   0.000631158
18.5900000   0.000630558
18.6000000   0.000629858
18.6100000   0.00062926
18.6200000   0.000628663
18.6300000   0.000627967
18.6400000   0.000627372
18.6500000   0.000626678
18.6600000   0.000626086
18.6700000   0.000625494
18.6800000   0.000624804
18.6900000   0.000624215
18.7000000   0.000623626
18.7100000   0.000622939
18.7200000   0.000622353
18.7300000   0.000621768
18.7400000   0.000621085
18.7500000   0.000620502
18.7600000   0.00061982
18.7700000   0.00061924
18.7800000   0.000618661
18.7900000   0.000617982
18.8000000   0.000617405
18.8100000   0.000616729
18.8200000   0.000616154
18.8300000   0.00061558
18.8400000   0.000614907
18.8500000   0.000614335
18.8600000   0.000613664
18.8700000   0.000613094
18.8800000   0.000612526
18.8900000   0.000611858
18.9000000   0.000611291
18.9100000   0.000610626
18.9200000   0.000610062
18.9300000   0.000609498
18.9400000   0.000608836
18.9500000   0.000608275
18.9600000   0.000607614
18.9700000   0.000607055
18.9800000   0.000606397
18.9900000   0.00060584
19.0000000   0.000605284
19.0100000   0.000604629
19.0200000   0.000604075
19.0300000   0.000603422
19.0400000   0.00060287
19.0500000   0.000602219
19.0600000   0.000601669
19.0700000   0.00060112
19.0800000   0.000600472
19.0900000   0.000599925
19.1000000   0.00059928
19.1100000   0.000598735
19.1200000   0.000598091
19.1300000   0.000597548
19.1400000   0.000596906
19.1500000   0.000596366
19.1600000   0.000595726
19.1700000   0.000595187
19.1800000   0.000594549
19.1900000   0.000594012
19.2000000   0.000593377
19.2100000   0.000592842
19.2200000   0.000592308
19.2300000   0.000591675
19.2400000   0.000591143
19.2500000   0.000590513
19.2600000   0.000589983
19.2700000   0.000589354
19.2800000   0.000588826
19.2900000   0.000588199
19.3000000   0.000587673
19.3100000   0.000587048
19.3200000   0.000586524
19.3300000   0.000585901
19.3400000   0.000585379
19.3500000   0.000584758
19.3600000   0.000584238
19.3700000   0.000583619
19.3800000   0.0005831
19.3900000   0.000582483
19.4000000   0.000581967
19.4100000   0.000581351
19.4200000   0.000580837
19.4300000   0.000580223
19.4400000   0.000579711
19.4500000   0.000579099
19.4600000   0.000578489
19.4700000   0.000577979
19.4800000   0.00057737
19.4900000   0.000576862
19.5000000   0.000576256
19.5100000   0.00057575
19.5200000   0.000575145
19.5300000   0.000574641
19.5400000   0.000574037
19.5500000   0.000573535
19.5600000   0.000572934
19.5700000   0.000572433
19.5800000   0.000571834
19.5900000   0.000571335
19.6000000   0.000570738
19.6100000   0.000570141
19.6200000   0.000569645
19.6300000   0.00056905
19.6400000   0.000568556
19.6500000   0.000567963
19.6600000   0.000567471
19.6700000   0.00056688
19.6800000   0.000566389
19.6900000   0.0005658
19.7000000   0.000565211
19.7100000   0.000564724
19.7200000   0.000564137
19.7300000   0.000563651
19.7400000   0.000563066
19.7500000   0.000562582
19.7600000   0.000561999
19.7700000   0.000561416
19.7800000   0.000560935
19.7900000   0.000560354
19.8000000   0.000559874
19.8100000   0.000559296
19.8200000   0.000558818
19.8300000   0.000558241
19.8400000   0.000557664
19.8500000   0.000557189
19.8600000   0.000556615
19.8700000   0.000556141
19.8800000   0.000555568
19.8900000   0.000554996
19.9000000   0.000554525
19.9100000   0.000553955
19.9200000   0.000553486
19.9300000   0.000552918
19.9400000   0.00055235
19.9500000   0.000551883
19.9600000   0.000551317
19.9700000   0.000550852
19.9800000   0.000550288
19.9900000   0.000549725
20.0000000   0.000549262
20.0100000   0.000548701
20.0200000   0.00054824
20.0300000   0.00054768
20.0400000   0.000547121
20.0500000   0.000546663
20.0600000   0.000546105
20.0700000   0.000545648
20.0800000   0.000545093
20.0900000   0.000544538
