0.1000000   906.709
0.1100000   901.247
0.1200000   897.092
0.1300000   893.859
0.1400000   891.293
0.1500000   889.223
0.1600000   887.529
0.1700000   886.125
0.1800000   884.949
0.1900000   883.953
0.2000000   883.103
0.2100000   882.371
0.2200000   881.737
0.2300000   881.184
0.2400000   880.698
0.2500000   880.27
0.2600000   879.89
0.2700000   879.552
0.2800000   879.249
0.2900000   878.977
0.3000000   878.731
0.3100000   878.509
0.3200000   878.308
0.3300000   878.124
0.3400000   877.957
0.3500000   877.803
0.3600000   877.663
0.3700000   877.533
0.3800000   877.414
0.3900000   877.303
0.4000000   877.201
0.4100000   877.106
0.4200000   877.018
0.4300000   876.936
0.4400000   876.86
0.4500000   876.788
0.4600000   876.721
0.4700000   876.659
0.4800000   876.6
0.4900000   876.545
0.5000000   876.493
0.5100000   876.444
0.5200000   876.398
0.5300000   876.354
0.5400000   876.313
0.5500000   876.274
0.5600000   876.238
0.5700000   876.203
0.5800000   876.17
0.5900000   876.138
0.6000000   876.108
0.6100000   876.08
0.6200000   876.053
0.6300000   876.027
0.6400000   876.002
0.6500000   875.979
0.6600000   875.957
0.6700000   875.935
0.6800000   875.915
0.6900000   875.895
0.7000000   875.876
0.7100000   875.858
0.7200000   875.841
0.7300000   875.825
0.7400000   875.809
0.7500000   875.794
0.7600000   875.779
0.7700000   875.765
0.7800000   875.751
0.7900000   875.738
0.8000000   875.726
0.8100000   875.714
0.8200000   875.702
0.8300000   875.691
0.8400000   875.68
0.8500000   875.67
0.8600000   875.66
0.8700000   875.65
0.8800000   875.64
0.8900000   875.631
0.9000000   875.623
0.9100000   875.614
0.9200000   875.606
0.9300000   875.598
0.9400000   875.59
0.9500000   875.583
0.9600000   875.575
0.9700000   875.568
0.9800000   875.562
0.9900000   875.555
1.0000000   875.549
1.0100000   875.543
1.0200000   875.536
1.0300000   875.531
1.0400000   875.525
1.0500000   875.519
1.0600000   875.514
1.0700000   875.509
1.0800000   875.504
1.0900000   875.499
1.1000000   875.494
1.1100000   875.489
1.1200000   875.485
1.1300000   875.48
1.1400000   875.476
1.1500000   875.472
1.1600000   875.468
1.1700000   875.464
1.1800000   875.46
1.1900000   875.456
1.2000000   875.453
1.2100000   875.449
1.2200000   875.445
1.2300000   875.442
1.2400000   875.439
1.2500000   875.435
1.2600000   875.432
1.2700000   875.429
1.2800000   875.426
1.2900000   875.423
1.3000000   875.42
1.3100000   875.417
1.3200000   875.415
1.3300000   875.412
1.3400000   875.409
1.3500000   875.407
1.3600000   875.404
1.3700000   875.402
1.3800000   875.399
1.3900000   875.397
1.4000000   875.395
1.4100000   875.392
1.4200000   875.39
1.4300000   875.388
1.4400000   875.386
1.4500000   875.384
1.4600000   875.382
1.4700000   875.38
1.4800000   875.378
1.4900000   875.376
1.5000000   875.374
1.5100000   875.372
1.5200000   875.37
1.5300000   875.368
1.5400000   875.367
1.5500000   875.365
1.5600000   875.363
1.5700000   875.362
1.5800000   875.36
1.5900000   875.358
1.6000000   875.357
1.6100000   875.355
1.6200000   875.354
1.6300000   875.352
1.6400000   875.351
1.6500000   875.35
1.6600000   875.348
1.6700000   875.347
1.6800000   875.345
1.6900000   875.344
1.7000000   875.343
1.7100000   875.342
1.7200000   875.34
1.7300000   875.339
1.7400000   875.338
1.7500000   875.337
1.7600000   875.336
1.7700000   875.334
1.7800000   875.333
1.7900000   875.332
1.8000000   875.331
1.8100000   875.33
1.8200000   875.329
1.8300000   875.328
1.8400000   875.327
1.8500000   875.326
1.8600000   875.325
1.8700000   875.324
1.8800000   875.323
1.8900000   875.322
1.9000000   875.321
1.9100000   875.32
1.9200000   875.319
1.9300000   875.318
1.9400000   875.318
1.9500000   875.317
1.9600000   875.316
1.9700000   875.315
1.9800000   875.314
1.9900000   875.313
2.0000000   875.313
2.0100000   875.312
2.0200000   875.311
2.0300000   875.31
2.0400000   875.31
2.0500000   875.309
2.0600000   875.308
2.0700000   875.307
2.0800000   875.307
2.0900000   875.306
2.1000000   875.305
2.1100000   875.305
2.1200000   875.304
2.1300000   875.303
2.1400000   875.303
2.1500000   875.302
2.1600000   875.301
2.1700000   875.301
2.1800000   875.3
2.1900000   875.3
2.2000000   875.299
2.2100000   875.298
2.2200000   875.298
2.2300000   875.297
2.2400000   875.297
2.2500000   875.296
2.2600000   875.296
2.2700000   875.295
2.2800000   875.295
2.2900000   875.294
2.3000000   875.293
2.3100000   875.293
2.3200000   875.292
2.3300000   875.292
2.3400000   875.291
2.3500000   875.291
2.3600000   875.29
2.3700000   875.29
2.3800000   875.29
2.3900000   875.289
2.4000000   875.289
2.4100000   875.288
2.4200000   875.288
2.4300000   875.287
2.4400000   875.287
2.4500000   875.286
2.4600000   875.286
2.4700000   875.286
2.4800000   875.285
2.4900000   875.285
2.5000000   875.284
2.5100000   834.24
2.5200000   795.269
2.5300000   758.26
2.5400000   723.108
2.5500000   689.711
2.5600000   657.977
2.5700000   627.816
2.5800000   599.144
2.5900000   571.884
2.6000000   545.96
2.6100000   521.302
2.6200000   497.844
2.6300000   475.524
2.6400000   454.282
2.6500000   434.062
2.6600000   414.811
2.6700000   396.48
2.6800000   379.022
2.6900000   362.393
2.7000000   346.549
2.7100000   331.451
2.7200000   317.062
2.7300000   303.345
2.7400000   290.268
2.7500000   277.798
2.7600000   265.905
2.7700000   254.56
2.7800000   243.737
2.7900000   233.409
2.8000000   223.552
2.8100000   214.143
2.8200000   205.161
2.8300000   196.585
2.8400000   188.394
2.8500000   180.571
2.8600000   173.098
2.8700000   165.958
2.8800000   159.134
2.8900000   152.613
2.9000000   146.379
2.9100000   140.42
2.9200000   134.721
2.9300000   129.271
2.9400000   124.059
2.9500000   119.073
2.9600000   114.302
2.9700000   109.737
2.9800000   105.368
2.9900000   101.187
3.0000000   97.1833
3.0100000   93.3505
3.0200000   89.6802
3.0300000   86.1652
3.0400000   82.7983
3.0500000   79.5729
3.0600000   76.4826
3.0700000   73.5214
3.0800000   70.6834
3.0900000   67.9632
3.1000000   65.3555
3.1100000   62.8554
3.1200000   60.458
3.1300000   58.159
3.1400000   55.9538
3.1500000   53.8386
3.1600000   51.8092
3.1700000   49.862
3.1800000   47.9935
3.1900000   46.2001
3.2000000   44.4788
3.2100000   42.8263
3.2200000   41.2397
3.2300000   39.7163
3.2400000   38.2533
3.2500000   36.8481
3.2600000   35.4984
3.2700000   34.2017
3.2800000   32.9558
3.2900000   31.7587
3.3000000   30.6082
3.3100000   29.5024
3.3200000   28.4395
3.3300000   27.4177
3.3400000   26.4352
3.3500000   25.4905
3.3600000   24.582
3.3700000   23.7082
3.3800000   22.8677
3.3900000   22.0592
3.4000000   21.2813
3.4100000   20.5327
3.4200000   19.8124
3.4300000   19.1192
3.4400000   18.452
3.4500000   17.8096
3.4600000   17.1913
3.4700000   16.5959
3.4800000   16.0226
3.4900000   15.4705
3.5000000   14.9388
3.5100000   14.4266
3.5200000   13.9332
3.5300000   13.4579
3.5400000   12.9999
3.5500000   12.5586
3.5600000   12.1333
3.5700000   11.7234
3.5800000   11.3283
3.5900000   10.9474
3.6000000   10.5802
3.6100000   10.2262
3.6200000   9.88482
3.6300000   9.55562
3.6400000   9.23814
3.6500000   8.93191
3.6600000   8.63652
3.6700000   8.35156
3.6800000   8.07663
3.6900000   7.81135
3.7000000   7.55537
3.7100000   7.30834
3.7200000   7.06992
3.7300000   6.83979
3.7400000   6.61765
3.7500000   6.4032
3.7600000   6.19615
3.7700000   5.99623
3.7800000   5.80318
3.7900000   5.61675
3.8000000   5.43669
3.8100000   5.26278
3.8200000   5.09479
3.8300000   4.9325
3.8400000   4.77571
3.8500000   4.62423
3.8600000   4.47784
3.8700000   4.33639
3.8800000   4.19968
3.8900000   4.06755
3.9000000   3.93984
3.9100000   3.81638
3.9200000   3.69703
3.9300000   3.58165
3.9400000   3.47008
3.9500000   3.3622
3.9600000   3.25787
3.9700000   3.15698
3.9800000   3.0594
3.9900000   2.96502
4.0000000   2.87372
4.0100000   2.78539
4.0200000   2.69995
4.0300000   2.61727
4.0400000   2.53728
4.0500000   2.45987
4.0600000   2.38496
4.0700000   2.31246
4.0800000   2.24229
4.0900000   2.17436
4.1000000   2.10862
4.1100000   2.04497
4.1200000   1.98335
4.1300000   1.92369
4.1400000   1.86592
4.1500000   1.80998
4.1600000   1.75581
4.1700000   1.70335
4.1800000   1.65253
4.1900000   1.60332
4.2000000   1.55565
4.2100000   1.50947
4.2200000   1.46473
4.2300000   1.42139
4.2400000   1.37939
4.2500000   1.3387
4.2600000   1.29927
4.2700000   1.26106
4.2800000   1.22403
4.2900000   1.18814
4.3000000   1.15335
4.3100000   1.11963
4.3200000   1.08695
4.3300000   1.05526
4.3400000   1.02455
4.3500000   0.994763
4.3600000   0.965887
4.3700000   0.937888
4.3800000   0.910737
4.3900000   0.884408
4.4000000   0.858874
4.4100000   0.83411
4.4200000   0.810091
4.4300000   0.786794
4.4400000   0.764195
4.4500000   0.742273
4.4600000   0.721007
4.4700000   0.700375
4.4800000   0.680357
4.4900000   0.660935
4.5000000   0.642089
4.5100000   0.623802
4.5200000   0.606057
4.5300000   0.588835
4.5400000   0.572122
4.5500000   0.555901
4.5600000   0.540156
4.5700000   0.524874
4.5800000   0.51004
4.5900000   0.49564
4.6000000   0.481661
4.6100000   0.468089
4.6200000   0.454913
4.6300000   0.44212
4.6400000   0.429699
4.6500000   0.417638
4.6600000   0.405926
4.6700000   0.394553
4.6800000   0.383508
4.6900000   0.372782
4.7000000   0.362364
4.7100000   0.352246
4.7200000   0.342419
4.7300000   0.332873
4.7400000   0.323601
4.7500000   0.314594
4.7600000   0.305843
4.7700000   0.297343
4.7800000   0.289084
4.7900000   0.281061
4.8000000   0.273265
4.8100000   0.265691
4.8200000   0.258331
4.8300000   0.251179
4.8400000   0.244229
4.8500000   0.237476
4.8600000   0.230913
4.8700000   0.224535
4.8800000   0.218336
4.8900000   0.212312
4.9000000   0.206456
4.9100000   0.200765
4.9200000   0.195233
4.9300000   0.189855
4.9400000   0.184628
4.9500000   0.179547
4.9600000   0.174607
4.9700000   0.169805
4.9800000   0.165136
4.9900000   0.160598
5.0000000   0.156185
5.0100000   0.151894
5.0200000   0.147723
5.0300000   0.143667
5.0400000   0.139723
5.0500000   0.135888
5.0600000   0.132159
5.0700000   0.128533
5.0800000   0.125006
5.0900000   0.121577
5.1000000   0.118242
5.1100000   0.114999
5.1200000   0.111845
5.1300000   0.108777
5.1400000   0.105793
5.1500000   0.102891
5.1600000   0.100069
5.1700000   0.0973239
5.1800000   0.0946538
5.1900000   0.0920566
5.2000000   0.0895303
5.2100000   0.087073
5.2200000   0.0846827
5.2300000   0.0823575
5.2400000   0.0800955
5.2500000   0.0778952
5.2600000   0.0757547
5.2700000   0.0736725
5.2800000   0.0716467
5.2900000   0.069676
5.3000000   0.0677588
5.3100000   0.0658937
5.3200000   0.064079
5.3300000   0.0623136
5.3400000   0.0605961
5.3500000   0.0589251
5.3600000   0.0572993
5.3700000   0.0557175
5.3800000   0.0541785
5.3900000   0.0526812
5.4000000   0.0512244
5.4100000   0.0498069
5.4200000   0.0484278
5.4300000   0.047086
5.4400000   0.0457804
5.4500000   0.0445101
5.4600000   0.0432741
5.4700000   0.0420716
5.4800000   0.0409015
5.4900000   0.039763
5.5000000   0.0386552
5.5100000   0.0375775
5.5200000   0.0365288
5.5300000   0.0355084
5.5400000   0.0345156
5.5500000   0.0335496
5.5600000   0.0326098
5.5700000   0.0316953
5.5800000   0.0308056
5.5900000   0.0299399
5.6000000   0.0290976
5.6100000   0.0282782
5.6200000   0.0274808
5.6300000   0.0267051
5.6400000   0.0259505
5.6500000   0.0252162
5.6600000   0.0245019
5.6700000   0.0238068
5.6800000   0.0231307
5.6900000   0.0224729
5.7000000   0.021833
5.7100000   0.0212105
5.7200000   0.020605
5.7300000   0.0200159
5.7400000   0.0194428
5.7500000   0.0188854
5.7600000   0.0183432
5.7700000   0.0178158
5.7800000   0.0173027
5.7900000   0.0168038
5.8000000   0.0163185
5.8100000   0.0158465
5.8200000   0.0153874
5.8300000   0.0149409
5.8400000   0.0145067
5.8500000   0.0140845
5.8600000   0.0136739
5.8700000   0.0132746
5.8800000   0.0128864
5.8900000   0.0125089
5.9000000   0.0121419
5.9100000   0.011785
5.9200000   0.011438
5.9300000   0.0111007
5.9400000   0.0107728
5.9500000   0.0104542
5.9600000   0.0101443
5.9700000   0.00984318
5.9800000   0.00955047
5.9900000   0.00926601
6.0000000   0.00898959
6.0100000   0.00872092
6.0200000   0.00845989
6.0300000   0.00820621
6.0400000   0.00795977
6.0500000   0.00772037
6.0600000   0.00748772
6.0700000   0.0072618
6.0800000   0.00704232
6.0900000   0.00682918
6.1000000   0.00662218
6.1100000   0.00642121
6.1200000   0.00622598
6.1300000   0.00603649
6.1400000   0.00585242
6.1500000   0.0056738
6.1600000   0.0055004
6.1700000   0.00533213
6.1800000   0.0051688
6.1900000   0.00501029
6.2000000   0.00485651
6.2100000   0.00470736
6.2200000   0.00456264
6.2300000   0.00442224
6.2400000   0.00428607
6.2500000   0.00415403
6.2600000   0.004026
6.2700000   0.0039019
6.2800000   0.00378162
6.2900000   0.00366497
6.3000000   0.00355193
6.3100000   0.00344252
6.3200000   0.00333642
6.3300000   0.00323364
6.3400000   0.00313418
6.3500000   0.00303774
6.3600000   0.00294451
6.3700000   0.0028542
6.3800000   0.0027668
6.3900000   0.00268222
6.4000000   0.00260045
6.4100000   0.00252129
6.4200000   0.00244474
6.4300000   0.00237081
6.4400000   0.00229928
6.4500000   0.00223017
6.4600000   0.00216346
6.4700000   0.00209897
6.4800000   0.00203668
6.4900000   0.0019766
6.5000000   0.00191862
6.5100000   0.00186265
6.5200000   0.00180869
6.5300000   0.00175663
6.5400000   0.00170647
6.5500000   0.00165822
6.5600000   0.00161167
6.5700000   0.00156682
6.5800000   0.00152377
6.5900000   0.00148222
6.6000000   0.00144238
6.6100000   0.00140403
6.6200000   0.00136718
6.6300000   0.00133183
6.6400000   0.00129788
6.6500000   0.00126543
6.6600000   0.00123417
6.6700000   0.00120431
6.6800000   0.00117564
6.6900000   0.00114827
6.7000000   0.00112219
6.7100000   0.00109711
6.7200000   0.00107332
6.7300000   0.00105052
6.7400000   0.00102882
6.7500000   0.0010082
6.7600000   0.000988578
6.7700000   0.000969945
6.7800000   0.000952302
6.7900000   0.000935548
6.8000000   0.000919683
6.8100000   0.000904707
6.8200000   0.000890518
6.8300000   0.000877217
6.8400000   0.000864802
6.8500000   0.000853074
6.8600000   0.000842031
6.8700000   0.000831874
6.8800000   0.000822302
6.8900000   0.000813513
6.9000000   0.000805309
6.9100000   0.000797788
6.9200000   0.00079095
6.9300000   0.000784694
6.9400000   0.00077902
6.9500000   0.000773927
6.9600000   0.000769316
6.9700000   0.000765385
6.9800000   0.000761833
6.9900000   0.000758862
7.0000000   0.000756369
7.0100000   0.000754356
7.0200000   0.00075282
7.0300000   0.000751662
7.0400000   0.000750982
7.0500000   0.000750778
7.0600000   0.000750851
7.0700000   0.0007514
7.0800000   0.000752324
7.0900000   0.000753524
7.1000000   0.000755198
7.1100000   0.000757147
7.1200000   0.000759469
7.1300000   0.000762065
7.1400000   0.000764934
7.1500000   0.000768176
7.1600000   0.00077159
7.1700000   0.000775376
7.1800000   0.000779433
7.1900000   0.000783662
7.2000000   0.000788261
7.2100000   0.00079303
7.2200000   0.00079797
7.2300000   0.000803178
7.2400000   0.000808656
7.2500000   0.000814203
7.2600000   0.000820018
7.2700000   0.000826101
7.2800000   0.000832251
7.2900000   0.000838569
7.3000000   0.000845153
7.3100000   0.000851805
7.3200000   0.000858622
7.3300000   0.000865605
7.3400000   0.000872653
7.3500000   0.000879967
7.3600000   0.000887345
7.3700000   0.000894788
7.3800000   0.000902394
7.3900000   0.000910065
7.4000000   0.000917898
7.4100000   0.000925795
7.4200000   0.000933854
7.4300000   0.000941875
7.4400000   0.000950059
7.4500000   0.000958304
7.4600000   0.00096661
7.4700000   0.000974978
7.4800000   0.000983506
7.4900000   0.000991994
7.5000000   0.00100054
7.5100000   0.00100915
7.5200000   0.00101782
7.5300000   0.00102654
7.5400000   0.00103533
7.5500000   0.00104407
7.5600000   0.00105288
7.5700000   0.00106174
7.5800000   0.00107065
7.5900000   0.00107953
7.6000000   0.00108846
7.6100000   0.00109745
7.6200000   0.00110639
7.6300000   0.00111539
7.6400000   0.00112435
7.6500000   0.00113336
7.6600000   0.00114232
7.6700000   0.00115134
7.6800000   0.00116032
7.6900000   0.00116935
7.7000000   0.00117834
7.7100000   0.00118737
7.7200000   0.00119626
7.7300000   0.00120531
7.7400000   0.00121421
7.7500000   0.00122316
7.7600000   0.00123206
7.7700000   0.00124101
7.7800000   0.00124992
7.7900000   0.00125878
7.8000000   0.00126759
7.8100000   0.00127635
7.8200000   0.00128516
7.8300000   0.00129392
7.8400000   0.00130263
7.8500000   0.00131139
7.8600000   0.00132
7.8700000   0.00132866
7.8800000   0.00133727
7.8900000   0.00134583
7.9000000   0.00135434
7.9100000   0.0013629
7.9200000   0.0013713
7.9300000   0.00137975
7.9400000   0.00138805
7.9500000   0.0013964
7.9600000   0.0014047
7.9700000   0.00141294
7.9800000   0.00142113
7.9900000   0.00142926
8.0000000   0.00143745
8.0100000   0.00144547
8.0200000   0.00145345
8.0300000   0.00146147
8.0400000   0.00146933
8.0500000   0.00147724
8.0600000   0.0014851
8.0700000   0.0014928
8.0800000   0.00150054
8.0900000   0.00150823
8.1000000   0.00151586
8.1100000   0.00152344
8.1200000   0.00153096
8.1300000   0.00153842
8.1400000   0.00154583
8.1500000   0.00155318
8.1600000   0.00156047
8.1700000   0.00156771
8.1800000   0.00157488
8.1900000   0.001582
8.2000000   0.00158907
8.2100000   0.00159617
8.2200000   0.00160312
8.2300000   0.00161
8.2400000   0.00161693
8.2500000   0.0016237
8.2600000   0.00163041
8.2700000   0.00163716
8.2800000   0.00164375
8.2900000   0.00165038
8.3000000   0.00165685
8.3100000   0.00166336
8.3200000   0.00166971
8.3300000   0.0016761
8.3400000   0.00168243
8.3500000   0.00168869
8.3600000   0.0016948
8.3700000   0.00170095
8.3800000   0.00170703
8.3900000   0.00171305
8.4000000   0.00171901
8.4100000   0.00172491
8.4200000   0.00173075
8.4300000   0.00173652
8.4400000   0.00174223
8.4500000   0.00174798
8.4600000   0.00175356
8.4700000   0.00175908
8.4800000   0.00176464
8.4900000   0.00177004
8.5000000   0.00177547
8.5100000   0.00178084
8.5200000   0.00178604
8.5300000   0.00179128
8.5400000   0.00179645
8.5500000   0.00180157
8.5600000   0.00180661
8.5700000   0.00181169
8.5800000   0.00181661
8.5900000   0.00182156
8.6000000   0.00182635
8.6100000   0.00183117
8.6200000   0.00183592
8.6300000   0.00184061
8.6400000   0.00184523
8.6500000   0.00184979
8.6600000   0.00185428
8.6700000   0.0018588
8.6800000   0.00186316
8.6900000   0.00186755
8.7000000   0.00187187
8.7100000   0.00187613
8.7200000   0.00188032
8.7300000   0.00188444
8.7400000   0.0018886
8.7500000   0.00189268
8.7600000   0.0018966
8.7700000   0.00190066
8.7800000   0.00190454
8.7900000   0.00190835
8.8000000   0.0019122
8.8100000   0.00191588
8.8200000   0.00191959
8.8300000   0.00192333
8.8400000   0.0019269
8.8500000   0.0019305
8.8600000   0.00193394
8.8700000   0.0019374
8.8800000   0.0019409
8.8900000   0.00194422
8.9000000   0.00194758
8.9100000   0.00195086
8.9200000   0.00195408
8.9300000   0.00195722
8.9400000   0.0019604
8.9500000   0.0019635
8.9600000   0.00196654
8.9700000   0.0019695
8.9800000   0.00197249
8.9900000   0.00197541
9.0000000   0.00197826
9.0100000   0.00198104
9.0200000   0.00198385
9.0300000   0.00198659
9.0400000   0.00198925
9.0500000   0.00199194
9.0600000   0.00199457
9.0700000   0.00199711
9.0800000   0.00199959
9.0900000   0.0020021
9.1000000   0.00200453
9.1100000   0.00200689
9.1200000   0.00200928
9.1300000   0.00201159
9.1400000   0.00201383
9.1500000   0.0020165
9.1600000   0.0020208
9.1700000   0.00202502
9.1800000   0.00202917
9.1900000   0.00203325
9.2000000   0.00203725
9.2100000   0.00204108
9.2200000   0.00204493
9.2300000   0.00204871
9.2400000   0.00205242
9.2500000   0.00205605
9.2600000   0.00205961
9.2700000   0.002063
9.2800000   0.00206641
9.2900000   0.00206974
9.3000000   0.00207311
9.3100000   0.00207629
9.3200000   0.0020794
9.3300000   0.00208244
9.3400000   0.0020855
9.3500000   0.00208839
9.3600000   0.0020913
9.3700000   0.00209413
9.3800000   0.00209689
9.3900000   0.00209958
9.4000000   0.00210219
9.4100000   0.00210482
9.4200000   0.00210728
9.4300000   0.00210976
9.4400000   0.00211216
9.4500000   0.00211449
9.4600000   0.00211674
9.4700000   0.00211902
9.4800000   0.00212122
9.4900000   0.00212334
9.5000000   0.00212539
9.5100000   0.00212736
9.5200000   0.00212935
9.5300000   0.00213127
9.5400000   0.0021331
9.5500000   0.00213497
9.5600000   0.00213665
9.5700000   0.00213836
9.5800000   0.00214008
9.5900000   0.00214164
9.6000000   0.00214321
9.6100000   0.00214471
9.6200000   0.00214622
9.6300000   0.00214766
9.6400000   0.00214903
9.6500000   0.00215031
9.6600000   0.00215161
9.6700000   0.00215284
9.6800000   0.00215409
9.6900000   0.00215526
9.7000000   0.00215635
9.7100000   0.00215737
9.7200000   0.0021584
9.7300000   0.00215946
9.7400000   0.00216033
9.7500000   0.00216133
9.7600000   0.00216215
9.7700000   0.00216299
9.7800000   0.00216375
9.7900000   0.00216453
9.8000000   0.00216523
9.8100000   0.00216595
9.8200000   0.0021666
9.8300000   0.00216716
9.8400000   0.00216774
9.8500000   0.00216824
9.8600000   0.00216877
9.8700000   0.00216921
9.8800000   0.00216967
9.8900000   0.00217005
9.9000000   0.00217046
9.9100000   0.00217078
9.9200000   0.00217102
9.9300000   0.00217128
9.9400000   0.00217156
9.9500000   0.00217176
9.9600000   0.00217188
9.9700000   0.00217202
9.9800000   0.00217218
9.9900000   0.00217225
10.0000000   0.00217225
10.0100000   0.00217226
10.0200000   0.0021723
10.0300000   0.00217225
10.0400000   0.00217212
10.0500000   0.00217201
10.0600000   0.00217192
10.0700000   0.00217174
10.0800000   0.00217159
10.0900000   0.00217135
10.1000000   0.00217113
10.1100000   0.00217093
10.1200000   0.00217055
10.1300000   0.00217028
10.1400000   0.00216993
10.1500000   0.00216961
10.1600000   0.00216919
10.1700000   0.0021688
10.1800000   0.00216832
10.1900000   0.00216787
10.2000000   0.00216743
10.2100000   0.0021669
10.2200000   0.0021664
10.2300000   0.00216581
10.2400000   0.00216524
10.2500000   0.00216468
10.2600000   0.00216405
10.2700000   0.00216343
10.2800000   0.00216272
10.2900000   0.00216204
10.3000000   0.00216137
10.3100000   0.00216061
10.3200000   0.00215988
10.3300000   0.00215916
10.3400000   0.00215836
10.3500000   0.00215757
10.3600000   0.0021567
10.3700000   0.00215585
10.3800000   0.00215501
10.3900000   0.00215409
10.4000000   0.00215329
10.4100000   0.0021523
10.4200000   0.00215143
10.4300000   0.00215047
10.4400000   0.00214943
10.4500000   0.0021485
10.4600000   0.0021475
10.4700000   0.0021465
10.4800000   0.00214543
10.4900000   0.00214437
10.5000000   0.00214332
10.5100000   0.00214219
10.5200000   0.00214117
10.5300000   0.00213998
10.5400000   0.00213889
10.5500000   0.00213772
10.5600000   0.00213657
10.5700000   0.00213543
10.5800000   0.00213421
10.5900000   0.002133
10.6000000   0.00213181
10.6100000   0.00213053
10.6200000   0.00212927
10.6300000   0.00212802
10.6400000   0.00212678
10.6500000   0.00212547
10.6600000   0.00212416
10.6700000   0.00212287
10.6800000   0.0021215
10.6900000   0.00212024
10.7000000   0.00211889
10.7100000   0.00211746
10.7200000   0.00211614
10.7300000   0.00211474
10.7400000   0.00211335
10.7500000   0.00211188
10.7600000   0.00211052
10.7700000   0.00210907
10.7800000   0.00210764
10.7900000   0.00210612
10.8000000   0.00210472
10.8100000   0.00210323
10.8200000   0.00210175
10.8300000   0.00210019
10.8400000   0.00209874
10.8500000   0.0020972
10.8600000   0.00209568
10.8700000   0.00209417
10.8800000   0.00209258
10.8900000   0.002091
10.9000000   0.00208943
10.9100000   0.00208787
10.9200000   0.00208633
10.9300000   0.00208471
10.9400000   0.00208309
10.9500000   0.00208149
10.9600000   0.0020798
10.9700000   0.00207823
10.9800000   0.00207657
10.9900000   0.00207492
11.0000000   0.00207328
11.0100000   0.00207156
11.0200000   0.00206995
11.0300000   0.00206825
11.0400000   0.00206656
11.0500000   0.00206489
11.0600000   0.00206313
11.0700000   0.00206149
11.0800000   0.00205975
11.0900000   0.00205803
11.1000000   0.00205632
11.1100000   0.00205452
11.1200000   0.00205284
11.1300000   0.00205107
11.1400000   0.00204931
11.1500000   0.00204756
11.1600000   0.00204573
11.1700000   0.002044
11.1800000   0.00204219
11.1900000   0.00204039
11.2000000   0.00203861
11.2100000   0.00203683
11.2200000   0.00203497
11.2300000   0.00203312
11.2400000   0.00203138
11.2500000   0.00202955
11.2600000   0.00202764
11.2700000   0.00202583
11.2800000   0.00202404
11.2900000   0.00202216
11.3000000   0.00202029
11.3100000   0.00201844
11.3200000   0.00201659
11.3300000   0.00201476
11.3400000   0.00201283
11.3500000   0.00201092
11.3600000   0.00200912
11.3700000   0.00200723
11.3800000   0.00200526
11.3900000   0.00200339
11.4000000   0.00200154
11.4100000   0.00199959
11.4200000   0.00199766
11.4300000   0.00199574
11.4400000   0.00199383
11.4500000   0.00199193
11.4600000   0.00199004
11.4700000   0.00198807
11.4800000   0.0019862
11.4900000   0.00198424
11.5000000   0.0019823
11.5100000   0.00198037
11.5200000   0.00197844
11.5300000   0.00197643
11.5400000   0.00197453
11.5500000   0.00197254
11.5600000   0.00197056
11.5700000   0.00196859
11.5800000   0.00196663
11.5900000   0.00196468
11.6000000   0.00196274
11.6100000   0.00196071
11.6200000   0.0019588
11.6300000   0.00195679
11.6400000   0.00195479
11.6500000   0.00195281
11.6600000   0.00195083
11.6700000   0.00194886
11.6800000   0.00194681
11.6900000   0.00194486
11.7000000   0.00194283
11.7100000   0.0019409
11.7200000   0.00193889
11.7300000   0.00193688
11.7400000   0.00193489
11.7500000   0.0019328
11.7600000   0.00193082
11.7700000   0.00192886
11.7800000   0.0019268
11.7900000   0.00192476
11.8000000   0.00192282
11.8100000   0.00192079
11.8200000   0.00191878
11.8300000   0.00191677
11.8400000   0.00191467
11.8500000   0.00191268
11.8600000   0.00191061
11.8700000   0.00190864
11.8800000   0.00190658
11.8900000   0.00190453
11.9000000   0.00190249
11.9100000   0.00190046
11.9200000   0.00189844
11.9300000   0.00189642
11.9400000   0.00189442
11.9500000   0.00189233
11.9600000   0.00189034
11.9700000   0.00188827
11.9800000   0.0018862
11.9900000   0.00188415
12.0000000   0.0018822
12.0100000   0.00188006
12.0200000   0.00187803
12.0300000   0.00187601
12.0400000   0.001874
12.0500000   0.0018719
12.0600000   0.0018699
12.0700000   0.00186782
12.0800000   0.00186574
12.0900000   0.00186378
12.1000000   0.00186172
12.1100000   0.00185967
12.1200000   0.00185763
12.1300000   0.0018555
12.1400000   0.00185347
12.1500000   0.00185146
12.1600000   0.00184936
12.1700000   0.00184736
12.1800000   0.00184527
12.1900000   0.00184319
12.2000000   0.00184122
12.2100000   0.00183916
12.2200000   0.0018371
12.2300000   0.00183506
12.2400000   0.00183302
12.2500000   0.00183089
12.2600000   0.00182887
12.2700000   0.00182686
12.2800000   0.00182476
12.2900000   0.00182276
12.3000000   0.00182067
12.3100000   0.0018186
12.3200000   0.00181662
12.3300000   0.00181456
12.3400000   0.00181251
12.3500000   0.00181046
12.3600000   0.00180842
12.3700000   0.00180629
12.3800000   0.00180427
12.3900000   0.00180226
12.4000000   0.00180015
12.4100000   0.00179816
12.4200000   0.00179607
12.4300000   0.00179408
12.4400000   0.00179201
12.4500000   0.00178994
12.4600000   0.00178789
12.4700000   0.00178584
12.4800000   0.00178379
12.4900000   0.00178176
12.5000000   0.00177973
12.5100000   0.00177771
12.5200000   0.0017757
12.5300000   0.0017736
12.5400000   0.0017716
12.5500000   0.00176951
12.5600000   0.00176753
12.5700000   0.00176546
12.5800000   0.00176349
12.5900000   0.00176143
12.6000000   0.00175938
12.6100000   0.00175734
12.6200000   0.0017553
12.6300000   0.00175328
12.6400000   0.00175126
12.6500000   0.00174924
12.6600000   0.00174724
12.6700000   0.00174514
12.6800000   0.00174315
12.6900000   0.00174116
12.7000000   0.00173908
12.7100000   0.00173711
12.7200000   0.00173505
12.7300000   0.001733
12.7400000   0.00173105
12.7500000   0.00172901
12.7600000   0.00172697
12.7700000   0.00172495
12.7800000   0.00172293
12.7900000   0.00172092
12.8000000   0.00171891
12.8100000   0.00171691
12.8200000   0.00171492
12.8300000   0.00171294
12.8400000   0.00171096
12.8500000   0.00170889
12.8600000   0.00170693
12.8700000   0.00170487
12.8800000   0.00170292
12.8900000   0.00170088
12.9000000   0.00169894
12.9100000   0.00169691
12.9200000   0.00169489
12.9300000   0.00169298
12.9400000   0.00169097
12.9500000   0.00168896
12.9600000   0.00168697
12.9700000   0.00168498
12.9800000   0.001683
12.9900000   0.00168102
13.0000000   0.00167906
13.0100000   0.00167709
13.0200000   0.00167504
13.0300000   0.00167309
13.0400000   0.00167115
13.0500000   0.00166911
13.0600000   0.00166718
13.0700000   0.00166526
13.0800000   0.00166324
13.0900000   0.00166123
13.1000000   0.00165933
13.1100000   0.00165733
13.1200000   0.00165544
13.1300000   0.00165346
13.1400000   0.00165148
13.1500000   0.00164951
13.1600000   0.00164754
13.1700000   0.00164558
13.1800000   0.00164363
13.1900000   0.00164168
13.2000000   0.00163974
13.2100000   0.00163781
13.2200000   0.00163588
13.2300000   0.00163396
13.2400000   0.00163205
13.2500000   0.00163004
13.2600000   0.00162813
13.2700000   0.00162624
13.2800000   0.00162425
13.2900000   0.00162236
13.3000000   0.00162038
13.3100000   0.00161851
13.3200000   0.00161654
13.3300000   0.00161458
13.3400000   0.00161273
13.3500000   0.00161078
13.3600000   0.00160884
13.3700000   0.001607
13.3800000   0.00160507
13.3900000   0.00160314
13.4000000   0.00160122
13.4100000   0.00159931
13.4200000   0.0015974
13.4300000   0.0015955
13.4400000   0.0015936
13.4500000   0.00159171
13.4600000   0.00158983
13.4700000   0.00158795
13.4800000   0.00158598
13.4900000   0.00158411
13.5000000   0.00158225
13.5100000   0.00158039
13.5200000   0.00157844
13.5300000   0.0015766
13.5400000   0.00157466
13.5500000   0.00157283
13.5600000   0.0015709
13.5700000   0.00156908
13.5800000   0.00156716
13.5900000   0.00156535
13.6000000   0.00156345
13.6100000   0.00156155
13.6200000   0.00155975
13.6300000   0.00155786
13.6400000   0.00155598
13.6500000   0.0015541
13.6600000   0.00155233
13.6700000   0.00155046
13.6800000   0.0015486
13.6900000   0.00154674
13.7000000   0.00154489
13.7100000   0.00154305
13.7200000   0.00154121
13.7300000   0.00153937
13.7400000   0.00153754
13.7500000   0.00153572
13.7600000   0.0015339
13.7700000   0.00153199
13.7800000   0.00153018
13.7900000   0.00152838
13.8000000   0.00152658
13.8100000   0.00152468
13.8200000   0.0015229
13.8300000   0.00152111
13.8400000   0.00151924
13.8500000   0.00151747
13.8600000   0.0015156
13.8700000   0.00151384
13.8800000   0.00151198
13.8900000   0.00151023
13.9000000   0.00150838
13.9100000   0.00150664
13.9200000   0.0015048
13.9300000   0.00150297
13.9400000   0.00150125
13.9500000   0.00149942
13.9600000   0.00149761
13.9700000   0.0014958
13.9800000   0.00149409
13.9900000   0.00149229
14.0000000   0.00149049
14.0100000   0.0014887
14.0200000   0.00148691
14.0300000   0.00148513
14.0400000   0.00148336
14.0500000   0.00148158
14.0600000   0.00147982
14.0700000   0.00147805
14.0800000   0.0014763
14.0900000   0.00147454
14.1000000   0.00147279
14.1100000   0.00147105
14.1200000   0.00146931
14.1300000   0.00146758
14.1400000   0.00146575
14.1500000   0.00146403
14.1600000   0.00146231
14.1700000   0.00146059
14.1800000   0.00145878
14.1900000   0.00145708
14.2000000   0.00145537
14.2100000   0.00145358
14.2200000   0.00145189
14.2300000   0.0014501
14.2400000   0.00144842
14.2500000   0.00144664
14.2600000   0.00144497
14.2700000   0.0014432
14.2800000   0.00144153
14.2900000   0.00143977
14.3000000   0.00143812
14.3100000   0.00143637
14.3200000   0.00143462
14.3300000   0.00143298
14.3400000   0.00143124
14.3500000   0.00142951
14.3600000   0.00142788
14.3700000   0.00142616
14.3800000   0.00142444
14.3900000   0.00142273
14.4000000   0.00142112
14.4100000   0.00141941
14.4200000   0.00141771
14.4300000   0.00141601
14.4400000   0.00141432
14.4500000   0.00141263
14.4600000   0.00141094
14.4700000   0.00140926
14.4800000   0.00140759
14.4900000   0.00140592
14.5000000   0.00140425
14.5100000   0.00140259
14.5200000   0.00140093
14.5300000   0.00139928
14.5400000   0.00139763
14.5500000   0.00139598
14.5600000   0.00139434
14.5700000   0.0013927
14.5800000   0.00139107
14.5900000   0.00138934
14.6000000   0.00138771
14.6100000   0.00138609
14.6200000   0.00138448
14.6300000   0.00138276
14.6400000   0.00138116
14.6500000   0.00137955
14.6600000   0.00137785
14.6700000   0.00137626
14.6800000   0.00137466
14.6900000   0.00137298
14.7000000   0.00137139
14.7100000   0.00136981
14.7200000   0.00136814
14.7300000   0.00136656
14.7400000   0.0013649
14.7500000   0.00136333
14.7600000   0.00136167
14.7700000   0.00136012
14.7800000   0.00135847
14.7900000   0.00135692
14.8000000   0.00135527
14.8100000   0.00135373
14.8200000   0.0013521
14.8300000   0.00135047
14.8400000   0.00134894
14.8500000   0.00134731
14.8600000   0.00134569
14.8700000   0.00134418
14.8800000   0.00134256
14.8900000   0.00134096
14.9000000   0.00133945
14.9100000   0.00133785
14.9200000   0.00133625
14.9300000   0.00133466
14.9400000   0.00133307
14.9500000   0.00133158
14.9600000   0.00133
14.9700000   0.00132842
14.9800000   0.00132685
14.9900000   0.00132528
15.0000000   0.00132371
15.0100000   0.00132215
15.0200000   0.00132069
15.0300000   0.00131913
15.0400000   0.00131758
15.0500000   0.00131603
15.0600000   0.00131449
15.0700000   0.00131295
15.0800000   0.00131141
15.0900000   0.00130987
15.1000000   0.00130834
15.1100000   0.00130682
15.1200000   0.00130529
15.1300000   0.00130377
15.1400000   0.00130216
15.1500000   0.00130065
15.1600000   0.00129914
15.1700000   0.00129763
15.1800000   0.00129613
15.1900000   0.00129463
15.2000000   0.00129314
15.2100000   0.00129155
15.2200000   0.00129006
15.2300000   0.00128858
15.2400000   0.0012871
15.2500000   0.00128562
15.2600000   0.00128405
15.2700000   0.00128258
15.2800000   0.00128111
15.2900000   0.00127955
15.3000000   0.00127809
15.3100000   0.00127663
15.3200000   0.00127508
15.3300000   0.00127363
15.3400000   0.00127219
15.3500000   0.00127064
15.3600000   0.00126921
15.3700000   0.00126777
15.3800000   0.00126624
15.3900000   0.00126481
15.4000000   0.00126328
15.4100000   0.00126186
15.4200000   0.00126044
15.4300000   0.00125893
15.4400000   0.00125752
15.4500000   0.00125601
15.4600000   0.0012546
15.4700000   0.0012531
15.4800000   0.0012517
15.4900000   0.00125021
15.5000000   0.00124871
15.5100000   0.00124733
15.5200000   0.00124584
15.5300000   0.00124446
15.5400000   0.00124298
15.5500000   0.0012416
15.5600000   0.00124013
15.5700000   0.00123866
15.5800000   0.00123729
15.5900000   0.00123583
15.6000000   0.00123437
15.6100000   0.00123301
15.6200000   0.00123156
15.6300000   0.00123011
15.6400000   0.00122876
15.6500000   0.00122732
15.6600000   0.00122588
15.6700000   0.00122454
15.6800000   0.00122311
15.6900000   0.00122168
15.7000000   0.00122025
15.7100000   0.00121882
15.7200000   0.0012175
15.7300000   0.00121608
15.7400000   0.00121467
15.7500000   0.00121325
15.7600000   0.00121184
15.7700000   0.00121054
15.7800000   0.00120913
15.7900000   0.00120773
15.8000000   0.00120634
15.8100000   0.00120494
15.8200000   0.00120355
15.8300000   0.00120216
15.8400000   0.00120078
15.8500000   0.00119949
15.8600000   0.00119811
15.8700000   0.00119674
15.8800000   0.00119536
15.8900000   0.00119399
15.9000000   0.00119263
15.9100000   0.00119126
15.9200000   0.0011899
15.9300000   0.00118854
15.9400000   0.00118718
15.9500000   0.00118583
15.9600000   0.00118448
15.9700000   0.00118314
15.9800000   0.00118179
15.9900000   0.00118045
16.0000000   0.00117911
16.0100000   0.00117778
16.0200000   0.00117644
16.0300000   0.00117511
16.0400000   0.00117369
16.0500000   0.00117236
16.0600000   0.00117104
16.0700000   0.00116972
16.0800000   0.00116841
16.0900000   0.0011671
16.1000000   0.00116579
16.1100000   0.00116448
16.1200000   0.00116317
16.1300000   0.00116177
16.1400000   0.00116047
16.1500000   0.00115918
16.1600000   0.00115789
16.1700000   0.00115659
16.1800000   0.00115521
16.1900000   0.00115392
16.2000000   0.00115264
16.2100000   0.00115136
16.2200000   0.00115008
16.2300000   0.00114871
16.2400000   0.00114744
16.2500000   0.00114617
16.2600000   0.00114491
16.2700000   0.00114354
16.2800000   0.00114228
16.2900000   0.00114102
16.3000000   0.00113967
16.3100000   0.00113842
16.3200000   0.00113717
16.3300000   0.00113582
16.3400000   0.00113458
16.3500000   0.00113334
16.3600000   0.001132
16.3700000   0.00113076
16.3800000   0.00112953
16.3900000   0.0011282
16.4000000   0.00112697
16.4100000   0.00112574
16.4200000   0.00112442
16.4300000   0.0011232
16.4400000   0.00112188
16.4500000   0.00112066
16.4600000   0.00111945
16.4700000   0.00111814
16.4800000   0.00111693
16.4900000   0.00111563
16.5000000   0.00111442
16.5100000   0.00111312
16.5200000   0.00111193
16.5300000   0.00111073
16.5400000   0.00110944
16.5500000   0.00110825
16.5600000   0.00110696
16.5700000   0.00110578
16.5800000   0.00110449
16.5900000   0.00110331
16.6000000   0.00110204
16.6100000   0.00110086
16.6200000   0.00109959
16.6300000   0.00109842
16.6400000   0.00109715
16.6500000   0.00109599
16.6600000   0.00109472
16.6700000   0.00109346
16.6800000   0.00109231
16.6900000   0.00109105
16.7000000   0.0010899
16.7100000   0.00108865
16.7200000   0.0010875
16.7300000   0.00108625
16.7400000   0.00108501
16.7500000   0.00108387
16.7600000   0.00108263
16.7700000   0.0010815
16.7800000   0.00108026
16.7900000   0.00107903
16.8000000   0.0010779
16.8100000   0.00107668
16.8200000   0.00107545
16.8300000   0.00107433
16.8400000   0.00107311
16.8500000   0.00107199
16.8600000   0.00107078
16.8700000   0.00106957
16.8800000   0.00106846
16.8900000   0.00106725
16.9000000   0.00106604
16.9100000   0.00106484
16.9200000   0.00106374
16.9300000   0.00106254
16.9400000   0.00106135
16.9500000   0.00106025
16.9600000   0.00105906
16.9700000   0.00105787
16.9800000   0.00105668
16.9900000   0.0010556
17.0000000   0.00105442
17.0100000   0.00105324
17.0200000   0.00105206
17.0300000   0.00105098
17.0400000   0.00104981
17.0500000   0.00104864
17.0600000   0.00104747
17.0700000   0.0010464
17.0800000   0.00104524
17.0900000   0.00104408
17.1000000   0.00104292
17.1100000   0.00104176
17.1200000   0.0010407
17.1300000   0.00103955
17.1400000   0.0010384
17.1500000   0.00103725
17.1600000   0.0010361
17.1700000   0.00103506
17.1800000   0.00103391
17.1900000   0.00103277
17.2000000   0.00103164
17.2100000   0.0010305
17.2200000   0.00102937
17.2300000   0.00102823
17.2400000   0.0010272
17.2500000   0.00102608
17.2600000   0.00102495
17.2700000   0.00102383
17.2800000   0.00102271
17.2900000   0.00102159
17.3000000   0.00102047
17.3100000   0.00101936
17.3200000   0.00101834
17.3300000   0.00101723
17.3400000   0.00101613
17.3500000   0.00101502
17.3600000   0.00101391
17.3700000   0.00101281
17.3800000   0.00101171
17.3900000   0.00101061
17.4000000   0.00100952
17.4100000   0.00100842
17.4200000   0.00100733
17.4300000   0.00100624
17.4400000   0.00100516
17.4500000   0.00100407
17.4600000   0.00100309
17.4700000   0.001002
17.4800000   0.00100092
17.4900000   0.000999847
17.5000000   0.000998771
17.5100000   0.000997698
17.5200000   0.000996626
17.5300000   0.000995556
17.5400000   0.000994489
17.5500000   0.000993423
17.5600000   0.00099236
17.5700000   0.000991298
17.5800000   0.000990238
17.5900000   0.000989181
17.6000000   0.000988125
17.6100000   0.000987071
17.6200000   0.00098602
17.6300000   0.00098497
17.6400000   0.000983822
17.6500000   0.000982776
17.6600000   0.000981732
17.6700000   0.00098069
17.6800000   0.00097965
17.6900000   0.000978612
17.7000000   0.000977576
17.7100000   0.000976542
17.7200000   0.000975509
17.7300000   0.000974479
17.7400000   0.00097345
17.7500000   0.000972424
17.7600000   0.000971399
17.7700000   0.000970376
17.7800000   0.000969355
17.7900000   0.000968236
17.8000000   0.000967219
17.8100000   0.000966204
17.8200000   0.00096519
17.8300000   0.000964179
17.8400000   0.000963169
17.8500000   0.000962162
17.8600000   0.000961156
17.8700000   0.000960152
17.8800000   0.000959049
17.8900000   0.000958049
17.9000000   0.00095705
17.9100000   0.000956054
17.9200000   0.000955059
17.9300000   0.000954066
17.9400000   0.000953075
17.9500000   0.000952085
17.9600000   0.000950998
17.9700000   0.000950012
17.9800000   0.000949028
17.9900000   0.000948046
18.0000000   0.000947066
18.0100000   0.000946087
18.0200000   0.000945011
18.0300000   0.000944036
18.0400000   0.000943062
18.0500000   0.000942091
18.0600000   0.000941122
18.0700000   0.000940054
18.0800000   0.000939088
18.0900000   0.000938123
18.1000000   0.000937161
18.1100000   0.0009362
18.1200000   0.000935141
18.1300000   0.000934184
18.1400000   0.000933229
18.1500000   0.000932275
18.1600000   0.000931323
18.1700000   0.000930273
18.1800000   0.000929324
18.1900000   0.000928377
18.2000000   0.000927432
18.2100000   0.000926389
18.2200000   0.000925447
18.2300000   0.000924507
18.2400000   0.000923569
18.2500000   0.000922633
18.2600000   0.000921598
18.2700000   0.000920665
18.2800000   0.000919733
18.2900000   0.000918804
18.3000000   0.000917775
18.3100000   0.000916849
18.3200000   0.000915924
18.3300000   0.000914901
18.3400000   0.00091398
18.3500000   0.000913061
18.3600000   0.000912143
18.3700000   0.000911126
18.3800000   0.000910212
18.3900000   0.000909299
18.4000000   0.000908387
18.4100000   0.000907378
18.4200000   0.000906469
18.4300000   0.000905563
18.4400000   0.000904558
18.4500000   0.000903655
18.4600000   0.000902754
18.4700000   0.000901754
18.4800000   0.000900855
18.4900000   0.000899959
18.5000000   0.000898964
18.5100000   0.00089807
18.5200000   0.000897178
18.5300000   0.000896288
18.5400000   0.0008953
18.5500000   0.000894413
18.5600000   0.000893527
18.5700000   0.000892543
18.5800000   0.000891661
18.5900000   0.000890781
18.6000000   0.000889801
18.6100000   0.000888924
18.6200000   0.000888048
18.6300000   0.000887074
18.6400000   0.000886201
18.6500000   0.00088523
18.6600000   0.00088436
18.6700000   0.000883492
18.6800000   0.000882525
18.6900000   0.00088166
18.7000000   0.000880797
18.7100000   0.000879835
18.7200000   0.000878975
18.7300000   0.000878116
18.7400000   0.000877159
18.7500000   0.000876303
18.7600000   0.000875349
18.7700000   0.000874496
18.7800000   0.000873645
18.7900000   0.000872695
18.8000000   0.000871847
18.8100000   0.0008709
18.8200000   0.000870055
18.8300000   0.000869212
18.8400000   0.000868269
18.8500000   0.000867429
18.8600000   0.00086649
18.8700000   0.000865652
18.8800000   0.000864816
18.8900000   0.000863881
18.9000000   0.000863048
18.9100000   0.000862116
18.9200000   0.000861286
18.9300000   0.000860457
18.9400000   0.00085953
18.9500000   0.000858704
18.9600000   0.00085778
18.9700000   0.000856957
18.9800000   0.000856036
18.9900000   0.000855216
19.0000000   0.000854397
19.0100000   0.00085348
19.0200000   0.000852665
19.0300000   0.00085175
19.0400000   0.000850938
19.0500000   0.000850026
19.0600000   0.000849216
19.0700000   0.000848408
19.0800000   0.000847501
19.0900000   0.000846695
19.1000000   0.000845791
19.1100000   0.000844989
19.1200000   0.000844087
19.1300000   0.000843287
19.1400000   0.000842389
19.1500000   0.000841592
19.1600000   0.000840696
19.1700000   0.000839902
19.1800000   0.000839009
19.1900000   0.000838217
19.2000000   0.000837327
19.2100000   0.000836539
19.2200000   0.000835751
19.2300000   0.000834865
19.2400000   0.000834081
19.2500000   0.000833198
19.2600000   0.000832416
19.2700000   0.000831535
19.2800000   0.000830756
19.2900000   0.000829879
19.3000000   0.000829102
19.3100000   0.000828227
19.3200000   0.000827454
19.3300000   0.000826581
19.3400000   0.000825811
19.3500000   0.000824941
19.3600000   0.000824173
19.3700000   0.000823306
19.3800000   0.00082254
19.3900000   0.000821676
19.4000000   0.000820913
19.4100000   0.000820052
19.4200000   0.000819292
19.4300000   0.000818433
19.4400000   0.000817675
19.4500000   0.000816819
19.4600000   0.000815964
19.4700000   0.000815211
19.4800000   0.000814358
19.4900000   0.000813607
19.5000000   0.000812758
19.5100000   0.000812009
19.5200000   0.000811162
19.5300000   0.000810417
19.5400000   0.000809572
19.5500000   0.000808829
19.5600000   0.000807987
19.5700000   0.000807247
19.5800000   0.000806408
19.5900000   0.00080567
19.6000000   0.000804833
19.6100000   0.000803997
19.6200000   0.000803263
19.6300000   0.00080243
19.6400000   0.000801699
19.6500000   0.000800869
19.6600000   0.000800139
19.6700000   0.000799312
19.6800000   0.000798585
19.6900000   0.00079776
19.7000000   0.000796936
19.7100000   0.000796213
19.7200000   0.000795392
19.7300000   0.000794671
19.7400000   0.000793852
19.7500000   0.000793135
19.7600000   0.000792318
19.7700000   0.000791503
19.7800000   0.000790789
19.7900000   0.000789976
19.8000000   0.000789264
19.8100000   0.000788454
19.8200000   0.000787745
19.8300000   0.000786937
19.8400000   0.00078613
19.8500000   0.000785425
19.8600000   0.00078462
19.8700000   0.000783917
19.8800000   0.000783116
19.8900000   0.000782315
19.9000000   0.000781616
19.9100000   0.000780817
19.9200000   0.00078012
19.9300000   0.000779325
19.9400000   0.00077853
19.9500000   0.000777836
19.9600000   0.000777044
19.9700000   0.000776353
19.9800000   0.000775563
19.9900000   0.000774775
20.0000000   0.000774087
20.0100000   0.000773301
20.0200000   0.000772616
20.0300000   0.000771832
20.0400000   0.000771049
20.0500000   0.000770368
20.0600000   0.000769587
20.0700000   0.000768908
20.0800000   0.00076813
20.0900000   0.000767353
