0.1000000   875234
0.1100000   875234
0.1200000   875234
0.1300000   875234
0.1400000   875234
0.1500000   875234
0.1600000   875234
0.1700000   875234
0.1800000   875234
0.1900000   875234
0.2000000   875234
0.2100000   875234
0.2200000   875234
0.2300000   875234
0.2400000   875234
0.2500000   875234
0.2600000   875234
0.2700000   875234
0.2800000   875234
0.2900000   875234
0.3000000   875234
0.3100000   875234
0.3200000   875234
0.3300000   875234
0.3400000   875234
0.3500000   875234
0.3600000   875234
0.3700000   875234
0.3800000   875234
0.3900000   875234
0.4000000   875234
0.4100000   875234
0.4200000   875234
0.4300000   875234
0.4400000   875234
0.4500000   875234
0.4600000   875234
0.4700000   875234
0.4800000   875234
0.4900000   875234
0.5000000   875234
0.5100000   875234
0.5200000   875234
0.5300000   875234
0.5400000   875234
0.5500000   875234
0.5600000   875234
0.5700000   875234
0.5800000   875234
0.5900000   875234
0.6000000   875234
0.6100000   875234
0.6200000   875234
0.6300000   875234
0.6400000   875234
0.6500000   875234
0.6600000   875234
0.6700000   875234
0.6800000   875234
0.6900000   875234
0.7000000   875234
0.7100000   875234
0.7200000   875234
0.7300000   875234
0.7400000   875234
0.7500000   875234
0.7600000   875234
0.7700000   875234
0.7800000   875234
0.7900000   875234
0.8000000   875234
0.8100000   875234
0.8200000   875234
0.8300000   875234
0.8400000   875234
0.8500000   875234
0.8600000   875234
0.8700000   875234
0.8800000   875234
0.8900000   875234
0.9000000   875234
0.9100000   875234
0.9200000   875234
0.9300000   875234
0.9400000   875234
0.9500000   875234
0.9600000   875234
0.9700000   875234
0.9800000   875234
0.9900000   875234
1.0000000   875234
1.0100000   875234
1.0200000   875234
1.0300000   875234
1.0400000   875234
1.0500000   875234
1.0600000   875234
1.0700000   875234
1.0800000   875234
1.0900000   875234
1.1000000   875234
1.1100000   875234
1.1200000   875234
1.1300000   875234
1.1400000   875234
1.1500000   875234
1.1600000   875234
1.1700000   875234
1.1800000   875234
1.1900000   875234
1.2000000   875234
1.2100000   875234
1.2200000   875234
1.2300000   875234
1.2400000   875234
1.2500000   875234
1.2600000   875234
1.2700000   875234
1.2800000   875234
1.2900000   875234
1.3000000   875234
1.3100000   875234
1.3200000   875234
1.3300000   875234
1.3400000   875234
1.3500000   875234
1.3600000   875234
1.3700000   875234
1.3800000   875234
1.3900000   875234
1.4000000   875234
1.4100000   875234
1.4200000   875234
1.4300000   875234
1.4400000   875234
1.4500000   875234
1.4600000   875234
1.4700000   875234
1.4800000   875234
1.4900000   875234
1.5000000   875234
1.5100000   875234
1.5200000   875234
1.5300000   875234
1.5400000   875234
1.5500000   875234
1.5600000   875234
1.5700000   875234
1.5800000   875234
1.5900000   875234
1.6000000   875234
1.6100000   875234
1.6200000   875234
1.6300000   875234
1.6400000   875234
1.6500000   875234
1.6600000   875234
1.6700000   875234
1.6800000   875234
1.6900000   875234
1.7000000   875234
1.7100000   875234
1.7200000   875234
1.7300000   875234
1.7400000   875234
1.7500000   875234
1.7600000   875234
1.7700000   875234
1.7800000   875234
1.7900000   875234
1.8000000   875234
1.8100000   875234
1.8200000   875234
1.8300000   875234
1.8400000   875234
1.8500000   875234
1.8600000   875234
1.8700000   875234
1.8800000   875234
1.8900000   875234
1.9000000   875234
1.9100000   875234
1.9200000   875234
1.9300000   875234
1.9400000   875234
1.9500000   875234
1.9600000   875234
1.9700000   875234
1.9800000   875234
1.9900000   875234
2.0000000   875234
2.0100000   875234
2.0200000   875234
2.0300000   875234
2.0400000   875234
2.0500000   875234
2.0600000   875234
2.0700000   875234
2.0800000   875234
2.0900000   875234
2.1000000   875234
2.1100000   875234
2.1200000   875234
2.1300000   875234
2.1400000   875234
2.1500000   875234
2.1600000   875234
2.1700000   875234
2.1800000   875234
2.1900000   875234
2.2000000   875234
2.2100000   875234
2.2200000   875234
2.2300000   875234
2.2400000   875234
2.2500000   875234
2.2600000   875234
2.2700000   875234
2.2800000   875234
2.2900000   875234
2.3000000   875234
2.3100000   875234
2.3200000   875234
2.3300000   875234
2.3400000   875234
2.3500000   875234
2.3600000   875234
2.3700000   875234
2.3800000   875234
2.3900000   875234
2.4000000   875234
2.4100000   875234
2.4200000   875234
2.4300000   875234
2.4400000   875234
2.4500000   875234
2.4600000   875234
2.4700000   875234
2.4800000   875234
2.4900000   875234
2.5000000   875234
2.5100000   834190
2.5200000   795220
2.5300000   758211
2.5400000   723059
2.5500000   689663
2.5600000   657929
2.5700000   627768
2.5800000   599097
2.5900000   571837
2.6000000   545913
2.6100000   521256
2.6200000   497799
2.6300000   475478
2.6400000   454236
2.6500000   434017
2.6600000   414767
2.6700000   396436
2.6800000   378979
2.6900000   362349
2.7000000   346505
2.7100000   331408
2.7200000   317019
2.7300000   303303
2.7400000   290226
2.7500000   277756
2.7600000   265863
2.7700000   254519
2.7800000   243696
2.7900000   233368
2.8000000   223512
2.8100000   214104
2.8200000   205122
2.8300000   196546
2.8400000   188355
2.8500000   180533
2.8600000   173060
2.8700000   165919
2.8800000   159096
2.8900000   152575
2.9000000   146342
2.9100000   140382
2.9200000   134684
2.9300000   129235
2.9400000   124023
2.9500000   119037
2.9600000   114266
2.9700000   109701
2.9800000   105333
2.9900000   101151
3.0000000   97148.4
3.0100000   93315.8
3.0200000   89645.7
3.0300000   86130.9
3.0400000   82764.3
3.0500000   79539.1
3.0600000   76449
3.0700000   73488
3.0800000   70650.2
3.0900000   67930.2
3.1000000   65322.7
3.1100000   62822.8
3.1200000   60425.7
3.1300000   58126.8
3.1400000   55921.9
3.1500000   53806.8
3.1600000   51777.7
3.1700000   49830.7
3.1800000   47962.4
3.1900000   46169.2
3.2000000   44448
3.2100000   42795.8
3.2200000   41209.4
3.2300000   39686.1
3.2400000   38223.3
3.2500000   36818.3
3.2600000   35468.8
3.2700000   34172.3
3.2800000   32926.6
3.2900000   31729.6
3.3000000   30579.3
3.3100000   29473.7
3.3200000   28411
3.3300000   27389.3
3.3400000   26407
3.3500000   25462.5
3.3600000   24554.1
3.3700000   23680.5
3.3800000   22840.2
3.3900000   22031.8
3.4000000   21254
3.4100000   20505.7
3.4200000   19785.5
3.4300000   19092.5
3.4400000   18425.4
3.4500000   17783.2
3.4600000   17165
3.4700000   16569.8
3.4800000   15996.6
3.4900000   15444.7
3.5000000   14913.1
3.5100000   14401.1
3.5200000   13907.8
3.5300000   13432.6
3.5400000   12974.8
3.5500000   12533.6
3.5600000   12108.4
3.5700000   11698.7
3.5800000   11303.7
3.5900000   10923
3.6000000   10555.9
3.6100000   10202
3.6200000   9860.8
3.6300000   9531.74
3.6400000   9214.38
3.6500000   8908.28
3.6600000   8613.02
3.6700000   8328.19
3.6800000   8053.38
3.6900000   7788.24
3.7000000   7532.38
3.7100000   7285.47
3.7200000   7047.18
3.7300000   6817.17
3.7400000   6595.15
3.7500000   6380.81
3.7600000   6173.88
3.7700000   5974.08
3.7800000   5781.15
3.7900000   5594.84
3.8000000   5414.9
3.8100000   5241.1
3.8200000   5073.22
3.8300000   4911.05
3.8400000   4754.37
3.8500000   4602.99
3.8600000   4456.72
3.8700000   4315.37
3.8800000   4178.77
3.8900000   4046.75
3.9000000   3919.14
3.9100000   3795.79
3.9200000   3676.55
3.9300000   3561.27
3.9400000   3449.8
3.9500000   3342.02
3.9600000   3237.8
3.9700000   3137.01
3.9800000   3039.53
3.9900000   2945.25
4.0000000   2854.05
4.0100000   2765.82
4.0200000   2680.47
4.0300000   2597.89
4.0400000   2517.99
4.0500000   2440.68
4.0600000   2365.86
4.0700000   2293.45
4.0800000   2223.38
4.0900000   2155.55
4.1000000   2089.89
4.1100000   2026.33
4.1200000   1964.8
4.1300000   1905.23
4.1400000   1847.55
4.1500000   1791.7
4.1600000   1737.62
4.1700000   1685.24
4.1800000   1634.52
4.1900000   1585.39
4.2000000   1537.8
4.2100000   1491.71
4.2200000   1447.06
4.2300000   1403.8
4.2400000   1361.88
4.2500000   1321.27
4.2600000   1281.93
4.2700000   1243.8
4.2800000   1206.85
4.2900000   1171.04
4.3000000   1136.33
4.3100000   1102.69
4.3200000   1070.08
4.3300000   1038.48
4.3400000   1007.83
4.3500000   978.129
4.3600000   949.33
4.3700000   921.406
4.3800000   894.331
4.3900000   868.076
4.4000000   842.616
4.4100000   817.926
4.4200000   793.98
4.4300000   770.755
4.4400000   748.229
4.4500000   726.379
4.4600000   705.183
4.4700000   684.622
4.4800000   664.675
4.4900000   645.322
4.5000000   626.546
4.5100000   608.328
4.5200000   590.651
4.5300000   573.497
4.5400000   556.851
4.5500000   540.697
4.5600000   525.019
4.5700000   509.803
4.5800000   495.035
4.5900000   480.7
4.6000000   466.786
4.6100000   453.279
4.6200000   440.167
4.6300000   427.437
4.6400000   415.079
4.6500000   403.081
4.6600000   391.432
4.6700000   380.12
4.6800000   369.137
4.6900000   358.472
4.7000000   348.116
4.7100000   338.058
4.7200000   328.291
4.7300000   318.805
4.7400000   309.591
4.7500000   300.643
4.7600000   291.952
4.7700000   283.509
4.7800000   275.309
4.7900000   267.342
4.8000000   259.604
4.8100000   252.086
4.8200000   244.783
4.8300000   237.687
4.8400000   230.793
4.8500000   224.095
4.8600000   217.587
4.8700000   211.264
4.8800000   205.119
4.8900000   199.149
4.9000000   193.347
4.9100000   187.709
4.9200000   182.23
4.9300000   176.905
4.9400000   171.73
4.9500000   166.701
4.9600000   161.813
4.9700000   157.062
4.9800000   152.445
4.9900000   147.957
5.0000000   143.595
5.0100000   139.354
5.0200000   135.233
5.0300000   131.226
5.0400000   127.332
5.0500000   123.546
5.0600000   119.865
5.0700000   116.288
5.0800000   112.809
5.0900000   109.428
5.1000000   106.141
5.1100000   102.945
5.1200000   99.8376
5.1300000   96.8167
5.1400000   93.8796
5.1500000   91.024
5.1600000   88.2476
5.1700000   85.5481
5.1800000   82.9234
5.1900000   80.3714
5.2000000   77.89
5.2100000   75.4773
5.2200000   73.1314
5.2300000   70.8503
5.2400000   68.6322
5.2500000   66.4755
5.2600000   64.3784
5.2700000   62.3393
5.2800000   60.3564
5.2900000   58.4284
5.3000000   56.5536
5.3100000   54.7306
5.3200000   52.9579
5.3300000   51.2342
5.3400000   49.5581
5.3500000   47.9283
5.3600000   46.3435
5.3700000   44.8025
5.3800000   43.304
5.3900000   41.847
5.4000000   40.4303
5.4100000   39.0527
5.4200000   37.7133
5.4300000   36.4109
5.4400000   35.1445
5.4500000   33.9132
5.4600000   32.716
5.4700000   31.552
5.4800000   30.4203
5.4900000   29.3199
5.5000000   28.2501
5.5100000   27.2101
5.5200000   26.1989
5.5300000   25.2159
5.5400000   24.2602
5.5500000   23.3311
5.5600000   22.428
5.5700000   21.5501
5.5800000   20.6967
5.5900000   19.8671
5.6000000   19.0608
5.6100000   18.2771
5.6200000   17.5153
5.6300000   16.775
5.6400000   16.0555
5.6500000   15.3562
5.6600000   14.6767
5.6700000   14.0163
5.6800000   13.3746
5.6900000   12.7511
5.7000000   12.1453
5.7100000   11.5567
5.7200000   10.9849
5.7300000   10.4293
5.7400000   9.8896
5.7500000   9.3654
5.7600000   8.8562
5.7700000   8.3617
5.7800000   7.8813
5.7900000   7.4149
5.8000000   6.9619
5.8100000   6.5221
5.8200000   6.095
5.8300000   5.6804
5.8400000   5.2779
5.8500000   4.8872
5.8600000   4.508
5.8700000   4.1399
5.8800000   3.7827
5.8900000   3.4361
5.9000000   3.0998
5.9100000   2.7735
5.9200000   2.4569
5.9300000   2.1499
5.9400000   1.8521
5.9500000   1.5634
5.9600000   1.2834
5.9700000   1.0119
5.9800000   0.7487
5.9900000   0.4936
6.0000000   0.2464
6.0100000   0.0068
6.0200000   -0.2253
6.0300000   -0.4502
6.0400000   -0.668
6.0500000   -0.8789
6.0600000   -1.0832
6.0700000   -1.2809
6.0800000   -1.4723
6.0900000   -1.6575
6.1000000   -1.8367
6.1100000   -2.01
6.1200000   -2.1777
6.1300000   -2.3398
6.1400000   -2.4966
6.1500000   -2.6481
6.1600000   -2.7945
6.1700000   -2.9359
6.1800000   -3.0725
6.1900000   -3.2044
6.2000000   -3.3317
6.2100000   -3.4545
6.2200000   -3.573
6.2300000   -3.6873
6.2400000   -3.7975
6.2500000   -3.9037
6.2600000   -4.006
6.2700000   -4.1045
6.2800000   -4.1993
6.2900000   -4.2906
6.3000000   -4.3784
6.3100000   -4.4627
6.3200000   -4.5438
6.3300000   -4.6217
6.3400000   -4.6964
6.3500000   -4.7682
6.3600000   -4.8369
6.3700000   -4.9028
6.3800000   -4.9659
6.3900000   -5.0263
6.4000000   -5.084
6.4100000   -5.1392
6.4200000   -5.1919
6.4300000   -5.2421
6.4400000   -5.29
6.4500000   -5.3356
6.4600000   -5.3789
6.4700000   -5.4201
6.4800000   -5.4592
6.4900000   -5.4962
6.5000000   -5.5312
6.5100000   -5.5643
6.5200000   -5.5955
6.5300000   -5.6249
6.5400000   -5.6525
6.5500000   -5.6783
6.5600000   -5.7025
6.5700000   -5.7251
6.5800000   -5.746
6.5900000   -5.7655
6.6000000   -5.7834
6.6100000   -5.7999
6.6200000   -5.815
6.6300000   -5.8287
6.6400000   -5.8411
6.6500000   -5.8521
6.6600000   -5.862
6.6700000   -5.8706
6.6800000   -5.8781
6.6900000   -5.8844
6.7000000   -5.8895
6.7100000   -5.8937
6.7200000   -5.8967
6.7300000   -5.8988
6.7400000   -5.8999
6.7500000   -5.9
6.7600000   -5.8992
6.7700000   -5.8975
6.7800000   -5.8949
6.7900000   -5.8915
6.8000000   -5.8873
6.8100000   -5.8823
6.8200000   -5.8766
6.8300000   -5.8701
6.8400000   -5.8628
6.8500000   -5.8549
6.8600000   -5.8464
6.8700000   -5.8371
6.8800000   -5.8273
6.8900000   -5.8168
6.9000000   -5.8058
6.9100000   -5.7942
6.9200000   -5.782
6.9300000   -5.7693
6.9400000   -5.7561
6.9500000   -5.7424
6.9600000   -5.7283
6.9700000   -5.7136
6.9800000   -5.6986
6.9900000   -5.6831
7.0000000   -5.6672
7.0100000   -5.6509
7.0200000   -5.6342
7.0300000   -5.6172
7.0400000   -5.5998
7.0500000   -5.582
7.0600000   -5.564
7.0700000   -5.5456
7.0800000   -5.5269
7.0900000   -5.508
7.1000000   -5.4887
7.1100000   -5.4692
7.1200000   -5.4494
7.1300000   -5.4294
7.1400000   -5.4092
7.1500000   -5.3887
7.1600000   -5.3681
7.1700000   -5.3472
7.1800000   -5.3261
7.1900000   -5.3049
7.2000000   -5.2834
7.2100000   -5.2618
7.2200000   -5.2401
7.2300000   -5.2182
7.2400000   -5.1961
7.2500000   -5.174
7.2600000   -5.1517
7.2700000   -5.1292
7.2800000   -5.1067
7.2900000   -5.0841
7.3000000   -5.0613
7.3100000   -5.0385
7.3200000   -5.0156
7.3300000   -4.9926
7.3400000   -4.9696
7.3500000   -4.9464
7.3600000   -4.9232
7.3700000   -4.9
7.3800000   -4.8767
7.3900000   -4.8534
7.4000000   -4.83
7.4100000   -4.8066
7.4200000   -4.7831
7.4300000   -4.7597
7.4400000   -4.7362
7.4500000   -4.7127
7.4600000   -4.6892
7.4700000   -4.6657
7.4800000   -4.6421
7.4900000   -4.6186
7.5000000   -4.5951
7.5100000   -4.5716
7.5200000   -4.5481
7.5300000   -4.5246
7.5400000   -4.5011
7.5500000   -4.4777
7.5600000   -4.4543
7.5700000   -4.4309
7.5800000   -4.4075
7.5900000   -4.3842
7.6000000   -4.3609
7.6100000   -4.3376
7.6200000   -4.3144
7.6300000   -4.2912
7.6400000   -4.2681
7.6500000   -4.245
7.6600000   -4.222
7.6700000   -4.199
7.6800000   -4.1761
7.6900000   -4.1532
7.7000000   -4.1304
7.7100000   -4.1076
7.7200000   -4.085
7.7300000   -4.0623
7.7400000   -4.0398
7.7500000   -4.0173
7.7600000   -3.9949
7.7700000   -3.9725
7.7800000   -3.9502
7.7900000   -3.928
7.8000000   -3.9059
7.8100000   -3.8839
7.8200000   -3.8619
7.8300000   -3.84
7.8400000   -3.8182
7.8500000   -3.7964
7.8600000   -3.7748
7.8700000   -3.7532
7.8800000   -3.7317
7.8900000   -3.7103
7.9000000   -3.689
7.9100000   -3.6677
7.9200000   -3.6466
7.9300000   -3.6255
7.9400000   -3.6046
7.9500000   -3.5837
7.9600000   -3.5629
7.9700000   -3.5422
7.9800000   -3.5216
7.9900000   -3.5011
8.0000000   -3.4806
8.0100000   -3.4603
8.0200000   -3.4401
8.0300000   -3.4199
8.0400000   -3.3999
8.0500000   -3.3799
8.0600000   -3.36
8.0700000   -3.3403
8.0800000   -3.3206
8.0900000   -3.301
8.1000000   -3.2815
8.1100000   -3.2621
8.1200000   -3.2428
8.1300000   -3.2236
8.1400000   -3.2045
8.1500000   -3.1855
8.1600000   -3.1666
8.1700000   -3.1478
8.1800000   -3.1291
8.1900000   -3.1105
8.2000000   -3.092
8.2100000   -3.0735
8.2200000   -3.0552
8.2300000   -3.037
8.2400000   -3.0188
8.2500000   -3.0008
8.2600000   -2.9829
8.2700000   -2.965
8.2800000   -2.9473
8.2900000   -2.9296
8.3000000   -2.9121
8.3100000   -2.8946
8.3200000   -2.8773
8.3300000   -2.86
8.3400000   -2.8428
8.3500000   -2.8257
8.3600000   -2.8088
8.3700000   -2.7919
8.3800000   -2.7751
8.3900000   -2.7584
8.4000000   -2.7418
8.4100000   -2.7253
8.4200000   -2.7089
8.4300000   -2.6926
8.4400000   -2.6764
8.4500000   -2.6602
8.4600000   -2.6442
8.4700000   -2.6283
8.4800000   -2.6124
8.4900000   -2.5967
8.5000000   -2.581
8.5100000   -2.5654
8.5200000   -2.55
8.5300000   -2.5346
8.5400000   -2.5193
8.5500000   -2.5041
8.5600000   -2.489
8.5700000   -2.4739
8.5800000   -2.459
8.5900000   -2.4441
8.6000000   -2.4294
8.6100000   -2.4147
8.6200000   -2.4001
8.6300000   -2.3856
8.6400000   -2.3712
8.6500000   -2.3569
8.6600000   -2.3427
8.6700000   -2.3285
8.6800000   -2.3145
8.6900000   -2.3005
8.7000000   -2.2866
8.7100000   -2.2728
8.7200000   -2.2591
8.7300000   -2.2455
8.7400000   -2.2319
8.7500000   -2.2184
8.7600000   -2.2051
8.7700000   -2.1917
8.7800000   -2.1785
8.7900000   -2.1654
8.8000000   -2.1523
8.8100000   -2.1394
8.8200000   -2.1265
8.8300000   -2.1136
8.8400000   -2.1009
8.8500000   -2.0882
8.8600000   -2.0757
8.8700000   -2.0632
8.8800000   -2.0507
8.8900000   -2.0384
8.9000000   -2.0261
8.9100000   -2.0139
8.9200000   -2.0018
8.9300000   -1.9898
8.9400000   -1.9778
8.9500000   -1.9659
8.9600000   -1.9541
8.9700000   -1.9424
8.9800000   -1.9307
8.9900000   -1.9191
9.0000000   -1.9076
9.0100000   -1.8962
9.0200000   -1.8848
9.0300000   -1.8735
9.0400000   -1.8623
9.0500000   -1.8511
9.0600000   -1.84
9.0700000   -1.829
9.0800000   -1.8181
9.0900000   -1.8072
9.1000000   -1.7964
9.1100000   -1.7857
9.1200000   -1.775
9.1300000   -1.7644
9.1400000   -1.7539
9.1500000   -1.743
9.1600000   -1.7305
9.1700000   -1.7181
9.1800000   -1.7058
9.1900000   -1.6936
9.2000000   -1.6815
9.2100000   -1.6696
9.2200000   -1.6577
9.2300000   -1.6459
9.2400000   -1.6342
9.2500000   -1.6226
9.2600000   -1.6111
9.2700000   -1.5998
9.2800000   -1.5885
9.2900000   -1.5773
9.3000000   -1.5661
9.3100000   -1.5551
9.3200000   -1.5442
9.3300000   -1.5334
9.3400000   -1.5226
9.3500000   -1.512
9.3600000   -1.5014
9.3700000   -1.4909
9.3800000   -1.4805
9.3900000   -1.4702
9.4000000   -1.46
9.4100000   -1.4498
9.4200000   -1.4398
9.4300000   -1.4298
9.4400000   -1.4199
9.4500000   -1.4101
9.4600000   -1.4004
9.4700000   -1.3907
9.4800000   -1.3811
9.4900000   -1.3716
9.5000000   -1.3622
9.5100000   -1.3529
9.5200000   -1.3436
9.5300000   -1.3344
9.5400000   -1.3253
9.5500000   -1.3162
9.5600000   -1.3073
9.5700000   -1.2984
9.5800000   -1.2895
9.5900000   -1.2808
9.6000000   -1.2721
9.6100000   -1.2635
9.6200000   -1.2549
9.6300000   -1.2464
9.6400000   -1.238
9.6500000   -1.2297
9.6600000   -1.2214
9.6700000   -1.2132
9.6800000   -1.205
9.6900000   -1.1969
9.7000000   -1.1889
9.7100000   -1.181
9.7200000   -1.1731
9.7300000   -1.1652
9.7400000   -1.1575
9.7500000   -1.1497
9.7600000   -1.1421
9.7700000   -1.1345
9.7800000   -1.127
9.7900000   -1.1195
9.8000000   -1.1121
9.8100000   -1.1047
9.8200000   -1.0974
9.8300000   -1.0902
9.8400000   -1.083
9.8500000   -1.0759
9.8600000   -1.0688
9.8700000   -1.0618
9.8800000   -1.0548
9.8900000   -1.0479
9.9000000   -1.041
9.9100000   -1.0342
9.9200000   -1.0275
9.9300000   -1.0208
9.9400000   -1.0141
9.9500000   -1.0075
9.9600000   -1.001
9.9700000   -0.9945
9.9800000   -0.988
9.9900000   -0.9816
10.0000000   -0.9753
10.0100000   -0.969
10.0200000   -0.9627
10.0300000   -0.9565
10.0400000   -0.9504
10.0500000   -0.9443
10.0600000   -0.9382
10.0700000   -0.9322
10.0800000   -0.9262
10.0900000   -0.9203
10.1000000   -0.9144
10.1100000   -0.9085
10.1200000   -0.9028
10.1300000   -0.897
10.1400000   -0.8913
10.1500000   -0.8856
10.1600000   -0.88
10.1700000   -0.8744
10.1800000   -0.8689
10.1900000   -0.8634
10.2000000   -0.8579
10.2100000   -0.8525
10.2200000   -0.8471
10.2300000   -0.8418
10.2400000   -0.8365
10.2500000   -0.8312
10.2600000   -0.826
10.2700000   -0.8208
10.2800000   -0.8157
10.2900000   -0.8106
10.3000000   -0.8055
10.3100000   -0.8005
10.3200000   -0.7955
10.3300000   -0.7905
10.3400000   -0.7856
10.3500000   -0.7807
10.3600000   -0.7759
10.3700000   -0.7711
10.3800000   -0.7663
10.3900000   -0.7616
10.4000000   -0.7568
10.4100000   -0.7522
10.4200000   -0.7475
10.4300000   -0.7429
10.4400000   -0.7384
10.4500000   -0.7338
10.4600000   -0.7293
10.4700000   -0.7248
10.4800000   -0.7204
10.4900000   -0.716
10.5000000   -0.7116
10.5100000   -0.7073
10.5200000   -0.7029
10.5300000   -0.6987
10.5400000   -0.6944
10.5500000   -0.6902
10.5600000   -0.686
10.5700000   -0.6818
10.5800000   -0.6777
10.5900000   -0.6736
10.6000000   -0.6695
10.6100000   -0.6655
10.6200000   -0.6615
10.6300000   -0.6575
10.6400000   -0.6535
10.6500000   -0.6496
10.6600000   -0.6457
10.6700000   -0.6418
10.6800000   -0.638
10.6900000   -0.6341
10.7000000   -0.6303
10.7100000   -0.6266
10.7200000   -0.6228
10.7300000   -0.6191
10.7400000   -0.6154
10.7500000   -0.6118
10.7600000   -0.6081
10.7700000   -0.6045
10.7800000   -0.6009
10.7900000   -0.5974
10.8000000   -0.5938
10.8100000   -0.5903
10.8200000   -0.5868
10.8300000   -0.5834
10.8400000   -0.5799
10.8500000   -0.5765
10.8600000   -0.5731
10.8700000   -0.5697
10.8800000   -0.5664
10.8900000   -0.5631
10.9000000   -0.5598
10.9100000   -0.5565
10.9200000   -0.5532
10.9300000   -0.55
10.9400000   -0.5468
10.9500000   -0.5436
10.9600000   -0.5405
10.9700000   -0.5373
10.9800000   -0.5342
10.9900000   -0.5311
11.0000000   -0.528
11.0100000   -0.525
11.0200000   -0.5219
11.0300000   -0.5189
11.0400000   -0.5159
11.0500000   -0.5129
11.0600000   -0.51
11.0700000   -0.507
11.0800000   -0.5041
11.0900000   -0.5012
11.1000000   -0.4983
11.1100000   -0.4955
11.1200000   -0.4926
11.1300000   -0.4898
11.1400000   -0.487
11.1500000   -0.4842
11.1600000   -0.4815
11.1700000   -0.4787
11.1800000   -0.476
11.1900000   -0.4733
11.2000000   -0.4706
11.2100000   -0.4679
11.2200000   -0.4653
11.2300000   -0.4627
11.2400000   -0.46
11.2500000   -0.4574
11.2600000   -0.4549
11.2700000   -0.4523
11.2800000   -0.4497
11.2900000   -0.4472
11.3000000   -0.4447
11.3100000   -0.4422
11.3200000   -0.4397
11.3300000   -0.4372
11.3400000   -0.4348
11.3500000   -0.4324
11.3600000   -0.4299
11.3700000   -0.4275
11.3800000   -0.4252
11.3900000   -0.4228
11.4000000   -0.4204
11.4100000   -0.4181
11.4200000   -0.4158
11.4300000   -0.4135
11.4400000   -0.4112
11.4500000   -0.4089
11.4600000   -0.4066
11.4700000   -0.4044
11.4800000   -0.4021
11.4900000   -0.3999
11.5000000   -0.3977
11.5100000   -0.3955
11.5200000   -0.3933
11.5300000   -0.3912
11.5400000   -0.389
11.5500000   -0.3869
11.5600000   -0.3848
11.5700000   -0.3827
11.5800000   -0.3806
11.5900000   -0.3785
11.6000000   -0.3764
11.6100000   -0.3744
11.6200000   -0.3723
11.6300000   -0.3703
11.6400000   -0.3683
11.6500000   -0.3663
11.6600000   -0.3643
11.6700000   -0.3623
11.6800000   -0.3604
11.6900000   -0.3584
11.7000000   -0.3565
11.7100000   -0.3545
11.7200000   -0.3526
11.7300000   -0.3507
11.7400000   -0.3488
11.7500000   -0.347
11.7600000   -0.3451
11.7700000   -0.3432
11.7800000   -0.3414
11.7900000   -0.3396
11.8000000   -0.3377
11.8100000   -0.3359
11.8200000   -0.3341
11.8300000   -0.3323
11.8400000   -0.3306
11.8500000   -0.3288
11.8600000   -0.3271
11.8700000   -0.3253
11.8800000   -0.3236
11.8900000   -0.3219
11.9000000   -0.3202
11.9100000   -0.3185
11.9200000   -0.3168
11.9300000   -0.3151
11.9400000   -0.3134
11.9500000   -0.3118
11.9600000   -0.3101
11.9700000   -0.3085
11.9800000   -0.3069
11.9900000   -0.3053
12.0000000   -0.3036
12.0100000   -0.3021
12.0200000   -0.3005
12.0300000   -0.2989
12.0400000   -0.2973
12.0500000   -0.2958
12.0600000   -0.2942
12.0700000   -0.2927
12.0800000   -0.2912
12.0900000   -0.2896
12.1000000   -0.2881
12.1100000   -0.2866
12.1200000   -0.2851
12.1300000   -0.2837
12.1400000   -0.2822
12.1500000   -0.2807
12.1600000   -0.2793
12.1700000   -0.2778
12.1800000   -0.2764
12.1900000   -0.275
12.2000000   -0.2735
12.2100000   -0.2721
12.2200000   -0.2707
12.2300000   -0.2693
12.2400000   -0.2679
12.2500000   -0.2666
12.2600000   -0.2652
12.2700000   -0.2638
12.2800000   -0.2625
12.2900000   -0.2611
12.3000000   -0.2598
12.3100000   -0.2585
12.3200000   -0.2571
12.3300000   -0.2558
12.3400000   -0.2545
12.3500000   -0.2532
12.3600000   -0.2519
12.3700000   -0.2507
12.3800000   -0.2494
12.3900000   -0.2481
12.4000000   -0.2469
12.4100000   -0.2456
12.4200000   -0.2444
12.4300000   -0.2431
12.4400000   -0.2419
12.4500000   -0.2407
12.4600000   -0.2395
12.4700000   -0.2383
12.4800000   -0.2371
12.4900000   -0.2359
12.5000000   -0.2347
12.5100000   -0.2335
12.5200000   -0.2323
12.5300000   -0.2312
12.5400000   -0.23
12.5500000   -0.2289
12.5600000   -0.2277
12.5700000   -0.2266
12.5800000   -0.2254
12.5900000   -0.2243
12.6000000   -0.2232
12.6100000   -0.2221
12.6200000   -0.221
12.6300000   -0.2199
12.6400000   -0.2188
12.6500000   -0.2177
12.6600000   -0.2166
12.6700000   -0.2156
12.6800000   -0.2145
12.6900000   -0.2134
12.7000000   -0.2124
12.7100000   -0.2113
12.7200000   -0.2103
12.7300000   -0.2093
12.7400000   -0.2082
12.7500000   -0.2072
12.7600000   -0.2062
12.7700000   -0.2052
12.7800000   -0.2042
12.7900000   -0.2032
12.8000000   -0.2022
12.8100000   -0.2012
12.8200000   -0.2002
12.8300000   -0.1992
12.8400000   -0.1982
12.8500000   -0.1973
12.8600000   -0.1963
12.8700000   -0.1954
12.8800000   -0.1944
12.8900000   -0.1935
12.9000000   -0.1925
12.9100000   -0.1916
12.9200000   -0.1907
12.9300000   -0.1897
12.9400000   -0.1888
12.9500000   -0.1879
12.9600000   -0.187
12.9700000   -0.1861
12.9800000   -0.1852
12.9900000   -0.1843
13.0000000   -0.1834
13.0100000   -0.1825
13.0200000   -0.1817
13.0300000   -0.1808
13.0400000   -0.1799
13.0500000   -0.1791
13.0600000   -0.1782
13.0700000   -0.1773
13.0800000   -0.1765
13.0900000   -0.1757
13.1000000   -0.1748
13.1100000   -0.174
13.1200000   -0.1731
13.1300000   -0.1723
13.1400000   -0.1715
13.1500000   -0.1707
13.1600000   -0.1699
13.1700000   -0.1691
13.1800000   -0.1683
13.1900000   -0.1675
13.2000000   -0.1667
13.2100000   -0.1659
13.2200000   -0.1651
13.2300000   -0.1643
13.2400000   -0.1635
13.2500000   -0.1628
13.2600000   -0.162
13.2700000   -0.1612
13.2800000   -0.1605
13.2900000   -0.1597
13.3000000   -0.159
13.3100000   -0.1582
13.3200000   -0.1575
13.3300000   -0.1568
13.3400000   -0.156
13.3500000   -0.1553
13.3600000   -0.1546
13.3700000   -0.1538
13.3800000   -0.1531
13.3900000   -0.1524
13.4000000   -0.1517
13.4100000   -0.151
13.4200000   -0.1503
13.4300000   -0.1496
13.4400000   -0.1489
13.4500000   -0.1482
13.4600000   -0.1475
13.4700000   -0.1468
13.4800000   -0.1462
13.4900000   -0.1455
13.5000000   -0.1448
13.5100000   -0.1441
13.5200000   -0.1435
13.5300000   -0.1428
13.5400000   -0.1422
13.5500000   -0.1415
13.5600000   -0.1409
13.5700000   -0.1402
13.5800000   -0.1396
13.5900000   -0.1389
13.6000000   -0.1383
13.6100000   -0.1377
13.6200000   -0.137
13.6300000   -0.1364
13.6400000   -0.1358
13.6500000   -0.1352
13.6600000   -0.1345
13.6700000   -0.1339
13.6800000   -0.1333
13.6900000   -0.1327
13.7000000   -0.1321
13.7100000   -0.1315
13.7200000   -0.1309
13.7300000   -0.1303
13.7400000   -0.1297
13.7500000   -0.1291
13.7600000   -0.1285
13.7700000   -0.128
13.7800000   -0.1274
13.7900000   -0.1268
13.8000000   -0.1262
13.8100000   -0.1257
13.8200000   -0.1251
13.8300000   -0.1245
13.8400000   -0.124
13.8500000   -0.1234
13.8600000   -0.1229
13.8700000   -0.1223
13.8800000   -0.1218
13.8900000   -0.1212
13.9000000   -0.1207
13.9100000   -0.1201
13.9200000   -0.1196
13.9300000   -0.1191
13.9400000   -0.1185
13.9500000   -0.118
13.9600000   -0.1175
13.9700000   -0.117
13.9800000   -0.1164
13.9900000   -0.1159
14.0000000   -0.1154
14.0100000   -0.1149
14.0200000   -0.1144
14.0300000   -0.1139
14.0400000   -0.1134
14.0500000   -0.1129
14.0600000   -0.1124
14.0700000   -0.1119
14.0800000   -0.1114
14.0900000   -0.1109
14.1000000   -0.1104
14.1100000   -0.1099
14.1200000   -0.1094
14.1300000   -0.1089
14.1400000   -0.1085
14.1500000   -0.108
14.1600000   -0.1075
14.1700000   -0.107
14.1800000   -0.1066
14.1900000   -0.1061
14.2000000   -0.1056
14.2100000   -0.1052
14.2200000   -0.1047
14.2300000   -0.1043
14.2400000   -0.1038
14.2500000   -0.1034
14.2600000   -0.1029
14.2700000   -0.1025
14.2800000   -0.102
14.2900000   -0.1016
14.3000000   -0.1011
14.3100000   -0.1007
14.3200000   -0.1003
14.3300000   -0.0998
14.3400000   -0.0994
14.3500000   -0.099
14.3600000   -0.0985
14.3700000   -0.0981
14.3800000   -0.0977
14.3900000   -0.0973
14.4000000   -0.0968
14.4100000   -0.0964
14.4200000   -0.096
14.4300000   -0.0956
14.4400000   -0.0952
14.4500000   -0.0948
14.4600000   -0.0944
14.4700000   -0.094
14.4800000   -0.0936
14.4900000   -0.0932
14.5000000   -0.0928
14.5100000   -0.0924
14.5200000   -0.092
14.5300000   -0.0916
14.5400000   -0.0912
14.5500000   -0.0908
14.5600000   -0.0904
14.5700000   -0.09
14.5800000   -0.0896
14.5900000   -0.0893
14.6000000   -0.0889
14.6100000   -0.0885
14.6200000   -0.0881
14.6300000   -0.0878
14.6400000   -0.0874
14.6500000   -0.087
14.6600000   -0.0867
14.6700000   -0.0863
14.6800000   -0.0859
14.6900000   -0.0856
14.7000000   -0.0852
14.7100000   -0.0848
14.7200000   -0.0845
14.7300000   -0.0841
14.7400000   -0.0838
14.7500000   -0.0834
14.7600000   -0.0831
14.7700000   -0.0827
14.7800000   -0.0824
14.7900000   -0.082
14.8000000   -0.0817
14.8100000   -0.0813
14.8200000   -0.081
14.8300000   -0.0807
14.8400000   -0.0803
14.8500000   -0.08
14.8600000   -0.0797
14.8700000   -0.0793
14.8800000   -0.079
14.8900000   -0.0787
14.9000000   -0.0783
14.9100000   -0.078
14.9200000   -0.0777
14.9300000   -0.0774
14.9400000   -0.0771
14.9500000   -0.0767
14.9600000   -0.0764
14.9700000   -0.0761
14.9800000   -0.0758
14.9900000   -0.0755
15.0000000   -0.0752
15.0100000   -0.0749
15.0200000   -0.0745
15.0300000   -0.0742
15.0400000   -0.0739
15.0500000   -0.0736
15.0600000   -0.0733
15.0700000   -0.073
15.0800000   -0.0727
15.0900000   -0.0724
15.1000000   -0.0721
15.1100000   -0.0718
15.1200000   -0.0715
15.1300000   -0.0712
15.1400000   -0.071
15.1500000   -0.0707
15.1600000   -0.0704
15.1700000   -0.0701
15.1800000   -0.0698
15.1900000   -0.0695
15.2000000   -0.0692
15.2100000   -0.069
15.2200000   -0.0687
15.2300000   -0.0684
15.2400000   -0.0681
15.2500000   -0.0678
15.2600000   -0.0676
15.2700000   -0.0673
15.2800000   -0.067
15.2900000   -0.0668
15.3000000   -0.0665
15.3100000   -0.0662
15.3200000   -0.066
15.3300000   -0.0657
15.3400000   -0.0654
15.3500000   -0.0652
15.3600000   -0.0649
15.3700000   -0.0646
15.3800000   -0.0644
15.3900000   -0.0641
15.4000000   -0.0639
15.4100000   -0.0636
15.4200000   -0.0633
15.4300000   -0.0631
15.4400000   -0.0628
15.4500000   -0.0626
15.4600000   -0.0623
15.4700000   -0.0621
15.4800000   -0.0618
15.4900000   -0.0616
15.5000000   -0.0614
15.5100000   -0.0611
15.5200000   -0.0609
15.5300000   -0.0606
15.5400000   -0.0604
15.5500000   -0.0601
15.5600000   -0.0599
15.5700000   -0.0597
15.5800000   -0.0594
15.5900000   -0.0592
15.6000000   -0.059
15.6100000   -0.0587
15.6200000   -0.0585
15.6300000   -0.0583
15.6400000   -0.058
15.6500000   -0.0578
15.6600000   -0.0576
15.6700000   -0.0573
15.6800000   -0.0571
15.6900000   -0.0569
15.7000000   -0.0567
15.7100000   -0.0565
15.7200000   -0.0562
15.7300000   -0.056
15.7400000   -0.0558
15.7500000   -0.0556
15.7600000   -0.0554
15.7700000   -0.0551
15.7800000   -0.0549
15.7900000   -0.0547
15.8000000   -0.0545
15.8100000   -0.0543
15.8200000   -0.0541
15.8300000   -0.0539
15.8400000   -0.0537
15.8500000   -0.0534
15.8600000   -0.0532
15.8700000   -0.053
15.8800000   -0.0528
15.8900000   -0.0526
15.9000000   -0.0524
15.9100000   -0.0522
15.9200000   -0.052
15.9300000   -0.0518
15.9400000   -0.0516
15.9500000   -0.0514
15.9600000   -0.0512
15.9700000   -0.051
15.9800000   -0.0508
15.9900000   -0.0506
16.0000000   -0.0504
16.0100000   -0.0502
16.0200000   -0.05
16.0300000   -0.0498
16.0400000   -0.0497
16.0500000   -0.0495
16.0600000   -0.0493
16.0700000   -0.0491
16.0800000   -0.0489
16.0900000   -0.0487
16.1000000   -0.0485
16.1100000   -0.0483
16.1200000   -0.0481
16.1300000   -0.048
16.1400000   -0.0478
16.1500000   -0.0476
16.1600000   -0.0474
16.1700000   -0.0472
16.1800000   -0.0471
16.1900000   -0.0469
16.2000000   -0.0467
16.2100000   -0.0465
16.2200000   -0.0463
16.2300000   -0.0462
16.2400000   -0.046
16.2500000   -0.0458
16.2600000   -0.0456
16.2700000   -0.0455
16.2800000   -0.0453
16.2900000   -0.0451
16.3000000   -0.045
16.3100000   -0.0448
16.3200000   -0.0446
16.3300000   -0.0445
16.3400000   -0.0443
16.3500000   -0.0441
16.3600000   -0.044
16.3700000   -0.0438
16.3800000   -0.0436
16.3900000   -0.0435
16.4000000   -0.0433
16.4100000   -0.0431
16.4200000   -0.043
16.4300000   -0.0428
16.4400000   -0.0427
16.4500000   -0.0425
16.4600000   -0.0423
16.4700000   -0.0422
16.4800000   -0.042
16.4900000   -0.0419
16.5000000   -0.0417
16.5100000   -0.0416
16.5200000   -0.0414
16.5300000   -0.0412
16.5400000   -0.0411
16.5500000   -0.0409
16.5600000   -0.0408
16.5700000   -0.0406
16.5800000   -0.0405
16.5900000   -0.0403
16.6000000   -0.0402
16.6100000   -0.04
16.6200000   -0.0399
16.6300000   -0.0397
16.6400000   -0.0396
16.6500000   -0.0394
16.6600000   -0.0393
16.6700000   -0.0392
16.6800000   -0.039
16.6900000   -0.0389
16.7000000   -0.0387
16.7100000   -0.0386
16.7200000   -0.0384
16.7300000   -0.0383
16.7400000   -0.0382
16.7500000   -0.038
16.7600000   -0.0379
16.7700000   -0.0377
16.7800000   -0.0376
16.7900000   -0.0375
16.8000000   -0.0373
16.8100000   -0.0372
16.8200000   -0.0371
16.8300000   -0.0369
16.8400000   -0.0368
16.8500000   -0.0366
16.8600000   -0.0365
16.8700000   -0.0364
16.8800000   -0.0362
16.8900000   -0.0361
16.9000000   -0.036
16.9100000   -0.0359
16.9200000   -0.0357
16.9300000   -0.0356
16.9400000   -0.0355
16.9500000   -0.0353
16.9600000   -0.0352
16.9700000   -0.0351
16.9800000   -0.035
16.9900000   -0.0348
17.0000000   -0.0347
17.0100000   -0.0346
17.0200000   -0.0345
17.0300000   -0.0343
17.0400000   -0.0342
17.0500000   -0.0341
17.0600000   -0.034
17.0700000   -0.0338
17.0800000   -0.0337
17.0900000   -0.0336
17.1000000   -0.0335
17.1100000   -0.0334
17.1200000   -0.0332
17.1300000   -0.0331
17.1400000   -0.033
17.1500000   -0.0329
17.1600000   -0.0328
17.1700000   -0.0326
17.1800000   -0.0325
17.1900000   -0.0324
17.2000000   -0.0323
17.2100000   -0.0322
17.2200000   -0.0321
17.2300000   -0.032
17.2400000   -0.0318
17.2500000   -0.0317
17.2600000   -0.0316
17.2700000   -0.0315
17.2800000   -0.0314
17.2900000   -0.0313
17.3000000   -0.0312
17.3100000   -0.0311
17.3200000   -0.0309
17.3300000   -0.0308
17.3400000   -0.0307
17.3500000   -0.0306
17.3600000   -0.0305
17.3700000   -0.0304
17.3800000   -0.0303
17.3900000   -0.0302
17.4000000   -0.0301
17.4100000   -0.03
17.4200000   -0.0299
17.4300000   -0.0298
17.4400000   -0.0297
17.4500000   -0.0296
17.4600000   -0.0294
17.4700000   -0.0293
17.4800000   -0.0292
17.4900000   -0.0291
17.5000000   -0.029
17.5100000   -0.0289
17.5200000   -0.0288
17.5300000   -0.0287
17.5400000   -0.0286
17.5500000   -0.0285
17.5600000   -0.0284
17.5700000   -0.0283
17.5800000   -0.0282
17.5900000   -0.0281
17.6000000   -0.028
17.6100000   -0.0279
17.6200000   -0.0278
17.6300000   -0.0277
17.6400000   -0.0277
17.6500000   -0.0276
17.6600000   -0.0275
17.6700000   -0.0274
17.6800000   -0.0273
17.6900000   -0.0272
17.7000000   -0.0271
17.7100000   -0.027
17.7200000   -0.0269
17.7300000   -0.0268
17.7400000   -0.0267
17.7500000   -0.0266
17.7600000   -0.0265
17.7700000   -0.0264
17.7800000   -0.0263
17.7900000   -0.0263
17.8000000   -0.0262
17.8100000   -0.0261
17.8200000   -0.026
17.8300000   -0.0259
17.8400000   -0.0258
17.8500000   -0.0257
17.8600000   -0.0256
17.8700000   -0.0255
17.8800000   -0.0255
17.8900000   -0.0254
17.9000000   -0.0253
17.9100000   -0.0252
17.9200000   -0.0251
17.9300000   -0.025
17.9400000   -0.0249
17.9500000   -0.0248
17.9600000   -0.0248
17.9700000   -0.0247
17.9800000   -0.0246
17.9900000   -0.0245
18.0000000   -0.0244
18.0100000   -0.0243
18.0200000   -0.0243
18.0300000   -0.0242
18.0400000   -0.0241
18.0500000   -0.024
18.0600000   -0.0239
18.0700000   -0.0239
18.0800000   -0.0238
18.0900000   -0.0237
18.1000000   -0.0236
18.1100000   -0.0235
18.1200000   -0.0235
18.1300000   -0.0234
18.1400000   -0.0233
18.1500000   -0.0232
18.1600000   -0.0231
18.1700000   -0.0231
18.1800000   -0.023
18.1900000   -0.0229
18.2000000   -0.0228
18.2100000   -0.0228
18.2200000   -0.0227
18.2300000   -0.0226
18.2400000   -0.0225
18.2500000   -0.0224
18.2600000   -0.0224
18.2700000   -0.0223
18.2800000   -0.0222
18.2900000   -0.0221
18.3000000   -0.0221
18.3100000   -0.022
18.3200000   -0.0219
18.3300000   -0.0219
18.3400000   -0.0218
18.3500000   -0.0217
18.3600000   -0.0216
18.3700000   -0.0216
18.3800000   -0.0215
18.3900000   -0.0214
18.4000000   -0.0213
18.4100000   -0.0213
18.4200000   -0.0212
18.4300000   -0.0211
18.4400000   -0.0211
18.4500000   -0.021
18.4600000   -0.0209
18.4700000   -0.0209
18.4800000   -0.0208
18.4900000   -0.0207
18.5000000   -0.0207
18.5100000   -0.0206
18.5200000   -0.0205
18.5300000   -0.0204
18.5400000   -0.0204
18.5500000   -0.0203
18.5600000   -0.0202
18.5700000   -0.0202
18.5800000   -0.0201
18.5900000   -0.02
18.6000000   -0.02
18.6100000   -0.0199
18.6200000   -0.0198
18.6300000   -0.0198
18.6400000   -0.0197
18.6500000   -0.0197
18.6600000   -0.0196
18.6700000   -0.0195
18.6800000   -0.0195
18.6900000   -0.0194
18.7000000   -0.0193
18.7100000   -0.0193
18.7200000   -0.0192
18.7300000   -0.0191
18.7400000   -0.0191
18.7500000   -0.019
18.7600000   -0.019
18.7700000   -0.0189
18.7800000   -0.0188
18.7900000   -0.0188
18.8000000   -0.0187
18.8100000   -0.0187
18.8200000   -0.0186
18.8300000   -0.0185
18.8400000   -0.0185
18.8500000   -0.0184
18.8600000   -0.0184
18.8700000   -0.0183
18.8800000   -0.0182
18.8900000   -0.0182
18.9000000   -0.0181
18.9100000   -0.0181
18.9200000   -0.018
18.9300000   -0.0179
18.9400000   -0.0179
18.9500000   -0.0178
18.9600000   -0.0178
18.9700000   -0.0177
18.9800000   -0.0177
18.9900000   -0.0176
19.0000000   -0.0175
19.0100000   -0.0175
19.0200000   -0.0174
19.0300000   -0.0174
19.0400000   -0.0173
19.0500000   -0.0173
19.0600000   -0.0172
19.0700000   -0.0171
19.0800000   -0.0171
19.0900000   -0.017
19.1000000   -0.017
19.1100000   -0.0169
19.1200000   -0.0169
19.1300000   -0.0168
19.1400000   -0.0168
19.1500000   -0.0167
19.1600000   -0.0167
19.1700000   -0.0166
19.1800000   -0.0166
19.1900000   -0.0165
19.2000000   -0.0165
19.2100000   -0.0164
19.2200000   -0.0163
19.2300000   -0.0163
19.2400000   -0.0162
19.2500000   -0.0162
19.2600000   -0.0161
19.2700000   -0.0161
19.2800000   -0.016
19.2900000   -0.016
19.3000000   -0.0159
19.3100000   -0.0159
19.3200000   -0.0158
19.3300000   -0.0158
19.3400000   -0.0157
19.3500000   -0.0157
19.3600000   -0.0156
19.3700000   -0.0156
19.3800000   -0.0155
19.3900000   -0.0155
19.4000000   -0.0154
19.4100000   -0.0154
19.4200000   -0.0153
19.4300000   -0.0153
19.4400000   -0.0152
19.4500000   -0.0152
19.4600000   -0.0152
19.4700000   -0.0151
19.4800000   -0.0151
19.4900000   -0.015
19.5000000   -0.015
19.5100000   -0.0149
19.5200000   -0.0149
19.5300000   -0.0148
19.5400000   -0.0148
19.5500000   -0.0147
19.5600000   -0.0147
19.5700000   -0.0146
19.5800000   -0.0146
19.5900000   -0.0145
19.6000000   -0.0145
19.6100000   -0.0145
19.6200000   -0.0144
19.6300000   -0.0144
19.6400000   -0.0143
19.6500000   -0.0143
19.6600000   -0.0142
19.6700000   -0.0142
19.6800000   -0.0141
19.6900000   -0.0141
19.7000000   -0.0141
19.7100000   -0.014
19.7200000   -0.014
19.7300000   -0.0139
19.7400000   -0.0139
19.7500000   -0.0138
19.7600000   -0.0138
19.7700000   -0.0138
19.7800000   -0.0137
19.7900000   -0.0137
19.8000000   -0.0136
19.8100000   -0.0136
19.8200000   -0.0135
19.8300000   -0.0135
19.8400000   -0.0135
19.8500000   -0.0134
19.8600000   -0.0134
19.8700000   -0.0133
19.8800000   -0.0133
19.8900000   -0.0133
19.9000000   -0.0132
19.9100000   -0.0132
19.9200000   -0.0131
19.9300000   -0.0131
19.9400000   -0.0131
19.9500000   -0.013
19.9600000   -0.013
19.9700000   -0.0129
19.9800000   -0.0129
19.9900000   -0.0129
20.0000000   -0.0128
20.0100000   -0.0128
20.0200000   -0.0127
20.0300000   -0.0127
20.0400000   -0.0127
20.0500000   -0.0126
20.0600000   -0.0126
20.0700000   -0.0125
20.0800000   -0.0125
20.0900000   -0.0125
