0.1000000   876733
0.1100000   876473
0.1200000   876275
0.1300000   876121
0.1400000   875999
0.1500000   875900
0.1600000   875819
0.1700000   875753
0.1800000   875697
0.1900000   875649
0.2000000   875609
0.2100000   875574
0.2200000   875544
0.2300000   875517
0.2400000   875494
0.2500000   875474
0.2600000   875456
0.2700000   875440
0.2800000   875425
0.2900000   875412
0.3000000   875400
0.3100000   875390
0.3200000   875380
0.3300000   875372
0.3400000   875364
0.3500000   875356
0.3600000   875350
0.3700000   875343
0.3800000   875338
0.3900000   875332
0.4000000   875328
0.4100000   875323
0.4200000   875319
0.4300000   875315
0.4400000   875311
0.4500000   875308
0.4600000   875305
0.4700000   875302
0.4800000   875299
0.4900000   875296
0.5000000   875294
0.5100000   875292
0.5200000   875289
0.5300000   875287
0.5400000   875285
0.5500000   875284
0.5600000   875282
0.5700000   875280
0.5800000   875279
0.5900000   875277
0.6000000   875276
0.6100000   875274
0.6200000   875273
0.6300000   875272
0.6400000   875271
0.6500000   875269
0.6600000   875268
0.6700000   875267
0.6800000   875266
0.6900000   875265
0.7000000   875265
0.7100000   875264
0.7200000   875263
0.7300000   875262
0.7400000   875261
0.7500000   875261
0.7600000   875260
0.7700000   875259
0.7800000   875259
0.7900000   875258
0.8000000   875257
0.8100000   875257
0.8200000   875256
0.8300000   875256
0.8400000   875255
0.8500000   875255
0.8600000   875254
0.8700000   875254
0.8800000   875253
0.8900000   875253
0.9000000   875252
0.9100000   875252
0.9200000   875252
0.9300000   875251
0.9400000   875251
0.9500000   875251
0.9600000   875250
0.9700000   875250
0.9800000   875250
0.9900000   875249
1.0000000   875249
1.0100000   875249
1.0200000   875248
1.0300000   875248
1.0400000   875248
1.0500000   875248
1.0600000   875247
1.0700000   875247
1.0800000   875247
1.0900000   875247
1.1000000   875246
1.1100000   875246
1.1200000   875246
1.1300000   875246
1.1400000   875245
1.1500000   875245
1.1600000   875245
1.1700000   875245
1.1800000   875245
1.1900000   875245
1.2000000   875244
1.2100000   875244
1.2200000   875244
1.2300000   875244
1.2400000   875244
1.2500000   875244
1.2600000   875243
1.2700000   875243
1.2800000   875243
1.2900000   875243
1.3000000   875243
1.3100000   875243
1.3200000   875243
1.3300000   875242
1.3400000   875242
1.3500000   875242
1.3600000   875242
1.3700000   875242
1.3800000   875242
1.3900000   875242
1.4000000   875242
1.4100000   875241
1.4200000   875241
1.4300000   875241
1.4400000   875241
1.4500000   875241
1.4600000   875241
1.4700000   875241
1.4800000   875241
1.4900000   875241
1.5000000   875241
1.5100000   875241
1.5200000   875240
1.5300000   875240
1.5400000   875240
1.5500000   875240
1.5600000   875240
1.5700000   875240
1.5800000   875240
1.5900000   875240
1.6000000   875240
1.6100000   875240
1.6200000   875240
1.6300000   875240
1.6400000   875240
1.6500000   875239
1.6600000   875239
1.6700000   875239
1.6800000   875239
1.6900000   875239
1.7000000   875239
1.7100000   875239
1.7200000   875239
1.7300000   875239
1.7400000   875239
1.7500000   875239
1.7600000   875239
1.7700000   875239
1.7800000   875239
1.7900000   875239
1.8000000   875239
1.8100000   875239
1.8200000   875238
1.8300000   875238
1.8400000   875238
1.8500000   875238
1.8600000   875238
1.8700000   875238
1.8800000   875238
1.8900000   875238
1.9000000   875238
1.9100000   875238
1.9200000   875238
1.9300000   875238
1.9400000   875238
1.9500000   875238
1.9600000   875238
1.9700000   875238
1.9800000   875238
1.9900000   875238
2.0000000   875238
2.0100000   875238
2.0200000   875238
2.0300000   875238
2.0400000   875238
2.0500000   875238
2.0600000   875237
2.0700000   875237
2.0800000   875237
2.0900000   875237
2.1000000   875237
2.1100000   875237
2.1200000   875237
2.1300000   875237
2.1400000   875237
2.1500000   875237
2.1600000   875237
2.1700000   875237
2.1800000   875237
2.1900000   875237
2.2000000   875237
2.2100000   875237
2.2200000   875237
2.2300000   875237
2.2400000   875237
2.2500000   875237
2.2600000   875237
2.2700000   875237
2.2800000   875237
2.2900000   875237
2.3000000   875237
2.3100000   875237
2.3200000   875237
2.3300000   875237
2.3400000   875237
2.3500000   875237
2.3600000   875237
2.3700000   875237
2.3800000   875237
2.3900000   875237
2.4000000   875237
2.4100000   875237
2.4200000   875237
2.4300000   875236
2.4400000   875236
2.4500000   875236
2.4600000   875236
2.4700000   875236
2.4800000   875236
2.4900000   875236
2.5000000   875236
2.5100000   834192
2.5200000   795222
2.5300000   758214
2.5400000   723061
2.5500000   689665
2.5600000   657931
2.5700000   627770
2.5800000   599099
2.5900000   571839
2.6000000   545916
2.6100000   521258
2.6200000   497801
2.6300000   475481
2.6400000   454239
2.6500000   434019
2.6600000   414769
2.6700000   396438
2.6800000   378981
2.6900000   362351
2.7000000   346508
2.7100000   331410
2.7200000   317021
2.7300000   303305
2.7400000   290228
2.7500000   277758
2.7600000   265865
2.7700000   254521
2.7800000   243698
2.7900000   233370
2.8000000   223514
2.8100000   214106
2.8200000   205124
2.8300000   196547
2.8400000   188357
2.8500000   180534
2.8600000   173061
2.8700000   165921
2.8800000   159098
2.8900000   152577
2.9000000   146344
2.9100000   140384
2.9200000   134686
2.9300000   129236
2.9400000   124024
2.9500000   119038
2.9600000   114268
2.9700000   109703
2.9800000   105334
2.9900000   101153
3.0000000   97150
3.0100000   93317.4
3.0200000   89647.4
3.0300000   86132.5
3.0400000   82765.9
3.0500000   79540.7
3.0600000   76450.6
3.0700000   73489.6
3.0800000   70651.8
3.0900000   67931.8
3.1000000   65324.3
3.1100000   62824.4
3.1200000   60427.2
3.1300000   58128.4
3.1400000   55923.4
3.1500000   53808.4
3.1600000   51779.2
3.1700000   49832.2
3.1800000   47963.8
3.1900000   46170.7
3.2000000   44449.5
3.2100000   42797.2
3.2200000   41210.8
3.2300000   39687.6
3.2400000   38224.7
3.2500000   36819.7
3.2600000   35470.2
3.2700000   34173.7
3.2800000   32928
3.2900000   31731
3.3000000   30580.7
3.3100000   29475.1
3.3200000   28412.3
3.3300000   27390.6
3.3400000   26408.3
3.3500000   25463.8
3.3600000   24555.5
3.3700000   23681.8
3.3800000   22841.5
3.3900000   22033.1
3.4000000   21255.3
3.4100000   20507
3.4200000   19786.8
3.4300000   19093.7
3.4400000   18426.6
3.4500000   17784.5
3.4600000   17166.2
3.4700000   16571
3.4800000   15997.9
3.4900000   15445.9
3.5000000   14914.3
3.5100000   14402.3
3.5200000   13909
3.5300000   13433.8
3.5400000   12976
3.5500000   12534.8
3.5600000   12109.6
3.5700000   11699.8
3.5800000   11304.9
3.5900000   10924.1
3.6000000   10557.1
3.6100000   10203.2
3.6200000   9861.95
3.6300000   9532.88
3.6400000   9215.51
3.6500000   8909.41
3.6600000   8614.14
3.6700000   8329.3
3.6800000   8054.49
3.6900000   7789.34
3.7000000   7533.48
3.7100000   7286.56
3.7200000   7048.26
3.7300000   6818.25
3.7400000   6596.22
3.7500000   6381.88
3.7600000   6174.94
3.7700000   5975.14
3.7800000   5782.2
3.7900000   5595.88
3.8000000   5415.93
3.8100000   5242.13
3.8200000   5074.25
3.8300000   4912.07
3.8400000   4755.39
3.8500000   4604
3.8600000   4457.73
3.8700000   4316.37
3.8800000   4179.77
3.8900000   4047.74
3.9000000   3920.13
3.9100000   3796.77
3.9200000   3677.53
3.9300000   3562.24
3.9400000   3450.77
3.9500000   3342.99
3.9600000   3238.76
3.9700000   3137.96
3.9800000   3040.48
3.9900000   2946.19
4.0000000   2854.98
4.0100000   2766.75
4.0200000   2681.4
4.0300000   2598.81
4.0400000   2518.91
4.0500000   2441.59
4.0600000   2366.77
4.0700000   2294.36
4.0800000   2224.28
4.0900000   2156.44
4.1000000   2090.78
4.1100000   2027.22
4.1200000   1965.69
4.1300000   1906.11
4.1400000   1848.43
4.1500000   1792.57
4.1600000   1738.49
4.1700000   1686.11
4.1800000   1635.38
4.1900000   1586.24
4.2000000   1538.65
4.2100000   1492.55
4.2200000   1447.9
4.2300000   1404.63
4.2400000   1362.72
4.2500000   1322.1
4.2600000   1282.75
4.2700000   1244.62
4.2800000   1207.66
4.2900000   1171.85
4.3000000   1137.14
4.3100000   1103.5
4.3200000   1070.89
4.3300000   1039.27
4.3400000   1008.63
4.3500000   978.921
4.3600000   950.118
4.3700000   922.191
4.3800000   895.112
4.3900000   868.854
4.4000000   843.39
4.4100000   818.696
4.4200000   794.747
4.4300000   771.519
4.4400000   748.989
4.4500000   727.136
4.4600000   705.937
4.4700000   685.372
4.4800000   665.421
4.4900000   646.066
4.5000000   627.286
4.5100000   609.065
4.5200000   591.384
4.5300000   574.227
4.5400000   557.578
4.5500000   541.421
4.5600000   525.74
4.5700000   510.521
4.5800000   495.749
4.5900000   481.411
4.6000000   467.494
4.6100000   453.984
4.6200000   440.869
4.6300000   428.137
4.6400000   415.775
4.6500000   403.774
4.6600000   392.122
4.6700000   380.808
4.6800000   369.822
4.6900000   359.154
4.7000000   348.794
4.7100000   338.734
4.7200000   328.963
4.7300000   319.475
4.7400000   310.259
4.7500000   301.308
4.7600000   292.613
4.7700000   284.168
4.7800000   275.965
4.7900000   267.996
4.8000000   260.254
4.8100000   252.734
4.8200000   245.428
4.8300000   238.329
4.8400000   231.433
4.8500000   224.732
4.8600000   218.222
4.8700000   211.896
4.8800000   205.749
4.8900000   199.775
4.9000000   193.971
4.9100000   188.33
4.9200000   182.849
4.9300000   177.522
4.9400000   172.344
4.9500000   167.313
4.9600000   162.422
4.9700000   157.669
4.9800000   153.049
4.9900000   148.559
5.0000000   144.194
5.0100000   139.952
5.0200000   135.828
5.0300000   131.819
5.0400000   127.922
5.0500000   124.134
5.0600000   120.451
5.0700000   116.871
5.0800000   113.39
5.0900000   110.007
5.1000000   106.717
5.1100000   103.519
5.1200000   100.409
5.1300000   97.3862
5.1400000   94.4469
5.1500000   91.5891
5.1600000   88.8105
5.1700000   86.1089
5.1800000   83.482
5.1900000   80.9278
5.2000000   78.4443
5.2100000   76.0295
5.2200000   73.6815
5.2300000   71.3983
5.2400000   69.1781
5.2500000   67.0193
5.2600000   64.9201
5.2700000   62.879
5.2800000   60.894
5.2900000   58.964
5.3000000   57.0872
5.3100000   55.2622
5.3200000   53.4875
5.3300000   51.7618
5.3400000   50.0837
5.3500000   48.452
5.3600000   46.8652
5.3700000   45.3223
5.3800000   43.8218
5.3900000   42.3629
5.4000000   40.9443
5.4100000   39.5648
5.4200000   38.2235
5.4300000   36.9192
5.4400000   35.651
5.4500000   34.4178
5.4600000   33.2188
5.4700000   32.0529
5.4800000   30.9194
5.4900000   29.8172
5.5000000   28.7456
5.5100000   27.7038
5.5200000   26.6908
5.5300000   25.706
5.5400000   24.7486
5.5500000   23.8177
5.5600000   22.9128
5.5700000   22.0332
5.5800000   21.1781
5.5900000   20.3468
5.6000000   19.5387
5.6100000   18.7533
5.6200000   17.9898
5.6300000   17.2479
5.6400000   16.5267
5.6500000   15.8257
5.6600000   15.1446
5.6700000   14.4825
5.6800000   13.8392
5.6900000   13.214
5.7000000   12.6066
5.7100000   12.0164
5.7200000   11.443
5.7300000   10.8858
5.7400000   10.3445
5.7500000   9.81873
5.7600000   9.30796
5.7700000   8.8119
5.7800000   8.32994
5.7900000   7.86199
5.8000000   7.40745
5.8100000   6.96612
5.8200000   6.53749
5.8300000   6.12138
5.8400000   5.71737
5.8500000   5.32517
5.8600000   4.94447
5.8700000   4.57489
5.8800000   4.21621
5.8900000   3.86814
5.9000000   3.53038
5.9100000   3.20262
5.9200000   2.88457
5.9300000   2.57613
5.9400000   2.2769
5.9500000   1.98677
5.9600000   1.70535
5.9700000   1.43244
5.9800000   1.16783
5.9900000   0.911334
6.0000000   0.662742
6.0100000   0.421758
6.0200000   0.188281
6.0300000   -0.0379899
6.0400000   -0.257154
6.0500000   -0.469411
6.0600000   -0.675061
6.0700000   -0.874105
6.0800000   -1.06684
6.0900000   -1.25337
6.1000000   -1.4339
6.1100000   -1.60851
6.1200000   -1.77752
6.1300000   -1.94093
6.1400000   -2.09903
6.1500000   -2.25182
6.1600000   -2.3995
6.1700000   -2.54218
6.1800000   -2.68006
6.1900000   -2.81322
6.2000000   -2.94179
6.2100000   -3.06584
6.2200000   -3.18559
6.2300000   -3.30113
6.2400000   -3.41257
6.2500000   -3.52
6.2600000   -3.62352
6.2700000   -3.72324
6.2800000   -3.81926
6.2900000   -3.91176
6.3000000   -4.00077
6.3100000   -4.08626
6.3200000   -4.16855
6.3300000   -4.24764
6.3400000   -4.32352
6.3500000   -4.39649
6.3600000   -4.46636
6.3700000   -4.53342
6.3800000   -4.59768
6.3900000   -4.65923
6.4000000   -4.71807
6.4100000   -4.77441
6.4200000   -4.82825
6.4300000   -4.87958
6.4400000   -4.92861
6.4500000   -4.97533
6.4600000   -5.01974
6.4700000   -5.06205
6.4800000   -5.10225
6.4900000   -5.14035
6.5000000   -5.17645
6.5100000   -5.21064
6.5200000   -5.24292
6.5300000   -5.2734
6.5400000   -5.30207
6.5500000   -5.32894
6.5600000   -5.35421
6.5700000   -5.37787
6.5800000   -5.39982
6.5900000   -5.42037
6.6000000   -5.43932
6.6100000   -5.45686
6.6200000   -5.47299
6.6300000   -5.48772
6.6400000   -5.50115
6.6500000   -5.51317
6.6600000   -5.52409
6.6700000   -5.5337
6.6800000   -5.54221
6.6900000   -5.54951
6.7000000   -5.55561
6.7100000   -5.5608
6.7200000   -5.56479
6.7300000   -5.56788
6.7400000   -5.56996
6.7500000   -5.57104
6.7600000   -5.57121
6.7700000   -5.57048
6.7800000   -5.56884
6.7900000   -5.5664
6.8000000   -5.56316
6.8100000   -5.55911
6.8200000   -5.55436
6.8300000   -5.5488
6.8400000   -5.54244
6.8500000   -5.53547
6.8600000   -5.5279
6.8700000   -5.51953
6.8800000   -5.51065
6.8900000   -5.50107
6.9000000   -5.49099
6.9100000   -5.4803
6.9200000   -5.469
6.9300000   -5.45721
6.9400000   -5.4449
6.9500000   -5.4321
6.9600000   -5.41889
6.9700000   -5.40508
6.9800000   -5.39096
6.9900000   -5.37634
7.0000000   -5.36132
7.0100000   -5.34589
7.0200000   -5.33006
7.0300000   -5.31392
7.0400000   -5.29738
7.0500000   -5.28044
7.0600000   -5.26329
7.0700000   -5.24574
7.0800000   -5.22789
7.0900000   -5.20983
7.1000000   -5.19137
7.1100000   -5.17271
7.1200000   -5.15374
7.1300000   -5.13457
7.1400000   -5.11519
7.1500000   -5.09552
7.1600000   -5.07573
7.1700000   -5.05565
7.1800000   -5.03536
7.1900000   -5.01497
7.2000000   -4.99427
7.2100000   -4.97347
7.2200000   -4.95257
7.2300000   -4.93147
7.2400000   -4.91016
7.2500000   -4.88885
7.2600000   -4.86733
7.2700000   -4.84561
7.2800000   -4.82389
7.2900000   -4.80207
7.3000000   -4.78004
7.3100000   -4.75801
7.3200000   -4.73588
7.3300000   -4.71364
7.3400000   -4.6914
7.3500000   -4.66895
7.3600000   -4.64651
7.3700000   -4.62406
7.3800000   -4.60151
7.3900000   -4.57895
7.4000000   -4.55629
7.4100000   -4.53363
7.4200000   -4.51086
7.4300000   -4.4882
7.4400000   -4.46543
7.4500000   -4.44265
7.4600000   -4.41988
7.4700000   -4.3971
7.4800000   -4.37421
7.4900000   -4.35143
7.5000000   -4.32864
7.5100000   -4.30585
7.5200000   -4.28306
7.5300000   -4.26026
7.5400000   -4.23746
7.5500000   -4.21476
7.5600000   -4.19205
7.5700000   -4.16935
7.5800000   -4.14664
7.5900000   -4.12402
7.6000000   -4.10141
7.6100000   -4.07879
7.6200000   -4.05627
7.6300000   -4.03374
7.6400000   -4.01132
7.6500000   -3.98889
7.6600000   -3.96656
7.6700000   -3.94422
7.6800000   -3.92198
7.6900000   -3.89975
7.7000000   -3.8776
7.7100000   -3.85546
7.7200000   -3.83351
7.7300000   -3.81146
7.7400000   -3.78961
7.7500000   -3.76775
7.7600000   -3.746
7.7700000   -3.72424
7.7800000   -3.70258
7.7900000   -3.68101
7.8000000   -3.65954
7.8100000   -3.63817
7.8200000   -3.6168
7.8300000   -3.59553
7.8400000   -3.57435
7.8500000   -3.55317
7.8600000   -3.53219
7.8700000   -3.51121
7.8800000   -3.49032
7.8900000   -3.46953
7.9000000   -3.44884
7.9100000   -3.42815
7.9200000   -3.40765
7.9300000   -3.38715
7.9400000   -3.36685
7.9500000   -3.34655
7.9600000   -3.32635
7.9700000   -3.30624
7.9800000   -3.28623
7.9900000   -3.26632
8.0000000   -3.24641
8.0100000   -3.22669
8.0200000   -3.20707
8.0300000   -3.18745
8.0400000   -3.16803
8.0500000   -3.14861
8.0600000   -3.12928
8.0700000   -3.11015
8.0800000   -3.09102
8.0900000   -3.07199
8.1000000   -3.05305
8.1100000   -3.03422
8.1200000   -3.01548
8.1300000   -2.99684
8.1400000   -2.97829
8.1500000   -2.95985
8.1600000   -2.9415
8.1700000   -2.92325
8.1800000   -2.9051
8.1900000   -2.88705
8.2000000   -2.86909
8.2100000   -2.85113
8.2200000   -2.83338
8.2300000   -2.81571
8.2400000   -2.79805
8.2500000   -2.78059
8.2600000   -2.76322
8.2700000   -2.74585
8.2800000   -2.72868
8.2900000   -2.71151
8.3000000   -2.69453
8.3100000   -2.67755
8.3200000   -2.66078
8.3300000   -2.644
8.3400000   -2.62731
8.3500000   -2.61073
8.3600000   -2.59434
8.3700000   -2.57795
8.3800000   -2.56167
8.3900000   -2.54547
8.4000000   -2.52938
8.4100000   -2.51339
8.4200000   -2.49749
8.4300000   -2.48169
8.4400000   -2.46599
8.4500000   -2.45029
8.4600000   -2.43478
8.4700000   -2.41938
8.4800000   -2.40397
8.4900000   -2.38876
8.5000000   -2.37355
8.5100000   -2.35844
8.5200000   -2.34352
8.5300000   -2.32861
8.5400000   -2.31379
8.5500000   -2.29907
8.5600000   -2.28445
8.5700000   -2.26982
8.5800000   -2.2554
8.5900000   -2.24097
8.6000000   -2.22675
8.6100000   -2.21252
8.6200000   -2.19838
8.6300000   -2.18435
8.6400000   -2.17042
8.6500000   -2.15658
8.6600000   -2.14284
8.6700000   -2.1291
8.6800000   -2.11556
8.6900000   -2.10202
8.7000000   -2.08858
8.7100000   -2.07523
8.7200000   -2.06198
8.7300000   -2.04884
8.7400000   -2.03569
8.7500000   -2.02263
8.7600000   -2.00978
8.7700000   -1.99683
8.7800000   -1.98407
8.7900000   -1.97141
8.8000000   -1.95875
8.8100000   -1.94629
8.8200000   -1.93383
8.8300000   -1.92137
8.8400000   -1.9091
8.8500000   -1.89683
8.8600000   -1.88476
8.8700000   -1.8727
8.8800000   -1.86062
8.8900000   -1.84875
8.9000000   -1.83688
8.9100000   -1.8251
8.9200000   -1.81342
8.9300000   -1.80185
8.9400000   -1.79027
8.9500000   -1.77879
8.9600000   -1.7674
8.9700000   -1.75612
8.9800000   -1.74483
8.9900000   -1.73365
9.0000000   -1.72256
9.0100000   -1.71157
9.0200000   -1.70058
9.0300000   -1.68969
9.0400000   -1.67889
9.0500000   -1.6681
9.0600000   -1.6574
9.0700000   -1.6468
9.0800000   -1.63631
9.0900000   -1.6258
9.1000000   -1.6154
9.1100000   -1.6051
9.1200000   -1.5948
9.1300000   -1.58459
9.1400000   -1.57448
9.1500000   -1.56398
9.1600000   -1.55187
9.1700000   -1.53986
9.1800000   -1.52794
9.1900000   -1.51613
9.2000000   -1.50442
9.2100000   -1.4929
9.2200000   -1.48138
9.2300000   -1.46997
9.2400000   -1.45865
9.2500000   -1.44743
9.2600000   -1.4363
9.2700000   -1.42538
9.2800000   -1.41446
9.2900000   -1.40363
9.3000000   -1.3928
9.3100000   -1.38218
9.3200000   -1.37165
9.3300000   -1.36122
9.3400000   -1.35079
9.3500000   -1.34055
9.3600000   -1.33032
9.3700000   -1.32018
9.3800000   -1.31015
9.3900000   -1.30021
9.4000000   -1.29037
9.4100000   -1.28053
9.4200000   -1.27089
9.4300000   -1.26125
9.4400000   -1.25171
9.4500000   -1.24226
9.4600000   -1.23292
9.4700000   -1.22357
9.4800000   -1.21432
9.4900000   -1.20517
9.5000000   -1.19612
9.5100000   -1.18717
9.5200000   -1.17822
9.5300000   -1.16937
9.5400000   -1.16061
9.5500000   -1.15186
9.5600000   -1.1433
9.5700000   -1.13474
9.5800000   -1.12619
9.5900000   -1.11783
9.6000000   -1.10947
9.6100000   -1.1012
9.6200000   -1.09294
9.6300000   -1.08478
9.6400000   -1.07671
9.6500000   -1.06875
9.6600000   -1.06078
9.6700000   -1.05291
9.6800000   -1.04504
9.6900000   -1.03727
9.7000000   -1.0296
9.7100000   -1.02203
9.7200000   -1.01446
9.7300000   -1.00688
9.7400000   -0.999508
9.7500000   -0.992032
9.7600000   -0.984755
9.7700000   -0.977477
9.7800000   -0.970298
9.7900000   -0.963118
9.8000000   -0.956037
9.8100000   -0.948955
9.8200000   -0.941972
9.8300000   -0.935088
9.8400000   -0.928203
9.8500000   -0.921417
9.8600000   -0.91463
9.8700000   -0.907942
9.8800000   -0.901254
9.8900000   -0.894664
9.9000000   -0.888073
9.9100000   -0.881582
9.9200000   -0.875189
9.9300000   -0.868796
9.9400000   -0.862402
9.9500000   -0.856107
9.9600000   -0.84991
9.9700000   -0.843713
9.9800000   -0.837515
9.9900000   -0.831416
10.0000000   -0.825417
10.0100000   -0.819416
10.0200000   -0.813414
10.0300000   -0.807512
10.0400000   -0.801709
10.0500000   -0.795904
10.0600000   -0.790099
10.0700000   -0.784393
10.0800000   -0.778686
10.0900000   -0.773079
10.1000000   -0.76747
10.1100000   -0.761861
10.1200000   -0.75645
10.1300000   -0.750939
10.1400000   -0.745527
10.1500000   -0.740114
10.1600000   -0.7348
10.1700000   -0.729486
10.1800000   -0.72427
10.1900000   -0.719054
10.2000000   -0.713837
10.2100000   -0.708719
10.2200000   -0.7036
10.2300000   -0.698581
10.2400000   -0.69356
10.2500000   -0.688539
10.2600000   -0.683617
10.2700000   -0.678694
10.2800000   -0.67387
10.2900000   -0.669046
10.3000000   -0.664221
10.3100000   -0.659495
10.3200000   -0.654768
10.3300000   -0.65004
10.3400000   -0.645412
10.3500000   -0.640782
10.3600000   -0.636252
10.3700000   -0.631722
10.3800000   -0.62719
10.3900000   -0.622758
10.4000000   -0.618224
10.4100000   -0.613891
10.4200000   -0.609456
10.4300000   -0.605121
10.4400000   -0.600884
10.4500000   -0.596547
10.4600000   -0.59231
10.4700000   -0.588071
10.4800000   -0.583932
10.4900000   -0.579792
10.5000000   -0.575651
10.5100000   -0.57161
10.5200000   -0.567468
10.5300000   -0.563525
10.5400000   -0.559481
10.5500000   -0.555537
10.5600000   -0.551592
10.5700000   -0.547646
10.5800000   -0.5438
10.5900000   -0.539952
10.6000000   -0.536104
10.6100000   -0.532356
10.6200000   -0.528606
10.6300000   -0.524856
10.6400000   -0.521105
10.6500000   -0.517454
10.6600000   -0.513802
10.6700000   -0.510149
10.6800000   -0.506595
10.6900000   -0.502941
10.7000000   -0.499386
10.7100000   -0.49593
10.7200000   -0.492374
10.7300000   -0.488917
10.7400000   -0.485459
10.7500000   -0.482101
10.7600000   -0.478642
10.7700000   -0.475282
10.7800000   -0.471922
10.7900000   -0.468661
10.8000000   -0.465299
10.8100000   -0.462037
10.8200000   -0.458774
10.8300000   -0.45561
10.8400000   -0.452346
10.8500000   -0.449181
10.8600000   -0.446015
10.8700000   -0.442849
10.8800000   -0.439782
10.8900000   -0.436714
10.9000000   -0.433646
10.9100000   -0.430577
10.9200000   -0.427508
10.9300000   -0.424538
10.9400000   -0.421567
10.9500000   -0.418596
10.9600000   -0.415724
10.9700000   -0.412751
10.9800000   -0.409878
10.9900000   -0.407004
11.0000000   -0.40413
11.0100000   -0.401354
11.0200000   -0.398479
11.0300000   -0.395702
11.0400000   -0.392926
11.0500000   -0.390148
11.0600000   -0.38747
11.0700000   -0.384691
11.0800000   -0.382012
11.0900000   -0.379332
11.1000000   -0.376651
11.1100000   -0.37407
11.1200000   -0.371389
11.1300000   -0.368806
11.1400000   -0.366223
11.1500000   -0.36364
11.1600000   -0.361156
11.1700000   -0.358571
11.1800000   -0.356086
11.1900000   -0.3536
11.2000000   -0.351114
11.2100000   -0.348627
11.2200000   -0.34624
11.2300000   -0.343852
11.2400000   -0.341363
11.2500000   -0.338974
11.2600000   -0.336684
11.2700000   -0.334294
11.2800000   -0.331903
11.2900000   -0.329611
11.3000000   -0.327319
11.3100000   -0.325027
11.3200000   -0.322734
11.3300000   -0.32044
11.3400000   -0.318246
11.3500000   -0.316051
11.3600000   -0.313756
11.3700000   -0.31156
11.3800000   -0.309464
11.3900000   -0.307267
11.4000000   -0.30507
11.4100000   -0.302972
11.4200000   -0.300873
11.4300000   -0.298774
11.4400000   -0.296675
11.4500000   -0.294575
11.4600000   -0.292474
11.4700000   -0.290473
11.4800000   -0.288371
11.4900000   -0.286369
11.5000000   -0.284367
11.5100000   -0.282364
11.5200000   -0.28036
11.5300000   -0.278456
11.5400000   -0.276451
11.5500000   -0.274546
11.5600000   -0.27264
11.5700000   -0.270734
11.5800000   -0.268827
11.5900000   -0.26692
11.6000000   -0.265012
11.6100000   -0.263204
11.6200000   -0.261295
11.6300000   -0.259486
11.6400000   -0.257677
11.6500000   -0.255866
11.6600000   -0.254056
11.6700000   -0.252245
11.6800000   -0.250533
11.6900000   -0.248721
11.7000000   -0.247008
11.7100000   -0.245195
11.7200000   -0.243482
11.7300000   -0.241768
11.7400000   -0.240053
11.7500000   -0.238438
11.7600000   -0.236723
11.7700000   -0.235007
11.7800000   -0.23339
11.7900000   -0.231773
11.8000000   -0.230056
11.8100000   -0.228438
11.8200000   -0.22682
11.8300000   -0.225201
11.8400000   -0.223682
11.8500000   -0.222063
11.8600000   -0.220543
11.8700000   -0.218922
11.8800000   -0.217401
11.8900000   -0.21588
11.9000000   -0.214358
11.9100000   -0.212835
11.9200000   -0.211313
11.9300000   -0.209789
11.9400000   -0.208266
11.9500000   -0.206842
11.9600000   -0.205317
11.9700000   -0.203892
11.9800000   -0.202467
11.9900000   -0.201041
12.0000000   -0.199514
12.0100000   -0.198188
12.0200000   -0.19676
12.0300000   -0.195333
12.0400000   -0.193905
12.0500000   -0.192576
12.0600000   -0.191147
12.0700000   -0.189818
12.0800000   -0.188488
12.0900000   -0.187058
12.1000000   -0.185728
12.1100000   -0.184397
12.1200000   -0.183065
12.1300000   -0.181833
12.1400000   -0.180501
12.1500000   -0.179169
12.1600000   -0.177935
12.1700000   -0.176602
12.1800000   -0.175368
12.1900000   -0.174134
12.2000000   -0.172799
12.2100000   -0.171564
12.2200000   -0.170328
12.2300000   -0.169092
12.2400000   -0.167856
12.2500000   -0.166719
12.2600000   -0.165482
12.2700000   -0.164245
12.2800000   -0.163107
12.2900000   -0.161869
12.3000000   -0.16073
12.3100000   -0.159591
12.3200000   -0.158351
12.3300000   -0.157211
12.3400000   -0.156071
12.3500000   -0.15493
12.3600000   -0.153789
12.3700000   -0.152748
12.3800000   -0.151606
12.3900000   -0.150464
12.4000000   -0.149421
12.4100000   -0.148278
12.4200000   -0.147235
12.4300000   -0.146091
12.4400000   -0.145047
12.4500000   -0.144003
12.4600000   -0.142958
12.4700000   -0.141913
12.4800000   -0.140867
12.4900000   -0.139821
12.5000000   -0.138775
12.5100000   -0.137728
12.5200000   -0.136681
12.5300000   -0.135733
12.5400000   -0.134686
12.5500000   -0.133738
12.5600000   -0.132689
12.5700000   -0.13174
12.5800000   -0.130691
12.5900000   -0.129741
12.6000000   -0.128791
12.6100000   -0.127841
12.6200000   -0.12689
12.6300000   -0.125939
12.6400000   -0.124988
12.6500000   -0.124036
12.6600000   -0.123084
12.6700000   -0.122232
12.6800000   -0.121279
12.6900000   -0.120326
12.7000000   -0.119472
12.7100000   -0.118518
12.7200000   -0.117664
12.7300000   -0.11681
12.7400000   -0.115855
12.7500000   -0.115
12.7600000   -0.114144
12.7700000   -0.113288
12.7800000   -0.112432
12.7900000   -0.111575
12.8000000   -0.110719
12.8100000   -0.109861
12.8200000   -0.109004
12.8300000   -0.108146
12.8400000   -0.107288
12.8500000   -0.106529
12.8600000   -0.10567
12.8700000   -0.104911
12.8800000   -0.104051
12.8900000   -0.103292
12.9000000   -0.102431
12.9100000   -0.101671
12.9200000   -0.10091
12.9300000   -0.100049
12.9400000   -0.0992873
12.9500000   -0.0985255
12.9600000   -0.0977634
12.9700000   -0.0970009
12.9800000   -0.0962381
12.9900000   -0.0954751
13.0000000   -0.0947117
13.0100000   -0.093948
13.0200000   -0.0932839
13.0300000   -0.0925196
13.0400000   -0.0917549
13.0500000   -0.09109
13.0600000   -0.0903247
13.0700000   -0.0895591
13.0800000   -0.0888932
13.0900000   -0.088227
13.1000000   -0.0874605
13.1100000   -0.0867937
13.1200000   -0.0860266
13.1300000   -0.0853592
13.1400000   -0.0846915
13.1500000   -0.0840234
13.1600000   -0.0833551
13.1700000   -0.0826865
13.1800000   -0.0820176
13.1900000   -0.0813483
13.2000000   -0.0806788
13.2100000   -0.080009
13.2200000   -0.0793389
13.2300000   -0.0786685
13.2400000   -0.0779978
13.2500000   -0.0774268
13.2600000   -0.0767555
13.2700000   -0.076084
13.2800000   -0.0755121
13.2900000   -0.07484
13.3000000   -0.0742675
13.3100000   -0.0735948
13.3200000   -0.0730218
13.3300000   -0.0724485
13.3400000   -0.0717749
13.3500000   -0.071201
13.3600000   -0.0706269
13.3700000   -0.0699524
13.3800000   -0.0693777
13.3900000   -0.0688027
13.4000000   -0.0682275
13.4100000   -0.0676519
13.4200000   -0.0670761
13.4300000   -0.0665
13.4400000   -0.0659236
13.4500000   -0.0653469
13.4600000   -0.06477
13.4700000   -0.0641928
13.4800000   -0.0637153
13.4900000   -0.0631375
13.5000000   -0.0625595
13.5100000   -0.0619812
13.5200000   -0.0615026
13.5300000   -0.0609238
13.5400000   -0.0604447
13.5500000   -0.0598653
13.5600000   -0.0593857
13.5700000   -0.0588058
13.5800000   -0.0583256
13.5900000   -0.0577452
13.6000000   -0.0572645
13.6100000   -0.0567835
13.6200000   -0.0562023
13.6300000   -0.0557208
13.6400000   -0.0552391
13.6500000   -0.0547571
13.6600000   -0.0541748
13.6700000   -0.0536923
13.6800000   -0.0532095
13.6900000   -0.0527265
13.7000000   -0.0522432
13.7100000   -0.0517596
13.7200000   -0.0512758
13.7300000   -0.0507918
13.7400000   -0.0503075
13.7500000   -0.0498229
13.7600000   -0.0493381
13.7700000   -0.048953
13.7800000   -0.0484677
13.7900000   -0.0479821
13.8000000   -0.0474963
13.8100000   -0.0471103
13.8200000   -0.046624
13.8300000   -0.0461374
13.8400000   -0.0457506
13.8500000   -0.0452636
13.8600000   -0.0448763
13.8700000   -0.0443887
13.8800000   -0.044001
13.8900000   -0.0435129
13.9000000   -0.0431247
13.9100000   -0.0426362
13.9200000   -0.0422474
13.9300000   -0.0418585
13.9400000   -0.0413692
13.9500000   -0.0409798
13.9600000   -0.0405901
13.9700000   -0.0402001
13.9800000   -0.03971
13.9900000   -0.0393196
14.0000000   -0.0389289
14.0100000   -0.0385381
14.0200000   -0.038147
14.0300000   -0.0377556
14.0400000   -0.037364
14.0500000   -0.0369722
14.0600000   -0.0365802
14.0700000   -0.0361879
14.0800000   -0.0357955
14.0900000   -0.0354027
14.1000000   -0.0350098
14.1100000   -0.0346166
14.1200000   -0.0342232
14.1300000   -0.0338296
14.1400000   -0.0335357
14.1500000   -0.0331416
14.1600000   -0.0327473
14.1700000   -0.0323528
14.1800000   -0.0320581
14.1900000   -0.0316631
14.2000000   -0.0312679
14.2100000   -0.0309725
14.2200000   -0.0305768
14.2300000   -0.030281
14.2400000   -0.0298849
14.2500000   -0.0295886
14.2600000   -0.0291921
14.2700000   -0.0288953
14.2800000   -0.0284984
14.2900000   -0.0282012
14.3000000   -0.0278039
14.3100000   -0.0275063
14.3200000   -0.0272084
14.3300000   -0.0268104
14.3400000   -0.0265122
14.3500000   -0.0262137
14.3600000   -0.0258151
14.3700000   -0.0255162
14.3800000   -0.0252171
14.3900000   -0.0249178
14.4000000   -0.0245183
14.4100000   -0.0242186
14.4200000   -0.0239187
14.4300000   -0.0236186
14.4400000   -0.0233182
14.4500000   -0.0230177
14.4600000   -0.0227169
14.4700000   -0.022416
14.4800000   -0.0221148
14.4900000   -0.0218134
14.5000000   -0.0215119
14.5100000   -0.0212101
14.5200000   -0.0209081
14.5300000   -0.0206059
14.5400000   -0.0203036
14.5500000   -0.020001
14.5600000   -0.0196982
14.5700000   -0.0193952
14.5800000   -0.019092
14.5900000   -0.0188887
14.6000000   -0.0185851
14.6100000   -0.0182813
14.6200000   -0.0179773
14.6300000   -0.0177732
14.6400000   -0.0174688
14.6500000   -0.0171642
14.6600000   -0.0169595
14.6700000   -0.0166545
14.6800000   -0.0163494
14.6900000   -0.016144
14.7000000   -0.0158385
14.7100000   -0.0155328
14.7200000   -0.0153268
14.7300000   -0.0150207
14.7400000   -0.0148144
14.7500000   -0.0145079
14.7600000   -0.0143013
14.7700000   -0.0139944
14.7800000   -0.0137873
14.7900000   -0.0134801
14.8000000   -0.0132726
14.8100000   -0.012965
14.8200000   -0.0127572
14.8300000   -0.0125492
14.8400000   -0.012241
14.8500000   -0.0120327
14.8600000   -0.0118241
14.8700000   -0.0115154
14.8800000   -0.0113064
14.8900000   -0.0110973
14.9000000   -0.010788
14.9100000   -0.0105786
14.9200000   -0.0103689
14.9300000   -0.0101591
14.9400000   -0.00994907
14.9500000   -0.00963888
14.9600000   -0.0094285
14.9700000   -0.00921795
14.9800000   -0.00900721
14.9900000   -0.0087963
15.0000000   -0.00858521
15.0100000   -0.00837394
15.0200000   -0.00806249
15.0300000   -0.00785087
15.0400000   -0.00763907
15.0500000   -0.00742709
15.0600000   -0.00721494
15.0700000   -0.00700262
15.0800000   -0.00679012
15.0900000   -0.00657745
15.1000000   -0.0063646
15.1100000   -0.00615158
15.1200000   -0.00593839
15.1300000   -0.00572502
15.1400000   -0.00561149
15.1500000   -0.00539778
15.1600000   -0.0051839
15.1700000   -0.00496985
15.1800000   -0.00475564
15.1900000   -0.00454125
15.2000000   -0.00432669
15.2100000   -0.00421197
15.2200000   -0.00399708
15.2300000   -0.00378202
15.2400000   -0.00356679
15.2500000   -0.00335139
15.2600000   -0.00323583
15.2700000   -0.00302011
15.2800000   -0.00280422
15.2900000   -0.00268816
15.3000000   -0.00247194
15.3100000   -0.00225555
15.3200000   -0.00213901
15.3300000   -0.00192229
15.3400000   -0.00170542
15.3500000   -0.00158838
15.3600000   -0.00137118
15.3700000   -0.00115382
15.3800000   -0.0010363
15.3900000   -0.000818616
15.4000000   -0.000700773
15.4100000   -0.00048277
15.4200000   -0.000264607
15.4300000   -0.000146286
15.4400000   7.21942e-05
15.4500000   0.000190833
15.4600000   0.000409629
15.4700000   0.000528582
15.4800000   0.000747693
15.4900000   0.00086696
15.5000000   0.000986384
15.5100000   0.00120596
15.5200000   0.0013257
15.5300000   0.00154559
15.5400000   0.00166563
15.5500000   0.00188583
15.5600000   0.00200618
15.5700000   0.00212669
15.5800000   0.00234735
15.5900000   0.00246816
15.6000000   0.00258912
15.6100000   0.00281024
15.6200000   0.0029315
15.6300000   0.00305292
15.6400000   0.00327449
15.6500000   0.00339621
15.6600000   0.00351808
15.6700000   0.0037401
15.6800000   0.00386226
15.6900000   0.00398458
15.7000000   0.00410705
15.7100000   0.00422966
15.7200000   0.00445242
15.7300000   0.00457533
15.7400000   0.00469838
15.7500000   0.00482158
15.7600000   0.00494493
15.7700000   0.00516842
15.7800000   0.00529206
15.7900000   0.00541584
15.8000000   0.00553977
15.8100000   0.00566384
15.8200000   0.00578806
15.8300000   0.00591242
15.8400000   0.00603692
15.8500000   0.00626157
15.8600000   0.00638636
15.8700000   0.00651129
15.8800000   0.00663636
15.8900000   0.00676157
15.9000000   0.00688693
15.9100000   0.00701243
15.9200000   0.00713806
15.9300000   0.00726384
15.9400000   0.00738975
15.9500000   0.00751581
15.9600000   0.007642
15.9700000   0.00776833
15.9800000   0.0078948
15.9900000   0.00802141
16.0000000   0.00814816
16.0100000   0.00827504
16.0200000   0.00840206
16.0300000   0.00852922
16.0400000   0.00855651
16.0500000   0.00868394
16.0600000   0.00881151
16.0700000   0.00893921
16.0800000   0.00906704
16.0900000   0.00919501
16.1000000   0.00932311
16.1100000   0.00945135
16.1200000   0.00957972
16.1300000   0.00960822
16.1400000   0.00973686
16.1500000   0.00986563
16.1600000   0.00999453
16.1700000   0.0101236
16.1800000   0.0101527
16.1900000   0.010282
16.2000000   0.0104114
16.2100000   0.010541
16.2200000   0.0106707
16.2300000   0.0107005
16.2400000   0.0108305
16.2500000   0.0109605
16.2600000   0.0110907
16.2700000   0.0111211
16.2800000   0.0112515
16.2900000   0.0113821
16.3000000   0.0114128
16.3100000   0.0115437
16.3200000   0.0116747
16.3300000   0.0117058
16.3400000   0.011837
16.3500000   0.0119683
16.3600000   0.0119998
16.3700000   0.0121314
16.3800000   0.0122631
16.3900000   0.012295
16.4000000   0.012427
16.4100000   0.0125591
16.4200000   0.0125913
16.4300000   0.0127237
16.4400000   0.0127561
16.4500000   0.0128887
16.4600000   0.0130214
16.4700000   0.0130543
16.4800000   0.0131873
16.4900000   0.0132203
16.5000000   0.0133535
16.5100000   0.0133869
16.5200000   0.0135203
16.5300000   0.0136539
16.5400000   0.0136876
16.5500000   0.0138214
16.5600000   0.0138553
16.5700000   0.0139894
16.5800000   0.0140236
16.5900000   0.0141578
16.6000000   0.0141923
16.6100000   0.0143268
16.6200000   0.0143614
16.6300000   0.0144962
16.6400000   0.0145311
16.6500000   0.0146661
16.6600000   0.0147012
16.6700000   0.0147364
16.6800000   0.0148718
16.6900000   0.0149072
16.7000000   0.0150428
16.7100000   0.0150785
16.7200000   0.0152143
16.7300000   0.0152502
16.7400000   0.0152863
16.7500000   0.0154224
16.7600000   0.0154587
16.7700000   0.0155951
16.7800000   0.0156316
16.7900000   0.0156682
16.8000000   0.0158049
16.8100000   0.0158417
16.8200000   0.0158787
16.8300000   0.0160158
16.8400000   0.0160529
16.8500000   0.0161902
16.8600000   0.0162276
16.8700000   0.0162651
16.8800000   0.0164027
16.8900000   0.0164405
16.9000000   0.0164783
16.9100000   0.0165163
16.9200000   0.0166543
16.9300000   0.0166925
16.9400000   0.0167308
16.9500000   0.0168692
16.9600000   0.0169077
16.9700000   0.0169463
16.9800000   0.016985
16.9900000   0.0171238
17.0000000   0.0171627
17.0100000   0.0172018
17.0200000   0.0172409
17.0300000   0.0173802
17.0400000   0.0174195
17.0500000   0.017459
17.0600000   0.0174986
17.0700000   0.0176382
17.0800000   0.017678
17.0900000   0.0177179
17.1000000   0.0177579
17.1100000   0.017798
17.1200000   0.0179382
17.1300000   0.0179785
17.1400000   0.018019
17.1500000   0.0180595
17.1600000   0.0181001
17.1700000   0.0182408
17.1800000   0.0182817
17.1900000   0.0183226
17.2000000   0.0183636
17.2100000   0.0184048
17.2200000   0.018446
17.2300000   0.0184874
17.2400000   0.0186288
17.2500000   0.0186704
17.2600000   0.018712
17.2700000   0.0187538
17.2800000   0.0187956
17.2900000   0.0188376
17.3000000   0.0188796
17.3100000   0.0189218
17.3200000   0.019064
17.3300000   0.0191064
17.3400000   0.0191488
17.3500000   0.0191914
17.3600000   0.019234
17.3700000   0.0192768
17.3800000   0.0193196
17.3900000   0.0193626
17.4000000   0.0194056
17.4100000   0.0194488
17.4200000   0.019492
17.4300000   0.0195354
17.4400000   0.0195788
17.4500000   0.0196224
17.4600000   0.019766
17.4700000   0.0198097
17.4800000   0.0198535
17.4900000   0.0198975
17.5000000   0.0199415
17.5100000   0.0199856
17.5200000   0.0200298
17.5300000   0.0200741
17.5400000   0.0201185
17.5500000   0.020163
17.5600000   0.0202076
17.5700000   0.0202523
17.5800000   0.0202971
17.5900000   0.0203419
17.6000000   0.0203869
17.6100000   0.020432
17.6200000   0.0204771
17.6300000   0.0205224
17.6400000   0.0204677
17.6500000   0.0205131
17.6600000   0.0205587
17.6700000   0.0206043
17.6800000   0.02065
17.6900000   0.0206958
17.7000000   0.0207417
17.7100000   0.0207877
17.7200000   0.0208338
17.7300000   0.0208799
17.7400000   0.0209262
17.7500000   0.0209726
17.7600000   0.021019
17.7700000   0.0210655
17.7800000   0.0211122
17.7900000   0.0210589
17.8000000   0.0211057
17.8100000   0.0211526
17.8200000   0.0211995
17.8300000   0.0212466
17.8400000   0.0212938
17.8500000   0.021341
17.8600000   0.0213884
17.8700000   0.0214358
17.8800000   0.0213833
17.8900000   0.0214309
17.9000000   0.0214786
17.9100000   0.0215264
17.9200000   0.0215742
17.9300000   0.0216222
17.9400000   0.0216702
17.9500000   0.0217184
17.9600000   0.0216666
17.9700000   0.0217149
17.9800000   0.0217632
17.9900000   0.0218117
18.0000000   0.0218603
18.0100000   0.0219089
18.0200000   0.0218576
18.0300000   0.0219065
18.0400000   0.0219554
18.0500000   0.0220043
18.0600000   0.0220534
18.0700000   0.0220026
18.0800000   0.0220518
18.0900000   0.0221011
18.1000000   0.0221505
18.1100000   0.0222
18.1200000   0.0221496
18.1300000   0.0221992
18.1400000   0.022249
18.1500000   0.0222988
18.1600000   0.0223487
18.1700000   0.0222987
18.1800000   0.0223488
18.1900000   0.0223989
18.2000000   0.0224492
18.2100000   0.0223995
18.2200000   0.0224499
18.2300000   0.0225003
18.2400000   0.0225509
18.2500000   0.0226015
18.2600000   0.0225523
18.2700000   0.0226031
18.2800000   0.022654
18.2900000   0.0227049
18.3000000   0.022656
18.3100000   0.0227071
18.3200000   0.0227583
18.3300000   0.0227096
18.3400000   0.022761
18.3500000   0.0228124
18.3600000   0.0228639
18.3700000   0.0228155
18.3800000   0.0228672
18.3900000   0.022919
18.4000000   0.0229708
18.4100000   0.0229227
18.4200000   0.0229747
18.4300000   0.0230268
18.4400000   0.022979
18.4500000   0.0230312
18.4600000   0.0230835
18.4700000   0.0230359
18.4800000   0.0230884
18.4900000   0.0231409
18.5000000   0.0230935
18.5100000   0.0231462
18.5200000   0.023199
18.5300000   0.0232518
18.5400000   0.0232047
18.5500000   0.0232577
18.5600000   0.0233108
18.5700000   0.023264
18.5800000   0.0233172
18.5900000   0.0233705
18.6000000   0.0233239
18.6100000   0.0233773
18.6200000   0.0234309
18.6300000   0.0233845
18.6400000   0.0234381
18.6500000   0.0233919
18.6600000   0.0234457
18.6700000   0.0234996
18.6800000   0.0234536
18.6900000   0.0235076
18.7000000   0.0235618
18.7100000   0.023516
18.7200000   0.0235702
18.7300000   0.0236246
18.7400000   0.023579
18.7500000   0.0236335
18.7600000   0.023588
18.7700000   0.0236427
18.7800000   0.0236974
18.7900000   0.0236521
18.8000000   0.023707
18.8100000   0.0236619
18.8200000   0.0237169
18.8300000   0.023772
18.8400000   0.0237271
18.8500000   0.0237823
18.8600000   0.0237376
18.8700000   0.023793
18.8800000   0.0238484
18.8900000   0.0238039
18.9000000   0.0238594
18.9100000   0.0238151
18.9200000   0.0238708
18.9300000   0.0239265
18.9400000   0.0238824
18.9500000   0.0239383
18.9600000   0.0238943
18.9700000   0.0239503
18.9800000   0.0239065
18.9900000   0.0239627
19.0000000   0.0240189
19.0100000   0.0239752
19.0200000   0.0240316
19.0300000   0.0239881
19.0400000   0.0240447
19.0500000   0.0240013
19.0600000   0.0240579
19.0700000   0.0241147
19.0800000   0.0240715
19.0900000   0.0241284
19.1000000   0.0240853
19.1100000   0.0241423
19.1200000   0.0240994
19.1300000   0.0241565
19.1400000   0.0241138
19.1500000   0.024171
19.1600000   0.0241284
19.1700000   0.0241858
19.1800000   0.0241433
19.1900000   0.0242008
19.2000000   0.0241584
19.2100000   0.0242161
19.2200000   0.0242739
19.2300000   0.0242317
19.2400000   0.0242896
19.2500000   0.0242475
19.2600000   0.0243055
19.2700000   0.0242636
19.2800000   0.0243217
19.2900000   0.0242799
19.3000000   0.0243382
19.3100000   0.0242965
19.3200000   0.0243549
19.3300000   0.0243134
19.3400000   0.0243719
19.3500000   0.0243305
19.3600000   0.0243892
19.3700000   0.0243479
19.3800000   0.0244067
19.3900000   0.0243655
19.4000000   0.0244244
19.4100000   0.0243834
19.4200000   0.0244425
19.4300000   0.0244016
19.4400000   0.0244607
19.4500000   0.02442
19.4600000   0.0243792
19.4700000   0.0244386
19.4800000   0.024398
19.4900000   0.0244575
19.5000000   0.024417
19.5100000   0.0244766
19.5200000   0.0244363
19.5300000   0.024496
19.5400000   0.0244558
19.5500000   0.0245157
19.5600000   0.0244756
19.5700000   0.0245356
19.5800000   0.0244956
19.5900000   0.0245557
19.6000000   0.0245158
19.6100000   0.0244761
19.6200000   0.0245363
19.6300000   0.0244967
19.6400000   0.0245571
19.6500000   0.0245175
19.6600000   0.0245781
19.6700000   0.0245387
19.6800000   0.0245993
19.6900000   0.02456
19.7000000   0.0245208
19.7100000   0.0245816
19.7200000   0.0245425
19.7300000   0.0246034
19.7400000   0.0245644
19.7500000   0.0246255
19.7600000   0.0245866
19.7700000   0.0245477
19.7800000   0.024609
19.7900000   0.0245703
19.8000000   0.0246316
19.8100000   0.024593
19.8200000   0.0246545
19.8300000   0.024616
19.8400000   0.0245776
19.8500000   0.0246393
19.8600000   0.024601
19.8700000   0.0246627
19.8800000   0.0246246
19.8900000   0.0245864
19.9000000   0.0246484
19.9100000   0.0246103
19.9200000   0.0246724
19.9300000   0.0246345
19.9400000   0.0245967
19.9500000   0.0246589
19.9600000   0.0246212
19.9700000   0.0246835
19.9800000   0.0246459
19.9900000   0.0246083
20.0000000   0.0246708
20.0100000   0.0246334
20.0200000   0.024696
20.0300000   0.0246587
20.0400000   0.0246214
20.0500000   0.0246842
20.0600000   0.024647
20.0700000   0.0247099
20.0800000   0.0246728
20.0900000   0.0246358
