0.1000000   879730
0.1100000   878950
0.1200000   878357
0.1300000   877895
0.1400000   877528
0.1500000   877232
0.1600000   876990
0.1700000   876790
0.1800000   876622
0.1900000   876480
0.2000000   876358
0.2100000   876254
0.2200000   876163
0.2300000   876084
0.2400000   876015
0.2500000   875953
0.2600000   875899
0.2700000   875851
0.2800000   875807
0.2900000   875769
0.3000000   875734
0.3100000   875702
0.3200000   875673
0.3300000   875647
0.3400000   875623
0.3500000   875601
0.3600000   875581
0.3700000   875562
0.3800000   875545
0.3900000   875530
0.4000000   875515
0.4100000   875501
0.4200000   875489
0.4300000   875477
0.4400000   875466
0.4500000   875456
0.4600000   875446
0.4700000   875438
0.4800000   875429
0.4900000   875421
0.5000000   875414
0.5100000   875407
0.5200000   875400
0.5300000   875394
0.5400000   875388
0.5500000   875383
0.5600000   875377
0.5700000   875372
0.5800000   875368
0.5900000   875363
0.6000000   875359
0.6100000   875355
0.6200000   875351
0.6300000   875347
0.6400000   875344
0.6500000   875340
0.6600000   875337
0.6700000   875334
0.6800000   875331
0.6900000   875328
0.7000000   875326
0.7100000   875323
0.7200000   875321
0.7300000   875318
0.7400000   875316
0.7500000   875314
0.7600000   875312
0.7700000   875310
0.7800000   875308
0.7900000   875306
0.8000000   875304
0.8100000   875302
0.8200000   875301
0.8300000   875299
0.8400000   875298
0.8500000   875296
0.8600000   875295
0.8700000   875293
0.8800000   875292
0.8900000   875291
0.9000000   875289
0.9100000   875288
0.9200000   875287
0.9300000   875286
0.9400000   875285
0.9500000   875284
0.9600000   875283
0.9700000   875282
0.9800000   875281
0.9900000   875280
1.0000000   875279
1.0100000   875278
1.0200000   875277
1.0300000   875276
1.0400000   875276
1.0500000   875275
1.0600000   875274
1.0700000   875273
1.0800000   875273
1.0900000   875272
1.1000000   875271
1.1100000   875270
1.1200000   875270
1.1300000   875269
1.1400000   875269
1.1500000   875268
1.1600000   875267
1.1700000   875267
1.1800000   875266
1.1900000   875266
1.2000000   875265
1.2100000   875265
1.2200000   875264
1.2300000   875264
1.2400000   875263
1.2500000   875263
1.2600000   875262
1.2700000   875262
1.2800000   875261
1.2900000   875261
1.3000000   875261
1.3100000   875260
1.3200000   875260
1.3300000   875259
1.3400000   875259
1.3500000   875259
1.3600000   875258
1.3700000   875258
1.3800000   875258
1.3900000   875257
1.4000000   875257
1.4100000   875257
1.4200000   875256
1.4300000   875256
1.4400000   875256
1.4500000   875255
1.4600000   875255
1.4700000   875255
1.4800000   875254
1.4900000   875254
1.5000000   875254
1.5100000   875254
1.5200000   875253
1.5300000   875253
1.5400000   875253
1.5500000   875253
1.5600000   875252
1.5700000   875252
1.5800000   875252
1.5900000   875252
1.6000000   875252
1.6100000   875251
1.6200000   875251
1.6300000   875251
1.6400000   875251
1.6500000   875250
1.6600000   875250
1.6700000   875250
1.6800000   875250
1.6900000   875250
1.7000000   875250
1.7100000   875249
1.7200000   875249
1.7300000   875249
1.7400000   875249
1.7500000   875249
1.7600000   875248
1.7700000   875248
1.7800000   875248
1.7900000   875248
1.8000000   875248
1.8100000   875248
1.8200000   875248
1.8300000   875247
1.8400000   875247
1.8500000   875247
1.8600000   875247
1.8700000   875247
1.8800000   875247
1.8900000   875247
1.9000000   875246
1.9100000   875246
1.9200000   875246
1.9300000   875246
1.9400000   875246
1.9500000   875246
1.9600000   875246
1.9700000   875246
1.9800000   875245
1.9900000   875245
2.0000000   875245
2.0100000   875245
2.0200000   875245
2.0300000   875245
2.0400000   875245
2.0500000   875245
2.0600000   875245
2.0700000   875244
2.0800000   875244
2.0900000   875244
2.1000000   875244
2.1100000   875244
2.1200000   875244
2.1300000   875244
2.1400000   875244
2.1500000   875244
2.1600000   875244
2.1700000   875244
2.1800000   875243
2.1900000   875243
2.2000000   875243
2.2100000   875243
2.2200000   875243
2.2300000   875243
2.2400000   875243
2.2500000   875243
2.2600000   875243
2.2700000   875243
2.2800000   875243
2.2900000   875243
2.3000000   875242
2.3100000   875242
2.3200000   875242
2.3300000   875242
2.3400000   875242
2.3500000   875242
2.3600000   875242
2.3700000   875242
2.3800000   875242
2.3900000   875242
2.4000000   875242
2.4100000   875242
2.4200000   875242
2.4300000   875242
2.4400000   875242
2.4500000   875241
2.4600000   875241
2.4700000   875241
2.4800000   875241
2.4900000   875241
2.5000000   875241
2.5100000   834197
2.5200000   795227
2.5300000   758218
2.5400000   723066
2.5500000   689670
2.5600000   657935
2.5700000   627775
2.5800000   599104
2.5900000   571844
2.6000000   545920
2.6100000   521263
2.6200000   497805
2.6300000   475485
2.6400000   454243
2.6500000   434023
2.6600000   414773
2.6700000   396443
2.6800000   378985
2.6900000   362355
2.7000000   346512
2.7100000   331414
2.7200000   317025
2.7300000   303309
2.7400000   290232
2.7500000   277762
2.7600000   265869
2.7700000   254525
2.7800000   243702
2.7900000   233374
2.8000000   223518
2.8100000   214109
2.8200000   205127
2.8300000   196551
2.8400000   188361
2.8500000   180538
2.8600000   173065
2.8700000   165925
2.8800000   159102
2.8900000   152581
2.9000000   146347
2.9100000   140388
2.9200000   134689
2.9300000   129240
2.9400000   124028
2.9500000   119042
2.9600000   114271
2.9700000   109706
2.9800000   105338
2.9900000   101156
3.0000000   97153.3
3.0100000   93320.7
3.0200000   89650.7
3.0300000   86135.8
3.0400000   82769.1
3.0500000   79543.9
3.0600000   76453.8
3.0700000   73492.7
3.0800000   70654.9
3.0900000   67934.9
3.1000000   65327.4
3.1100000   62827.5
3.1200000   60430.3
3.1300000   58131.4
3.1400000   55926.5
3.1500000   53811.4
3.1600000   51782.2
3.1700000   49835.2
3.1800000   47966.8
3.1900000   46173.6
3.2000000   44452.4
3.2100000   42800.1
3.2200000   41213.7
3.2300000   39690.4
3.2400000   38227.6
3.2500000   36822.6
3.2600000   35473
3.2700000   34176.5
3.2800000   32930.8
3.2900000   31733.8
3.3000000   30583.4
3.3100000   29477.8
3.3200000   28415
3.3300000   27393.3
3.3400000   26411
3.3500000   25466.5
3.3600000   24558.1
3.3700000   23684.5
3.3800000   22844.1
3.3900000   22035.7
3.4000000   21257.9
3.4100000   20509.5
3.4200000   19789.4
3.4300000   19096.3
3.4400000   18429.2
3.4500000   17787
3.4600000   17168.8
3.4700000   16573.5
3.4800000   16000.3
3.4900000   15448.4
3.5000000   14916.8
3.5100000   14404.7
3.5200000   13911.4
3.5300000   13436.2
3.5400000   12978.4
3.5500000   12537.2
3.5600000   12112
3.5700000   11702.2
3.5800000   11307.2
3.5900000   10926.5
3.6000000   10559.4
3.6100000   10205.5
3.6200000   9864.23
3.6300000   9535.15
3.6400000   9217.77
3.6500000   8911.66
3.6600000   8616.38
3.6700000   8331.53
3.6800000   8056.71
3.6900000   7791.54
3.7000000   7535.67
3.7100000   7288.74
3.7200000   7050.43
3.7300000   6820.4
3.7400000   6598.36
3.7500000   6384.01
3.7600000   6177.06
3.7700000   5977.25
3.7800000   5784.3
3.7900000   5597.97
3.8000000   5418.01
3.8100000   5244.2
3.8200000   5076.3
3.8300000   4914.11
3.8400000   4757.42
3.8500000   4606.02
3.8600000   4459.74
3.8700000   4318.37
3.8800000   4181.76
3.8900000   4049.72
3.9000000   3922.1
3.9100000   3798.74
3.9200000   3679.48
3.9300000   3564.18
3.9400000   3452.7
3.9500000   3344.91
3.9600000   3240.67
3.9700000   3139.86
3.9800000   3042.37
3.9900000   2948.07
4.0000000   2856.86
4.0100000   2768.62
4.0200000   2683.25
4.0300000   2600.66
4.0400000   2520.75
4.0500000   2443.42
4.0600000   2368.59
4.0700000   2296.17
4.0800000   2226.08
4.0900000   2158.24
4.1000000   2092.57
4.1100000   2029
4.1200000   1967.45
4.1300000   1907.87
4.1400000   1850.18
4.1500000   1794.31
4.1600000   1740.22
4.1700000   1687.83
4.1800000   1637.09
4.1900000   1587.95
4.2000000   1540.35
4.2100000   1494.25
4.2200000   1449.58
4.2300000   1406.31
4.2400000   1364.38
4.2500000   1323.76
4.2600000   1284.4
4.2700000   1246.26
4.2800000   1209.3
4.2900000   1173.48
4.3000000   1138.76
4.3100000   1105.11
4.3200000   1072.49
4.3300000   1040.87
4.3400000   1010.22
4.3500000   980.506
4.3600000   951.695
4.3700000   923.761
4.3800000   896.674
4.3900000   870.409
4.4000000   844.939
4.4100000   820.238
4.4200000   796.282
4.4300000   773.047
4.4400000   750.51
4.4500000   728.649
4.4600000   707.444
4.4700000   686.872
4.4800000   666.915
4.4900000   647.553
4.5000000   628.766
4.5100000   610.539
4.5200000   592.851
4.5300000   575.688
4.5400000   559.033
4.5500000   542.869
4.5600000   527.182
4.5700000   511.956
4.5800000   497.178
4.5900000   482.834
4.6000000   468.911
4.6100000   455.394
4.6200000   442.273
4.6300000   429.535
4.6400000   417.168
4.6500000   405.161
4.6600000   393.502
4.6700000   382.182
4.6800000   371.19
4.6900000   360.517
4.7000000   350.151
4.7100000   340.085
4.7200000   330.309
4.7300000   320.814
4.7400000   311.593
4.7500000   302.636
4.7600000   293.936
4.7700000   285.486
4.7800000   277.277
4.7900000   269.302
4.8000000   261.556
4.8100000   254.03
4.8200000   246.718
4.8300000   239.614
4.8400000   232.713
4.8500000   226.007
4.8600000   219.491
4.8700000   213.16
4.8800000   207.007
4.8900000   201.029
4.9000000   195.22
4.9100000   189.574
4.9200000   184.087
4.9300000   178.755
4.9400000   173.573
4.9500000   168.536
4.9600000   163.641
4.9700000   158.883
4.9800000   154.258
4.9900000   149.763
5.0000000   145.393
5.0100000   141.146
5.0200000   137.017
5.0300000   133.004
5.0400000   129.102
5.0500000   125.309
5.0600000   121.622
5.0700000   118.037
5.0800000   114.552
5.0900000   111.164
5.1000000   107.869
5.1100000   104.667
5.1200000   101.553
5.1300000   98.5253
5.1400000   95.5816
5.1500000   92.7194
5.1600000   89.9364
5.1700000   87.2304
5.1800000   84.5992
5.1900000   82.0407
5.2000000   79.5529
5.2100000   77.1338
5.2200000   74.7816
5.2300000   72.4942
5.2400000   70.2698
5.2500000   68.1069
5.2600000   66.0036
5.2700000   63.9583
5.2800000   61.9693
5.2900000   60.0352
5.3000000   58.1543
5.3100000   56.3253
5.3200000   54.5466
5.3300000   52.817
5.3400000   51.135
5.3500000   49.4993
5.3600000   47.9086
5.3700000   46.3618
5.3800000   44.8575
5.3900000   43.3947
5.4000000   41.9723
5.4100000   40.589
5.4200000   39.2439
5.4300000   37.9359
5.4400000   36.6639
5.4500000   35.427
5.4600000   34.2243
5.4700000   33.0548
5.4800000   31.9176
5.4900000   30.8118
5.5000000   29.7365
5.5100000   28.6912
5.5200000   27.6746
5.5300000   26.6863
5.5400000   25.7253
5.5500000   24.7909
5.5600000   23.8825
5.5700000   22.9994
5.5800000   22.1408
5.5900000   21.3061
5.6000000   20.4946
5.6100000   19.7058
5.6200000   18.9389
5.6300000   18.1936
5.6400000   17.4691
5.6500000   16.7648
5.6600000   16.0803
5.6700000   15.4149
5.6800000   14.7683
5.6900000   14.1399
5.7000000   13.5293
5.7100000   12.9358
5.7200000   12.3592
5.7300000   11.7988
5.7400000   11.2543
5.7500000   10.7254
5.7600000   10.2115
5.7700000   9.71229
5.7800000   9.22722
5.7900000   8.75617
5.8000000   8.29855
5.8100000   7.85416
5.8200000   7.42248
5.8300000   7.00333
5.8400000   6.5963
5.8500000   6.2011
5.8600000   5.81742
5.8700000   5.44486
5.8800000   5.08323
5.8900000   4.73222
5.9000000   4.39153
5.9100000   4.06086
5.9200000   3.73991
5.9300000   3.42859
5.9400000   3.12649
5.9500000   2.83351
5.9600000   2.54925
5.9700000   2.27351
5.9800000   2.0061
5.9900000   1.7468
6.0000000   1.49543
6.0100000   1.25167
6.0200000   1.01544
6.0300000   0.78643
6.0400000   0.564539
6.0500000   0.349568
6.0600000   0.141217
6.0700000   -0.0605144
6.0800000   -0.255926
6.0900000   -0.445117
6.1000000   -0.628289
6.1100000   -0.805541
6.1200000   -0.977174
6.1300000   -1.14319
6.1400000   -1.30388
6.1500000   -1.45926
6.1600000   -1.60951
6.1700000   -1.75475
6.1800000   -1.89517
6.1900000   -2.03087
6.2000000   -2.16196
6.2100000   -2.28852
6.2200000   -2.41077
6.2300000   -2.52879
6.2400000   -2.6427
6.2500000   -2.7526
6.2600000   -2.85857
6.2700000   -2.96073
6.2800000   -3.05917
6.2900000   -3.15409
6.3000000   -3.2455
6.3100000   -3.33338
6.3200000   -3.41805
6.3300000   -3.49951
6.3400000   -3.57775
6.3500000   -3.65307
6.3600000   -3.72527
6.3700000   -3.79466
6.3800000   -3.86123
6.3900000   -3.92508
6.4000000   -3.98622
6.4100000   -4.04484
6.4200000   -4.10095
6.4300000   -4.15454
6.4400000   -4.20582
6.4500000   -4.25478
6.4600000   -4.30142
6.4700000   -4.34595
6.4800000   -4.38836
6.4900000   -4.42866
6.5000000   -4.46694
6.5100000   -4.50331
6.5200000   -4.53776
6.5300000   -4.5704
6.5400000   -4.60122
6.5500000   -4.63023
6.5600000   -4.65762
6.5700000   -4.6834
6.5800000   -4.70746
6.5900000   -4.73011
6.6000000   -4.75115
6.6100000   -4.77077
6.6200000   -4.78897
6.6300000   -4.80577
6.6400000   -4.82125
6.6500000   -4.83531
6.6600000   -4.84826
6.6700000   -4.8599
6.6800000   -4.87042
6.6900000   -4.87973
6.7000000   -4.88783
6.7100000   -4.89501
6.7200000   -4.90098
6.7300000   -4.90604
6.7400000   -4.91008
6.7500000   -4.91311
6.7600000   -4.91523
6.7700000   -4.91644
6.7800000   -4.91673
6.7900000   -4.91621
6.8000000   -4.91487
6.8100000   -4.91273
6.8200000   -4.90987
6.8300000   -4.9062
6.8400000   -4.90171
6.8500000   -4.89662
6.8600000   -4.89091
6.8700000   -4.88439
6.8800000   -4.87736
6.8900000   -4.86961
6.9000000   -4.86136
6.9100000   -4.85249
6.9200000   -4.84301
6.9300000   -4.83302
6.9400000   -4.82251
6.9500000   -4.8115
6.9600000   -4.80007
6.9700000   -4.78803
6.9800000   -4.77568
6.9900000   -4.76282
7.0000000   -4.74955
7.0100000   -4.73586
7.0200000   -4.72177
7.0300000   -4.70736
7.0400000   -4.69255
7.0500000   -4.67732
7.0600000   -4.66188
7.0700000   -4.64603
7.0800000   -4.62987
7.0900000   -4.6135
7.1000000   -4.59671
7.1100000   -4.57972
7.1200000   -4.56242
7.1300000   -4.5449
7.1400000   -4.52718
7.1500000   -4.50915
7.1600000   -4.491
7.1700000   -4.47255
7.1800000   -4.45388
7.1900000   -4.43511
7.2000000   -4.41602
7.2100000   -4.39682
7.2200000   -4.37752
7.2300000   -4.358
7.2400000   -4.33828
7.2500000   -4.31854
7.2600000   -4.2986
7.2700000   -4.27844
7.2800000   -4.25828
7.2900000   -4.238
7.3000000   -4.21752
7.3100000   -4.19703
7.3200000   -4.17643
7.3300000   -4.15571
7.3400000   -4.13499
7.3500000   -4.11406
7.3600000   -4.09312
7.3700000   -4.07217
7.3800000   -4.05112
7.3900000   -4.03005
7.4000000   -4.00887
7.4100000   -3.98769
7.4200000   -3.96639
7.4300000   -3.94519
7.4400000   -3.92388
7.4500000   -3.90256
7.4600000   -3.88123
7.4700000   -3.85989
7.4800000   -3.83844
7.4900000   -3.81709
7.5000000   -3.79572
7.5100000   -3.77435
7.5200000   -3.75297
7.5300000   -3.73158
7.5400000   -3.71018
7.5500000   -3.68888
7.5600000   -3.66756
7.5700000   -3.64624
7.5800000   -3.62491
7.5900000   -3.60367
7.6000000   -3.58242
7.6100000   -3.56116
7.6200000   -3.54
7.6300000   -3.51883
7.6400000   -3.49775
7.6500000   -3.47666
7.6600000   -3.45567
7.6700000   -3.43467
7.6800000   -3.41375
7.6900000   -3.39284
7.7000000   -3.37201
7.7100000   -3.35118
7.7200000   -3.33053
7.7300000   -3.30978
7.7400000   -3.28923
7.7500000   -3.26866
7.7600000   -3.24819
7.7700000   -3.22771
7.7800000   -3.20733
7.7900000   -3.18703
7.8000000   -3.16683
7.8100000   -3.14672
7.8200000   -3.12661
7.8300000   -3.10658
7.8400000   -3.08665
7.8500000   -3.06672
7.8600000   -3.04697
7.8700000   -3.02722
7.8800000   -3.00756
7.8900000   -2.988
7.9000000   -2.96852
7.9100000   -2.94904
7.9200000   -2.92976
7.9300000   -2.91046
7.9400000   -2.89136
7.9500000   -2.87226
7.9600000   -2.85324
7.9700000   -2.83432
7.9800000   -2.8155
7.9900000   -2.79676
8.0000000   -2.77802
8.0100000   -2.75948
8.0200000   -2.74102
8.0300000   -2.72256
8.0400000   -2.7043
8.0500000   -2.68602
8.0600000   -2.66784
8.0700000   -2.64986
8.0800000   -2.63187
8.0900000   -2.61397
8.1000000   -2.59616
8.1100000   -2.57845
8.1200000   -2.56083
8.1300000   -2.54331
8.1400000   -2.52588
8.1500000   -2.50855
8.1600000   -2.4913
8.1700000   -2.47416
8.1800000   -2.4571
8.1900000   -2.44014
8.2000000   -2.42328
8.2100000   -2.4064
8.2200000   -2.38973
8.2300000   -2.37314
8.2400000   -2.35655
8.2500000   -2.34016
8.2600000   -2.32386
8.2700000   -2.30755
8.2800000   -2.29144
8.2900000   -2.27532
8.3000000   -2.25939
8.3100000   -2.24346
8.3200000   -2.22773
8.3300000   -2.21199
8.3400000   -2.19634
8.3500000   -2.18079
8.3600000   -2.16543
8.3700000   -2.15006
8.3800000   -2.1348
8.3900000   -2.11962
8.4000000   -2.10454
8.4100000   -2.08956
8.4200000   -2.07466
8.4300000   -2.05987
8.4400000   -2.04517
8.4500000   -2.03046
8.4600000   -2.01595
8.4700000   -2.00153
8.4800000   -1.98711
8.4900000   -1.97288
8.5000000   -1.95865
8.5100000   -1.94451
8.5200000   -1.93057
8.5300000   -1.91662
8.5400000   -1.90276
8.5500000   -1.889
8.5600000   -1.87534
8.5700000   -1.86167
8.5800000   -1.8482
8.5900000   -1.83472
8.6000000   -1.82144
8.6100000   -1.80815
8.6200000   -1.79495
8.6300000   -1.78186
8.6400000   -1.76885
8.6500000   -1.75594
8.6600000   -1.74313
8.6700000   -1.73031
8.6800000   -1.71769
8.6900000   -1.70506
8.7000000   -1.69253
8.7100000   -1.6801
8.7200000   -1.66775
8.7300000   -1.65551
8.7400000   -1.64326
8.7500000   -1.6311
8.7600000   -1.61914
8.7700000   -1.60708
8.7800000   -1.59521
8.7900000   -1.58344
8.8000000   -1.57166
8.8100000   -1.56007
8.8200000   -1.54849
8.8300000   -1.5369
8.8400000   -1.5255
8.8500000   -1.5141
8.8600000   -1.50289
8.8700000   -1.49169
8.8800000   -1.48047
8.8900000   -1.46945
8.9000000   -1.45843
8.9100000   -1.44751
8.9200000   -1.43667
8.9300000   -1.42594
8.9400000   -1.4152
8.9500000   -1.40456
8.9600000   -1.39401
8.9700000   -1.38356
8.9800000   -1.3731
8.9900000   -1.36274
9.0000000   -1.35248
9.0100000   -1.34231
9.0200000   -1.33214
9.0300000   -1.32206
9.0400000   -1.31208
9.0500000   -1.30209
9.0600000   -1.2922
9.0700000   -1.28241
9.0800000   -1.27272
9.0900000   -1.26301
9.1000000   -1.25341
9.1100000   -1.2439
9.1200000   -1.23439
9.1300000   -1.22497
9.1400000   -1.21565
9.1500000   -1.20593
9.1600000   -1.1946
9.1700000   -1.18337
9.1800000   -1.17223
9.1900000   -1.16119
9.2000000   -1.15025
9.2100000   -1.1395
9.2200000   -1.12875
9.2300000   -1.1181
9.2400000   -1.10754
9.2500000   -1.09708
9.2600000   -1.08671
9.2700000   -1.07654
9.2800000   -1.06637
9.2900000   -1.05629
9.3000000   -1.04621
9.3100000   -1.03633
9.3200000   -1.02654
9.3300000   -1.01685
9.3400000   -1.00716
9.3500000   -0.997659
9.3600000   -0.988157
9.3700000   -0.978752
9.3800000   -0.969444
9.3900000   -0.960232
9.4000000   -0.951116
9.4100000   -0.941997
9.4200000   -0.933075
9.4300000   -0.924149
9.4400000   -0.915319
9.4500000   -0.906587
9.4600000   -0.897951
9.4700000   -0.889311
9.4800000   -0.880769
9.4900000   -0.872322
9.5000000   -0.863973
9.5100000   -0.85572
9.5200000   -0.847464
9.5300000   -0.839305
9.5400000   -0.831242
9.5500000   -0.823176
9.5600000   -0.815307
9.5700000   -0.807435
9.5800000   -0.799559
9.5900000   -0.791881
9.6000000   -0.784199
9.6100000   -0.776614
9.6200000   -0.769025
9.6300000   -0.761534
9.6400000   -0.754139
9.6500000   -0.746842
9.6600000   -0.739541
9.6700000   -0.732337
9.6800000   -0.72513
9.6900000   -0.71802
9.7000000   -0.711007
9.7100000   -0.70409
9.7200000   -0.697171
9.7300000   -0.690249
9.7400000   -0.683524
9.7500000   -0.676696
9.7600000   -0.670064
9.7700000   -0.66343
9.7800000   -0.656893
9.7900000   -0.650353
9.8000000   -0.64391
9.8100000   -0.637464
9.8200000   -0.631115
9.8300000   -0.624863
9.8400000   -0.618608
9.8500000   -0.612451
9.8600000   -0.606291
9.8700000   -0.600227
9.8800000   -0.594161
9.8900000   -0.588192
9.9000000   -0.58222
9.9100000   -0.576346
9.9200000   -0.570568
9.9300000   -0.564788
9.9400000   -0.559005
9.9500000   -0.55332
9.9600000   -0.547731
9.9700000   -0.54214
9.9800000   -0.536546
9.9900000   -0.531049
10.0000000   -0.52565
10.0100000   -0.520248
10.0200000   -0.514843
10.0300000   -0.509536
10.0400000   -0.504326
10.0500000   -0.499113
10.0600000   -0.493898
10.0700000   -0.48878
10.0800000   -0.483659
10.0900000   -0.478636
10.1000000   -0.47361
10.1100000   -0.468582
10.1200000   -0.463751
10.1300000   -0.458817
10.1400000   -0.453981
10.1500000   -0.449142
10.1600000   -0.444401
10.1700000   -0.439657
10.1800000   -0.435011
10.1900000   -0.430362
10.2000000   -0.425711
10.2100000   -0.421157
10.2200000   -0.4166
10.2300000   -0.412142
10.2400000   -0.40768
10.2500000   -0.403217
10.2600000   -0.398851
10.2700000   -0.394482
10.2800000   -0.390211
10.2900000   -0.385938
10.3000000   -0.381662
10.3100000   -0.377484
10.3200000   -0.373303
10.3300000   -0.36912
10.3400000   -0.365035
10.3500000   -0.360947
10.3600000   -0.356957
10.3700000   -0.352965
10.3800000   -0.34897
10.3900000   -0.345073
10.4000000   -0.341073
10.4100000   -0.337272
10.4200000   -0.333368
10.4300000   -0.329562
10.4400000   -0.325853
10.4500000   -0.322042
10.4600000   -0.318329
10.4700000   -0.314614
10.4800000   -0.310996
10.4900000   -0.307376
10.5000000   -0.303754
10.5100000   -0.30023
10.5200000   -0.296604
10.5300000   -0.293175
10.5400000   -0.289644
10.5500000   -0.286211
10.5600000   -0.282776
10.5700000   -0.279338
10.5800000   -0.275999
10.5900000   -0.272657
10.6000000   -0.269313
10.6100000   -0.266067
10.6200000   -0.262819
10.6300000   -0.259569
10.6400000   -0.256316
10.6500000   -0.253162
10.6600000   -0.250005
10.6700000   -0.246847
10.6800000   -0.243786
10.6900000   -0.240623
10.7000000   -0.237558
10.7100000   -0.234591
10.7200000   -0.231522
10.7300000   -0.228551
10.7400000   -0.225578
10.7500000   -0.222703
10.7600000   -0.219726
10.7700000   -0.216847
10.7800000   -0.213966
10.7900000   -0.211183
10.8000000   -0.208298
10.8100000   -0.205511
10.8200000   -0.202722
10.8300000   -0.200031
10.8400000   -0.197238
10.8500000   -0.194543
10.8600000   -0.191846
10.8700000   -0.189147
10.8800000   -0.186546
10.8900000   -0.183943
10.9000000   -0.181339
10.9100000   -0.178732
10.9200000   -0.176124
10.9300000   -0.173613
10.9400000   -0.171101
10.9500000   -0.168587
10.9600000   -0.166171
10.9700000   -0.163653
10.9800000   -0.161234
10.9900000   -0.158812
11.0000000   -0.156389
11.0100000   -0.154063
11.0200000   -0.151636
11.0300000   -0.149307
11.0400000   -0.146977
11.0500000   -0.144644
11.0600000   -0.14241
11.0700000   -0.140073
11.0800000   -0.137835
11.0900000   -0.135596
11.1000000   -0.133354
11.1100000   -0.131211
11.1200000   -0.128966
11.1300000   -0.126819
11.1400000   -0.12467
11.1500000   -0.12252
11.1600000   -0.120468
11.1700000   -0.118314
11.1800000   -0.116258
11.1900000   -0.114201
11.2000000   -0.112142
11.2100000   -0.110081
11.2200000   -0.108119
11.2300000   -0.106155
11.2400000   -0.104089
11.2500000   -0.102121
11.2600000   -0.100252
11.2700000   -0.098281
11.2800000   -0.0963084
11.2900000   -0.0944341
11.3000000   -0.0925582
11.3100000   -0.0906806
11.3200000   -0.0888014
11.3300000   -0.0869206
11.3400000   -0.0851381
11.3500000   -0.0833539
11.3600000   -0.0814682
11.3700000   -0.0796808
11.3800000   -0.0779918
11.3900000   -0.0762012
11.4000000   -0.074409
11.4100000   -0.0727152
11.4200000   -0.0710198
11.4300000   -0.0693229
11.4400000   -0.0676243
11.4500000   -0.0659242
11.4600000   -0.0642225
11.4700000   -0.0626192
11.4800000   -0.0609144
11.4900000   -0.059308
11.5000000   -0.0577001
11.5100000   -0.0560906
11.5200000   -0.0544796
11.5300000   -0.0529671
11.5400000   -0.051353
11.5500000   -0.0498375
11.5600000   -0.0483204
11.5700000   -0.0468017
11.5800000   -0.0452816
11.5900000   -0.04376
11.6000000   -0.0422369
11.6100000   -0.0408123
11.6200000   -0.0392862
11.6300000   -0.0378587
11.6400000   -0.0364296
11.6500000   -0.0349991
11.6600000   -0.0335671
11.6700000   -0.0321337
11.6800000   -0.0307988
11.6900000   -0.0293625
11.7000000   -0.0280247
11.7100000   -0.0265855
11.7200000   -0.0252448
11.7300000   -0.0239027
11.7400000   -0.0225592
11.7500000   -0.0213143
11.7600000   -0.0199679
11.7700000   -0.0186202
11.7800000   -0.017371
11.7900000   -0.0161204
11.8000000   -0.0147685
11.8100000   -0.0135151
11.8200000   -0.0122604
11.8300000   -0.0110043
11.8400000   -0.00984675
11.8500000   -0.00858788
11.8600000   -0.00742764
11.8700000   -0.00616604
11.8800000   -0.00500307
11.8900000   -0.00383876
11.9000000   -0.00267309
11.9100000   -0.00150607
11.9200000   -0.00033772
11.9300000   0.000831971
11.9400000   0.00200299
11.9500000   0.00307534
11.9600000   0.00424902
11.9700000   0.00532401
11.9800000   0.00640031
11.9900000   0.00747793
12.0000000   0.00865685
12.0100000   0.00963707
12.0200000   0.0107186
12.0300000   0.0118014
12.0400000   0.0128855
12.0500000   0.0138709
12.0600000   0.0149575
12.0700000   0.0159455
12.0800000   0.0169347
12.0900000   0.0180252
12.1000000   0.0190169
12.1100000   0.0200099
12.1200000   0.0210042
12.1300000   0.0218997
12.1400000   0.0228964
12.1500000   0.0238944
12.1600000   0.0247936
12.1700000   0.0257941
12.1800000   0.0266958
12.1900000   0.0275987
12.2000000   0.0286028
12.2100000   0.0295082
12.2200000   0.0304148
12.2300000   0.0313225
12.2400000   0.0322315
12.2500000   0.0330417
12.2600000   0.0339531
12.2700000   0.0348657
12.2800000   0.0356795
12.2900000   0.0365944
12.3000000   0.0374106
12.3100000   0.0382279
12.3200000   0.0391464
12.3300000   0.039966
12.3400000   0.0407869
12.3500000   0.0416089
12.3600000   0.042432
12.3700000   0.0431563
12.3800000   0.0439818
12.3900000   0.0448084
12.4000000   0.0455362
12.4100000   0.0463651
12.4200000   0.0470951
12.4300000   0.0479263
12.4400000   0.0486586
12.4500000   0.049392
12.4600000   0.0501266
12.4700000   0.0508622
12.4800000   0.051599
12.4900000   0.0523369
12.5000000   0.0530759
12.5100000   0.053816
12.5200000   0.0545572
12.5300000   0.0551995
12.5400000   0.0559429
12.5500000   0.0565874
12.5600000   0.057333
12.5700000   0.0579797
12.5800000   0.0587274
12.5900000   0.0593763
12.6000000   0.0600262
12.6100000   0.0606771
12.6200000   0.0613292
12.6300000   0.0619823
12.6400000   0.0626364
12.6500000   0.0632916
12.6600000   0.0639479
12.6700000   0.0645052
12.6800000   0.0651636
12.6900000   0.065823
12.7000000   0.0663835
12.7100000   0.067045
12.7200000   0.0676075
12.7300000   0.068171
12.7400000   0.0688356
12.7500000   0.0694012
12.7600000   0.0699678
12.7700000   0.0705355
12.7800000   0.0711041
12.7900000   0.0716738
12.8000000   0.0722445
12.8100000   0.0728162
12.8200000   0.0733889
12.8300000   0.0739625
12.8400000   0.0745372
12.8500000   0.0750129
12.8600000   0.0755896
12.8700000   0.0760672
12.8800000   0.0766458
12.8900000   0.0771254
12.9000000   0.077706
12.9100000   0.0781876
12.9200000   0.0786701
12.9300000   0.0792536
12.9400000   0.0797381
12.9500000   0.0802235
12.9600000   0.0807099
12.9700000   0.0811973
12.9800000   0.0816856
12.9900000   0.0821748
13.0000000   0.082665
13.0100000   0.0831561
13.0200000   0.0835482
13.0300000   0.0840413
13.0400000   0.0845352
13.0500000   0.0849301
13.0600000   0.0854259
13.0700000   0.0859227
13.0800000   0.0863203
13.0900000   0.0867189
13.1000000   0.0872184
13.1100000   0.0876189
13.1200000   0.0881202
13.1300000   0.0885225
13.1400000   0.0889256
13.1500000   0.0893297
13.1600000   0.0897347
13.1700000   0.0901405
13.1800000   0.0905473
13.1900000   0.090955
13.2000000   0.0913635
13.2100000   0.0917729
13.2200000   0.0921833
13.2300000   0.0925945
13.2400000   0.0930066
13.2500000   0.0933195
13.2600000   0.0937334
13.2700000   0.0941481
13.2800000   0.0944637
13.2900000   0.0948801
13.3000000   0.0951974
13.3100000   0.0956156
13.3200000   0.0959347
13.3300000   0.0962546
13.3400000   0.0966753
13.3500000   0.0969969
13.3600000   0.0973194
13.3700000   0.0977427
13.3800000   0.0980668
13.3900000   0.0983918
13.4000000   0.0987176
13.4100000   0.0990443
13.4200000   0.0993718
13.4300000   0.0997001
13.4400000   0.100029
13.4500000   0.100359
13.4600000   0.10069
13.4700000   0.101022
13.4800000   0.101254
13.4900000   0.101587
13.5000000   0.101921
13.5100000   0.102256
13.5200000   0.102492
13.5300000   0.102829
13.5400000   0.103066
13.5500000   0.103404
13.5600000   0.103643
13.5700000   0.103983
13.5800000   0.104223
13.5900000   0.104564
13.6000000   0.104807
13.6100000   0.105049
13.6200000   0.105393
13.6300000   0.105638
13.6400000   0.105883
13.6500000   0.106129
13.6600000   0.106476
13.6700000   0.106723
13.6800000   0.106972
13.6900000   0.107221
13.7000000   0.10747
13.7100000   0.107721
13.7200000   0.107973
13.7300000   0.108225
13.7400000   0.108478
13.7500000   0.108731
13.7600000   0.108986
13.7700000   0.109141
13.7800000   0.109397
13.7900000   0.109654
13.8000000   0.109911
13.8100000   0.110069
13.8200000   0.110328
13.8300000   0.110588
13.8400000   0.110748
13.8500000   0.111009
13.8600000   0.111171
13.8700000   0.111434
13.8800000   0.111597
13.8900000   0.111861
13.9000000   0.112026
13.9100000   0.112291
13.9200000   0.112458
13.9300000   0.112625
13.9400000   0.112892
13.9500000   0.113061
13.9600000   0.11323
13.9700000   0.1134
13.9800000   0.11367
13.9900000   0.113841
14.0000000   0.114013
14.0100000   0.114186
14.0200000   0.114359
14.0300000   0.114533
14.0400000   0.114708
14.0500000   0.114883
14.0600000   0.115059
14.0700000   0.115236
14.0800000   0.115414
14.0900000   0.115592
14.1000000   0.115771
14.1100000   0.11595
14.1200000   0.11613
14.1300000   0.116311
14.1400000   0.116393
14.1500000   0.116575
14.1600000   0.116758
14.1700000   0.116942
14.1800000   0.117026
14.1900000   0.117211
14.2000000   0.117396
14.2100000   0.117483
14.2200000   0.11767
14.2300000   0.117757
14.2400000   0.117945
14.2500000   0.118034
14.2600000   0.118224
14.2700000   0.118314
14.2800000   0.118505
14.2900000   0.118596
14.3000000   0.118788
14.3100000   0.118881
14.3200000   0.118975
14.3300000   0.119169
14.3400000   0.119263
14.3500000   0.119359
14.3600000   0.119555
14.3700000   0.119651
14.3800000   0.119749
14.3900000   0.119847
14.4000000   0.120045
14.4100000   0.120144
14.4200000   0.120244
14.4300000   0.120344
14.4400000   0.120445
14.4500000   0.120547
14.4600000   0.120649
14.4700000   0.120752
14.4800000   0.120856
14.4900000   0.12096
14.5000000   0.121064
14.5100000   0.12117
14.5200000   0.121276
14.5300000   0.121382
14.5400000   0.121489
14.5500000   0.121597
14.5600000   0.121705
14.5700000   0.121814
14.5800000   0.121924
14.5900000   0.121934
14.6000000   0.122045
14.6100000   0.122156
14.6200000   0.122268
14.6300000   0.122281
14.6400000   0.122394
14.6500000   0.122507
14.6600000   0.122522
14.6700000   0.122636
14.6800000   0.122752
14.6900000   0.122768
14.7000000   0.122885
14.7100000   0.123002
14.7200000   0.123019
14.7300000   0.123138
14.7400000   0.123157
14.7500000   0.123276
14.7600000   0.123296
14.7700000   0.123417
14.7800000   0.123438
14.7900000   0.12356
14.8000000   0.123582
14.8100000   0.123705
14.8200000   0.123728
14.8300000   0.123752
14.8400000   0.123877
14.8500000   0.123902
14.8600000   0.123928
14.8700000   0.124054
14.8800000   0.124081
14.8900000   0.124108
14.9000000   0.124236
14.9100000   0.124264
14.9200000   0.124293
14.9300000   0.124323
14.9400000   0.124353
14.9500000   0.124483
14.9600000   0.124514
14.9700000   0.124546
14.9800000   0.124578
14.9900000   0.124611
15.0000000   0.124644
15.0100000   0.124678
15.0200000   0.124813
15.0300000   0.124847
15.0400000   0.124883
15.0500000   0.124919
15.0600000   0.124955
15.0700000   0.124992
15.0800000   0.12503
15.0900000   0.125068
15.1000000   0.125106
15.1100000   0.125145
15.1200000   0.125185
15.1300000   0.125225
15.1400000   0.125166
15.1500000   0.125207
15.1600000   0.125248
15.1700000   0.12529
15.1800000   0.125333
15.1900000   0.125376
15.2000000   0.12542
15.2100000   0.125364
15.2200000   0.125409
15.2300000   0.125454
15.2400000   0.1255
15.2500000   0.125546
15.2600000   0.125492
15.2700000   0.12554
15.2800000   0.125587
15.2900000   0.125536
15.3000000   0.125584
15.3100000   0.125633
15.3200000   0.125583
15.3300000   0.125633
15.3400000   0.125684
15.3500000   0.125635
15.3600000   0.125686
15.3700000   0.125739
15.3800000   0.125691
15.3900000   0.125744
15.4000000   0.125698
15.4100000   0.125752
15.4200000   0.125806
15.4300000   0.125761
15.4400000   0.125817
15.4500000   0.125772
15.4600000   0.125829
15.4700000   0.125786
15.4800000   0.125843
15.4900000   0.125801
15.5000000   0.125759
15.5100000   0.125818
15.5200000   0.125777
15.5300000   0.125837
15.5400000   0.125797
15.5500000   0.125857
15.5600000   0.125819
15.5700000   0.12578
15.5800000   0.125842
15.5900000   0.125804
15.6000000   0.125767
15.6100000   0.125831
15.6200000   0.125795
15.6300000   0.125759
15.6400000   0.125823
15.6500000   0.125789
15.6600000   0.125754
15.6700000   0.12582
15.6800000   0.125787
15.6900000   0.125754
15.7000000   0.125721
15.7100000   0.125689
15.7200000   0.125757
15.7300000   0.125726
15.7400000   0.125695
15.7500000   0.125665
15.7600000   0.125635
15.7700000   0.125705
15.7800000   0.125676
15.7900000   0.125648
15.8000000   0.125619
15.8100000   0.125592
15.8200000   0.125564
15.8300000   0.125537
15.8400000   0.125511
15.8500000   0.125585
15.8600000   0.125559
15.8700000   0.125534
15.8800000   0.125509
15.8900000   0.125485
15.9000000   0.125461
15.9100000   0.125437
15.9200000   0.125414
15.9300000   0.125392
15.9400000   0.125369
15.9500000   0.125347
15.9600000   0.125326
15.9700000   0.125305
15.9800000   0.125284
15.9900000   0.125264
16.0000000   0.125244
16.0100000   0.125225
16.0200000   0.125206
16.0300000   0.125188
16.0400000   0.12507
16.0500000   0.125052
16.0600000   0.125035
16.0700000   0.125018
16.0800000   0.125001
16.0900000   0.124985
16.1000000   0.124969
16.1100000   0.124954
16.1200000   0.124939
16.1300000   0.124825
16.1400000   0.124811
16.1500000   0.124797
16.1600000   0.124784
16.1700000   0.124771
16.1800000   0.124658
16.1900000   0.124646
16.2000000   0.124634
16.2100000   0.124623
16.2200000   0.124612
16.2300000   0.124502
16.2400000   0.124491
16.2500000   0.124482
16.2600000   0.124472
16.2700000   0.124363
16.2800000   0.124355
16.2900000   0.124346
16.3000000   0.124239
16.3100000   0.124231
16.3200000   0.124224
16.3300000   0.124117
16.3400000   0.124111
16.3500000   0.124105
16.3600000   0.123999
16.3700000   0.123994
16.3800000   0.123989
16.3900000   0.123885
16.4000000   0.123881
16.4100000   0.123877
16.4200000   0.123774
16.4300000   0.123771
16.4400000   0.123668
16.4500000   0.123666
16.4600000   0.123664
16.4700000   0.123563
16.4800000   0.123562
16.4900000   0.123461
16.5000000   0.123461
16.5100000   0.123361
16.5200000   0.123361
16.5300000   0.123362
16.5400000   0.123263
16.5500000   0.123264
16.5600000   0.123166
16.5700000   0.123168
16.5800000   0.123071
16.5900000   0.123074
16.6000000   0.122977
16.6100000   0.12298
16.6200000   0.122884
16.6300000   0.122889
16.6400000   0.122793
16.6500000   0.122798
16.6600000   0.122704
16.6700000   0.122609
16.6800000   0.122615
16.6900000   0.122522
16.7000000   0.122528
16.7100000   0.122435
16.7200000   0.122443
16.7300000   0.122351
16.7400000   0.122259
16.7500000   0.122267
16.7600000   0.122176
16.7700000   0.122185
16.7800000   0.122095
16.7900000   0.122005
16.8000000   0.122015
16.8100000   0.121925
16.8200000   0.121836
16.8300000   0.121847
16.8400000   0.121759
16.8500000   0.121771
16.8600000   0.121683
16.8700000   0.121595
16.8800000   0.121608
16.8900000   0.121521
16.9000000   0.121435
16.9100000   0.121349
16.9200000   0.121363
16.9300000   0.121277
16.9400000   0.121192
16.9500000   0.121207
16.9600000   0.121123
16.9700000   0.121039
16.9800000   0.120955
16.9900000   0.120971
17.0000000   0.120888
17.0100000   0.120805
17.0200000   0.120723
17.0300000   0.120741
17.0400000   0.120659
17.0500000   0.120577
17.0600000   0.120496
17.0700000   0.120515
17.0800000   0.120434
17.0900000   0.120354
17.1000000   0.120274
17.1100000   0.120194
17.1200000   0.120215
17.1300000   0.120136
17.1400000   0.120057
17.1500000   0.119978
17.1600000   0.1199
17.1700000   0.119922
17.1800000   0.119845
17.1900000   0.119768
17.2000000   0.119691
17.2100000   0.119614
17.2200000   0.119538
17.2300000   0.119462
17.2400000   0.119486
17.2500000   0.119411
17.2600000   0.119336
17.2700000   0.119261
17.2800000   0.119187
17.2900000   0.119113
17.3000000   0.119039
17.3100000   0.118965
17.3200000   0.118992
17.3300000   0.118919
17.3400000   0.118847
17.3500000   0.118774
17.3600000   0.118702
17.3700000   0.11863
17.3800000   0.118559
17.3900000   0.118488
17.4000000   0.118417
17.4100000   0.118346
17.4200000   0.118276
17.4300000   0.118206
17.4400000   0.118136
17.4500000   0.118067
17.4600000   0.118098
17.4700000   0.118029
17.4800000   0.117961
17.4900000   0.117892
17.5000000   0.117824
17.5100000   0.117757
17.5200000   0.117689
17.5300000   0.117622
17.5400000   0.117556
17.5500000   0.117489
17.5600000   0.117423
17.5700000   0.117357
17.5800000   0.117291
17.5900000   0.117226
17.6000000   0.117161
17.6100000   0.117096
17.6200000   0.117031
17.6300000   0.116967
17.6400000   0.116803
17.6500000   0.116739
17.6600000   0.116676
17.6700000   0.116613
17.6800000   0.11655
17.6900000   0.116487
17.7000000   0.116425
17.7100000   0.116363
17.7200000   0.116301
17.7300000   0.11624
17.7400000   0.116179
17.7500000   0.116118
17.7600000   0.116057
17.7700000   0.115997
17.7800000   0.115936
17.7900000   0.115777
17.8000000   0.115717
17.8100000   0.115658
17.8200000   0.115599
17.8300000   0.11554
17.8400000   0.115481
17.8500000   0.115423
17.8600000   0.115365
17.8700000   0.115307
17.8800000   0.11515
17.8900000   0.115093
17.9000000   0.115036
17.9100000   0.114979
17.9200000   0.114923
17.9300000   0.114867
17.9400000   0.114811
17.9500000   0.114755
17.9600000   0.1146
17.9700000   0.114545
17.9800000   0.11449
17.9900000   0.114435
18.0000000   0.114381
18.0100000   0.114327
18.0200000   0.114173
18.0300000   0.114119
18.0400000   0.114066
18.0500000   0.114013
18.0600000   0.11396
18.0700000   0.113808
18.0800000   0.113755
18.0900000   0.113703
18.1000000   0.113652
18.1100000   0.1136
18.1200000   0.113449
18.1300000   0.113398
18.1400000   0.113347
18.1500000   0.113296
18.1600000   0.113246
18.1700000   0.113096
18.1800000   0.113046
18.1900000   0.112997
18.2000000   0.112947
18.2100000   0.112798
18.2200000   0.11275
18.2300000   0.112701
18.2400000   0.112653
18.2500000   0.112605
18.2600000   0.112457
18.2700000   0.112409
18.2800000   0.112362
18.2900000   0.112315
18.3000000   0.112168
18.3100000   0.112121
18.3200000   0.112075
18.3300000   0.111929
18.3400000   0.111883
18.3500000   0.111837
18.3600000   0.111792
18.3700000   0.111647
18.3800000   0.111602
18.3900000   0.111557
18.4000000   0.111512
18.4100000   0.111368
18.4200000   0.111324
18.4300000   0.11128
18.4400000   0.111137
18.4500000   0.111094
18.4600000   0.111051
18.4700000   0.110908
18.4800000   0.110865
18.4900000   0.110823
18.5000000   0.110681
18.5100000   0.110639
18.5200000   0.110597
18.5300000   0.110555
18.5400000   0.110414
18.5500000   0.110373
18.5600000   0.110332
18.5700000   0.110192
18.5800000   0.110152
18.5900000   0.110112
18.6000000   0.109972
18.6100000   0.109932
18.6200000   0.109893
18.6300000   0.109753
18.6400000   0.109714
18.6500000   0.109576
18.6600000   0.109537
18.6700000   0.109499
18.6800000   0.109361
18.6900000   0.109323
18.7000000   0.109285
18.7100000   0.109148
18.7200000   0.109111
18.7300000   0.109074
18.7400000   0.108937
18.7500000   0.1089
18.7600000   0.108764
18.7700000   0.108728
18.7800000   0.108692
18.7900000   0.108556
18.8000000   0.108521
18.8100000   0.108386
18.8200000   0.108351
18.8300000   0.108316
18.8400000   0.108181
18.8500000   0.108147
18.8600000   0.108013
18.8700000   0.107979
18.8800000   0.107945
18.8900000   0.107812
18.9000000   0.107778
18.9100000   0.107645
18.9200000   0.107612
18.9300000   0.10758
18.9400000   0.107447
18.9500000   0.107415
18.9600000   0.107283
18.9700000   0.107251
18.9800000   0.107119
18.9900000   0.107088
19.0000000   0.107057
19.0100000   0.106926
19.0200000   0.106895
19.0300000   0.106764
19.0400000   0.106734
19.0500000   0.106604
19.0600000   0.106574
19.0700000   0.106544
19.0800000   0.106414
19.0900000   0.106385
19.1000000   0.106256
19.1100000   0.106227
19.1200000   0.106098
19.1300000   0.10607
19.1400000   0.105941
19.1500000   0.105913
19.1600000   0.105785
19.1700000   0.105757
19.1800000   0.10563
19.1900000   0.105602
19.2000000   0.105475
19.2100000   0.105448
19.2200000   0.105422
19.2300000   0.105295
19.2400000   0.105269
19.2500000   0.105143
19.2600000   0.105117
19.2700000   0.104991
19.2800000   0.104965
19.2900000   0.10484
19.3000000   0.104815
19.3100000   0.10469
19.3200000   0.104665
19.3300000   0.10454
19.3400000   0.104516
19.3500000   0.104392
19.3600000   0.104368
19.3700000   0.104244
19.3800000   0.10422
19.3900000   0.104097
19.4000000   0.104073
19.4100000   0.10395
19.4200000   0.103927
19.4300000   0.103805
19.4400000   0.103782
19.4500000   0.10366
19.4600000   0.103538
19.4700000   0.103516
19.4800000   0.103394
19.4900000   0.103372
19.5000000   0.103251
19.5100000   0.10323
19.5200000   0.103109
19.5300000   0.103088
19.5400000   0.102967
19.5500000   0.102947
19.5600000   0.102827
19.5700000   0.102807
19.5800000   0.102687
19.5900000   0.102667
19.6000000   0.102548
19.6100000   0.102428
19.6200000   0.102409
19.6300000   0.10229
19.6400000   0.102271
19.6500000   0.102153
19.6600000   0.102134
19.6700000   0.102016
19.6800000   0.101998
19.6900000   0.10188
19.7000000   0.101762
19.7100000   0.101745
19.7200000   0.101627
19.7300000   0.10161
19.7400000   0.101493
19.7500000   0.101476
19.7600000   0.10136
19.7700000   0.101243
19.7800000   0.101227
19.7900000   0.101111
19.8000000   0.101095
19.8100000   0.100979
19.8200000   0.100964
19.8300000   0.100848
19.8400000   0.100733
19.8500000   0.100718
19.8600000   0.100603
19.8700000   0.100588
19.8800000   0.100474
19.8900000   0.100359
19.9000000   0.100345
19.9100000   0.100231
19.9200000   0.100217
19.9300000   0.100104
19.9400000   0.09999
19.9500000   0.0999766
19.9600000   0.0998635
19.9700000   0.0998505
19.9800000   0.0997376
19.9900000   0.099625
20.0000000   0.0996125
20.0100000   0.0995001
20.0200000   0.099488
20.0300000   0.099376
20.0400000   0.0992642
20.0500000   0.0992525
20.0600000   0.099141
20.0700000   0.0991297
20.0800000   0.0990185
20.0900000   0.0989075
