0.1000000   884227
0.1100000   882666
0.1200000   881479
0.1300000   880555
0.1400000   879822
0.1500000   879231
0.1600000   878747
0.1700000   878346
0.1800000   878010
0.1900000   877725
0.2000000   877482
0.2100000   877273
0.2200000   877092
0.2300000   876934
0.2400000   876795
0.2500000   876673
0.2600000   876564
0.2700000   876468
0.2800000   876381
0.2900000   876303
0.3000000   876233
0.3100000   876170
0.3200000   876112
0.3300000   876060
0.3400000   876012
0.3500000   875968
0.3600000   875928
0.3700000   875891
0.3800000   875857
0.3900000   875825
0.4000000   875796
0.4100000   875769
0.4200000   875744
0.4300000   875720
0.4400000   875698
0.4500000   875678
0.4600000   875659
0.4700000   875641
0.4800000   875624
0.4900000   875609
0.5000000   875594
0.5100000   875580
0.5200000   875567
0.5300000   875554
0.5400000   875542
0.5500000   875531
0.5600000   875521
0.5700000   875511
0.5800000   875501
0.5900000   875492
0.6000000   875484
0.6100000   875476
0.6200000   875468
0.6300000   875461
0.6400000   875454
0.6500000   875447
0.6600000   875440
0.6700000   875434
0.6800000   875428
0.6900000   875423
0.7000000   875417
0.7100000   875412
0.7200000   875407
0.7300000   875403
0.7400000   875398
0.7500000   875394
0.7600000   875390
0.7700000   875386
0.7800000   875382
0.7900000   875378
0.8000000   875374
0.8100000   875371
0.8200000   875368
0.8300000   875364
0.8400000   875361
0.8500000   875358
0.8600000   875356
0.8700000   875353
0.8800000   875350
0.8900000   875347
0.9000000   875345
0.9100000   875343
0.9200000   875340
0.9300000   875338
0.9400000   875336
0.9500000   875334
0.9600000   875332
0.9700000   875330
0.9800000   875328
0.9900000   875326
1.0000000   875324
1.0100000   875322
1.0200000   875320
1.0300000   875319
1.0400000   875317
1.0500000   875316
1.0600000   875314
1.0700000   875313
1.0800000   875311
1.0900000   875310
1.1000000   875308
1.1100000   875307
1.1200000   875306
1.1300000   875304
1.1400000   875303
1.1500000   875302
1.1600000   875301
1.1700000   875300
1.1800000   875299
1.1900000   875297
1.2000000   875296
1.2100000   875295
1.2200000   875294
1.2300000   875293
1.2400000   875292
1.2500000   875292
1.2600000   875291
1.2700000   875290
1.2800000   875289
1.2900000   875288
1.3000000   875287
1.3100000   875286
1.3200000   875286
1.3300000   875285
1.3400000   875284
1.3500000   875283
1.3600000   875283
1.3700000   875282
1.3800000   875281
1.3900000   875281
1.4000000   875280
1.4100000   875279
1.4200000   875279
1.4300000   875278
1.4400000   875277
1.4500000   875277
1.4600000   875276
1.4700000   875276
1.4800000   875275
1.4900000   875274
1.5000000   875274
1.5100000   875273
1.5200000   875273
1.5300000   875272
1.5400000   875272
1.5500000   875271
1.5600000   875271
1.5700000   875270
1.5800000   875270
1.5900000   875270
1.6000000   875269
1.6100000   875269
1.6200000   875268
1.6300000   875268
1.6400000   875267
1.6500000   875267
1.6600000   875267
1.6700000   875266
1.6800000   875266
1.6900000   875265
1.7000000   875265
1.7100000   875265
1.7200000   875264
1.7300000   875264
1.7400000   875264
1.7500000   875263
1.7600000   875263
1.7700000   875263
1.7800000   875262
1.7900000   875262
1.8000000   875262
1.8100000   875261
1.8200000   875261
1.8300000   875261
1.8400000   875261
1.8500000   875260
1.8600000   875260
1.8700000   875260
1.8800000   875259
1.8900000   875259
1.9000000   875259
1.9100000   875259
1.9200000   875258
1.9300000   875258
1.9400000   875258
1.9500000   875258
1.9600000   875257
1.9700000   875257
1.9800000   875257
1.9900000   875257
2.0000000   875256
2.0100000   875256
2.0200000   875256
2.0300000   875256
2.0400000   875256
2.0500000   875255
2.0600000   875255
2.0700000   875255
2.0800000   875255
2.0900000   875255
2.1000000   875254
2.1100000   875254
2.1200000   875254
2.1300000   875254
2.1400000   875254
2.1500000   875253
2.1600000   875253
2.1700000   875253
2.1800000   875253
2.1900000   875253
2.2000000   875253
2.2100000   875252
2.2200000   875252
2.2300000   875252
2.2400000   875252
2.2500000   875252
2.2600000   875252
2.2700000   875251
2.2800000   875251
2.2900000   875251
2.3000000   875251
2.3100000   875251
2.3200000   875251
2.3300000   875251
2.3400000   875250
2.3500000   875250
2.3600000   875250
2.3700000   875250
2.3800000   875250
2.3900000   875250
2.4000000   875250
2.4100000   875249
2.4200000   875249
2.4300000   875249
2.4400000   875249
2.4500000   875249
2.4600000   875249
2.4700000   875249
2.4800000   875249
2.4900000   875248
2.5000000   875248
2.5100000   834204
2.5200000   795234
2.5300000   758225
2.5400000   723073
2.5500000   689677
2.5600000   657942
2.5700000   627782
2.5800000   599111
2.5900000   571850
2.6000000   545927
2.6100000   521269
2.6200000   497812
2.6300000   475491
2.6400000   454249
2.6500000   434030
2.6600000   414779
2.6700000   396449
2.6800000   378991
2.6900000   362362
2.7000000   346518
2.7100000   331420
2.7200000   317031
2.7300000   303315
2.7400000   290238
2.7500000   277768
2.7600000   265875
2.7700000   254531
2.7800000   243707
2.7900000   233380
2.8000000   223523
2.8100000   214115
2.8200000   205133
2.8300000   196557
2.8400000   188367
2.8500000   180544
2.8600000   173071
2.8700000   165930
2.8800000   159107
2.8900000   152586
2.9000000   146352
2.9100000   140393
2.9200000   134695
2.9300000   129245
2.9400000   124033
2.9500000   119047
2.9600000   114276
2.9700000   109712
2.9800000   105343
2.9900000   101161
3.0000000   97158.3
3.0100000   93325.7
3.0200000   89655.6
3.0300000   86140.7
3.0400000   82774
3.0500000   79548.8
3.0600000   76458.6
3.0700000   73497.5
3.0800000   70659.7
3.0900000   67939.6
3.1000000   65332.1
3.1100000   62832.1
3.1200000   60434.9
3.1300000   58136
3.1400000   55931
3.1500000   53815.9
3.1600000   51786.7
3.1700000   49839.7
3.1800000   47971.2
3.1900000   46178.1
3.2000000   44456.8
3.2100000   42804.5
3.2200000   41218.1
3.2300000   39694.8
3.2400000   38231.9
3.2500000   36826.8
3.2600000   35477.2
3.2700000   34180.7
3.2800000   32934.9
3.2900000   31737.9
3.3000000   30587.6
3.3100000   29481.9
3.3200000   28419.1
3.3300000   27397.4
3.3400000   26415.1
3.3500000   25470.5
3.3600000   24562.1
3.3700000   23688.4
3.3800000   22848
3.3900000   22039.6
3.4000000   21261.8
3.4100000   20513.4
3.4200000   19793.2
3.4300000   19100.1
3.4400000   18433
3.4500000   17790.8
3.4600000   17172.5
3.4700000   16577.2
3.4800000   16004
3.4900000   15452.1
3.5000000   14920.4
3.5100000   14408.3
3.5200000   13915.1
3.5300000   13439.8
3.5400000   12981.9
3.5500000   12540.7
3.5600000   12115.5
3.5700000   11705.7
3.5800000   11310.7
3.5900000   10930
3.6000000   10562.9
3.6100000   10208.9
3.6200000   9867.67
3.6300000   9538.56
3.6400000   9221.17
3.6500000   8915.03
3.6600000   8619.74
3.6700000   8334.86
3.6800000   8060.03
3.6900000   7794.84
3.7000000   7538.95
3.7100000   7292.01
3.7200000   7053.68
3.7300000   6823.64
3.7400000   6601.58
3.7500000   6387.21
3.7600000   6180.24
3.7700000   5980.41
3.7800000   5787.45
3.7900000   5601.1
3.8000000   5421.12
3.8100000   5247.29
3.8200000   5079.38
3.8300000   4917.18
3.8400000   4760.47
3.8500000   4609.06
3.8600000   4462.76
3.8700000   4321.38
3.8800000   4184.75
3.8900000   4052.69
3.9000000   3925.06
3.9100000   3801.68
3.9200000   3682.4
3.9300000   3567.09
3.9400000   3455.6
3.9500000   3347.79
3.9600000   3243.54
3.9700000   3142.72
3.9800000   3045.21
3.9900000   2950.9
4.0000000   2859.67
4.0100000   2771.41
4.0200000   2686.03
4.0300000   2603.43
4.0400000   2523.5
4.0500000   2446.16
4.0600000   2371.32
4.0700000   2298.88
4.0800000   2228.78
4.0900000   2160.92
4.1000000   2095.24
4.1100000   2031.66
4.1200000   1970.1
4.1300000   1910.5
4.1400000   1852.8
4.1500000   1796.92
4.1600000   1742.82
4.1700000   1690.42
4.1800000   1639.67
4.1900000   1590.51
4.2000000   1542.9
4.2100000   1496.78
4.2200000   1452.11
4.2300000   1408.82
4.2400000   1366.89
4.2500000   1326.25
4.2600000   1286.88
4.2700000   1248.73
4.2800000   1211.75
4.2900000   1175.92
4.3000000   1141.19
4.3100000   1107.53
4.3200000   1074.9
4.3300000   1043.27
4.3400000   1012.61
4.3500000   982.882
4.3600000   954.06
4.3700000   926.115
4.3800000   899.018
4.3900000   872.742
4.4000000   847.261
4.4100000   822.55
4.4200000   798.583
4.4300000   775.338
4.4400000   752.791
4.4500000   730.92
4.4600000   709.704
4.4700000   689.123
4.4800000   669.155
4.4900000   649.783
4.5000000   630.987
4.5100000   612.749
4.5200000   595.052
4.5300000   577.879
4.5400000   561.214
4.5500000   545.041
4.5600000   529.344
4.5700000   514.109
4.5800000   499.322
4.5900000   484.969
4.6000000   471.036
4.6100000   457.51
4.6200000   444.38
4.6300000   431.633
4.6400000   419.256
4.6500000   407.24
4.6600000   395.573
4.6700000   384.244
4.6800000   373.243
4.6900000   362.561
4.7000000   352.187
4.7100000   342.112
4.7200000   332.327
4.7300000   322.824
4.7400000   313.594
4.7500000   304.629
4.7600000   295.921
4.7700000   287.462
4.7800000   279.245
4.7900000   271.262
4.8000000   263.507
4.8100000   255.973
4.8200000   248.653
4.8300000   241.542
4.8400000   234.632
4.8500000   227.918
4.8600000   221.395
4.8700000   215.056
4.8800000   208.896
4.8900000   202.909
4.9000000   197.092
4.9100000   191.439
4.9200000   185.945
4.9300000   180.605
4.9400000   175.415
4.9500000   170.371
4.9600000   165.468
4.9700000   160.703
4.9800000   156.071
4.9900000   151.569
5.0000000   147.192
5.0100000   142.937
5.0200000   138.801
5.0300000   134.781
5.0400000   130.872
5.0500000   127.072
5.0600000   123.378
5.0700000   119.786
5.0800000   116.294
5.0900000   112.899
5.1000000   109.598
5.1100000   106.389
5.1200000   103.268
5.1300000   100.234
5.1400000   97.2835
5.1500000   94.4147
5.1600000   91.6252
5.1700000   88.9126
5.1800000   86.2749
5.1900000   83.71
5.2000000   81.2158
5.2100000   78.7904
5.2200000   76.4318
5.2300000   74.1381
5.2400000   71.9074
5.2500000   69.7383
5.2600000   67.6288
5.2700000   65.5773
5.2800000   63.5822
5.2900000   61.642
5.3000000   59.7551
5.3100000   57.92
5.3200000   56.1354
5.3300000   54.3998
5.3400000   52.7118
5.3500000   51.0702
5.3600000   49.4737
5.3700000   47.9211
5.3800000   46.411
5.3900000   44.9425
5.4000000   43.5143
5.4100000   42.1253
5.4200000   40.7746
5.4300000   39.4609
5.4400000   38.1833
5.4500000   36.9409
5.4600000   35.7326
5.4700000   34.5576
5.4800000   33.4149
5.4900000   32.3036
5.5000000   31.223
5.5100000   30.1722
5.5200000   29.1503
5.5300000   28.1566
5.5400000   27.1903
5.5500000   26.2507
5.5600000   25.3371
5.5700000   24.4487
5.5800000   23.585
5.5900000   22.745
5.6000000   21.9285
5.6100000   21.1346
5.6200000   20.3626
5.6300000   19.6122
5.6400000   18.8826
5.6500000   18.1733
5.6600000   17.4839
5.6700000   16.8136
5.6800000   16.1621
5.6900000   15.5288
5.7000000   14.9132
5.7100000   14.3149
5.7200000   13.7335
5.7300000   13.1683
5.7400000   12.6191
5.7500000   12.0854
5.7600000   11.5668
5.7700000   11.0629
5.7800000   10.5731
5.7900000   10.0974
5.8000000   9.6352
5.8100000   9.18621
5.8200000   8.74996
5.8300000   8.32626
5.8400000   7.91471
5.8500000   7.515
5.8600000   7.12684
5.8700000   6.74983
5.8800000   6.38376
5.8900000   6.02833
5.9000000   5.68325
5.9100000   5.34822
5.9200000   5.02293
5.9300000   4.70728
5.9400000   4.40088
5.9500000   4.10362
5.9600000   3.8151
5.9700000   3.53512
5.9800000   3.26349
5.9900000   3
6.0000000   2.74445
6.0100000   2.49655
6.0200000   2.25618
6.0300000   2.02306
6.0400000   1.79708
6.0500000   1.57804
6.0600000   1.36563
6.0700000   1.15987
6.0800000   0.960449
6.0900000   0.767266
6.1000000   0.580123
6.1100000   0.398918
6.1200000   0.223352
6.1300000   0.0534249
6.1400000   -0.111164
6.1500000   -0.270415
6.1600000   -0.424529
6.1700000   -0.573605
6.1800000   -0.717844
6.1900000   -0.857346
6.2000000   -0.992211
6.2100000   -1.12254
6.2200000   -1.24853
6.2300000   -1.37029
6.2400000   -1.48791
6.2500000   -1.60149
6.2600000   -1.71114
6.2700000   -1.81696
6.2800000   -1.91904
6.2900000   -2.01758
6.3000000   -2.11259
6.3100000   -2.20407
6.3200000   -2.29231
6.3300000   -2.37732
6.3400000   -2.45909
6.3500000   -2.53793
6.3600000   -2.61364
6.3700000   -2.68652
6.3800000   -2.75656
6.3900000   -2.82387
6.4000000   -2.88844
6.4100000   -2.95049
6.4200000   -3.01
6.4300000   -3.06698
6.4400000   -3.12163
6.4500000   -3.17395
6.4600000   -3.22394
6.4700000   -3.2718
6.4800000   -3.31752
6.4900000   -3.36112
6.5000000   -3.40268
6.5100000   -3.44231
6.5200000   -3.48002
6.5300000   -3.51589
6.5400000   -3.54994
6.5500000   -3.58215
6.5600000   -3.61274
6.5700000   -3.64169
6.5800000   -3.66892
6.5900000   -3.69472
6.6000000   -3.71889
6.6100000   -3.74163
6.6200000   -3.76295
6.6300000   -3.78283
6.6400000   -3.80139
6.6500000   -3.81852
6.6600000   -3.83452
6.6700000   -3.8492
6.6800000   -3.86275
6.6900000   -3.87507
6.7000000   -3.88616
6.7100000   -3.89633
6.7200000   -3.90527
6.7300000   -3.91328
6.7400000   -3.92027
6.7500000   -3.92623
6.7600000   -3.93126
6.7700000   -3.93537
6.7800000   -3.93856
6.7900000   -3.94091
6.8000000   -3.94245
6.8100000   -3.94316
6.8200000   -3.94314
6.8300000   -3.9423
6.8400000   -3.94063
6.8500000   -3.93834
6.8600000   -3.93542
6.8700000   -3.93168
6.8800000   -3.92741
6.8900000   -3.92242
6.9000000   -3.91691
6.9100000   -3.91077
6.9200000   -3.90401
6.9300000   -3.89673
6.9400000   -3.88892
6.9500000   -3.88059
6.9600000   -3.87184
6.9700000   -3.86246
6.9800000   -3.85276
6.9900000   -3.84254
7.0000000   -3.83189
7.0100000   -3.82083
7.0200000   -3.80934
7.0300000   -3.79753
7.0400000   -3.78529
7.0500000   -3.77263
7.0600000   -3.75976
7.0700000   -3.74646
7.0800000   -3.73284
7.0900000   -3.71899
7.1000000   -3.70473
7.1100000   -3.69024
7.1200000   -3.67544
7.1300000   -3.66041
7.1400000   -3.64516
7.1500000   -3.62959
7.1600000   -3.6139
7.1700000   -3.59789
7.1800000   -3.58166
7.1900000   -3.56531
7.2000000   -3.54864
7.2100000   -3.53185
7.2200000   -3.51494
7.2300000   -3.49781
7.2400000   -3.48046
7.2500000   -3.46308
7.2600000   -3.44549
7.2700000   -3.42769
7.2800000   -3.40986
7.2900000   -3.39191
7.3000000   -3.37374
7.3100000   -3.35556
7.3200000   -3.33725
7.3300000   -3.31883
7.3400000   -3.30038
7.3500000   -3.28172
7.3600000   -3.26304
7.3700000   -3.24435
7.3800000   -3.22553
7.3900000   -3.2067
7.4000000   -3.18774
7.4100000   -3.16877
7.4200000   -3.14968
7.4300000   -3.13068
7.4400000   -3.11155
7.4500000   -3.09241
7.4600000   -3.07325
7.4700000   -3.05408
7.4800000   -3.03478
7.4900000   -3.01557
7.5000000   -2.99634
7.5100000   -2.9771
7.5200000   -2.95784
7.5300000   -2.93856
7.5400000   -2.91926
7.5500000   -2.90005
7.5600000   -2.88082
7.5700000   -2.86158
7.5800000   -2.84231
7.5900000   -2.82314
7.6000000   -2.80394
7.6100000   -2.78473
7.6200000   -2.7656
7.6300000   -2.74646
7.6400000   -2.7274
7.6500000   -2.70833
7.6600000   -2.68934
7.6700000   -2.67033
7.6800000   -2.65141
7.6900000   -2.63247
7.7000000   -2.61362
7.7100000   -2.59475
7.7200000   -2.57607
7.7300000   -2.55727
7.7400000   -2.53866
7.7500000   -2.52003
7.7600000   -2.50148
7.7700000   -2.48292
7.7800000   -2.46445
7.7900000   -2.44606
7.8000000   -2.42776
7.8100000   -2.40954
7.8200000   -2.39131
7.8300000   -2.37317
7.8400000   -2.35511
7.8500000   -2.33703
7.8600000   -2.31914
7.8700000   -2.30124
7.8800000   -2.28342
7.8900000   -2.26569
7.9000000   -2.24805
7.9100000   -2.23039
7.9200000   -2.21291
7.9300000   -2.19543
7.9400000   -2.17813
7.9500000   -2.16081
7.9600000   -2.14359
7.9700000   -2.12645
7.9800000   -2.10939
7.9900000   -2.09242
8.0000000   -2.07544
8.0100000   -2.05865
8.0200000   -2.04194
8.0300000   -2.02522
8.0400000   -2.00869
8.0500000   -1.99215
8.0600000   -1.97569
8.0700000   -1.95942
8.0800000   -1.94313
8.0900000   -1.92693
8.1000000   -1.91083
8.1100000   -1.8948
8.1200000   -1.87887
8.1300000   -1.86302
8.1400000   -1.84726
8.1500000   -1.83159
8.1600000   -1.81601
8.1700000   -1.80051
8.1800000   -1.7851
8.1900000   -1.76978
8.2000000   -1.75455
8.2100000   -1.73931
8.2200000   -1.72425
8.2300000   -1.70929
8.2400000   -1.69431
8.2500000   -1.67951
8.2600000   -1.66481
8.2700000   -1.6501
8.2800000   -1.63557
8.2900000   -1.62103
8.3000000   -1.60669
8.3100000   -1.59233
8.3200000   -1.57815
8.3300000   -1.56397
8.3400000   -1.54988
8.3500000   -1.53587
8.3600000   -1.52206
8.3700000   -1.50823
8.3800000   -1.49449
8.3900000   -1.48084
8.4000000   -1.46728
8.4100000   -1.45381
8.4200000   -1.44043
8.4300000   -1.42714
8.4400000   -1.41393
8.4500000   -1.40072
8.4600000   -1.3877
8.4700000   -1.37476
8.4800000   -1.36182
8.4900000   -1.34906
8.5000000   -1.33629
8.5100000   -1.32362
8.5200000   -1.31113
8.5300000   -1.29863
8.5400000   -1.28623
8.5500000   -1.27391
8.5600000   -1.26168
8.5700000   -1.24945
8.5800000   -1.2374
8.5900000   -1.22534
8.6000000   -1.21347
8.6100000   -1.2016
8.6200000   -1.18981
8.6300000   -1.17811
8.6400000   -1.16651
8.6500000   -1.15499
8.6600000   -1.14356
8.6700000   -1.13213
8.6800000   -1.12088
8.6900000   -1.10963
8.7000000   -1.09846
8.7100000   -1.08739
8.7200000   -1.07641
8.7300000   -1.06552
8.7400000   -1.05462
8.7500000   -1.0438
8.7600000   -1.03318
8.7700000   -1.02246
8.7800000   -1.01192
8.7900000   -1.00147
8.8000000   -0.991014
8.8100000   -0.980749
8.8200000   -0.970475
8.8300000   -0.960192
8.8400000   -0.9501
8.8500000   -0.939999
8.8600000   -0.930089
8.8700000   -0.920171
8.8800000   -0.910244
8.8900000   -0.900508
8.9000000   -0.890764
8.9100000   -0.881111
8.9200000   -0.871549
8.9300000   -0.862079
8.9400000   -0.852601
8.9500000   -0.843214
8.9600000   -0.833918
8.9700000   -0.824715
8.9800000   -0.815503
8.9900000   -0.806382
9.0000000   -0.797353
9.0100000   -0.788417
9.0200000   -0.779471
9.0300000   -0.770618
9.0400000   -0.761857
9.0500000   -0.753087
9.0600000   -0.74441
9.0700000   -0.735825
9.0800000   -0.727331
9.0900000   -0.71883
9.1000000   -0.71042
9.1100000   -0.702103
9.1200000   -0.693778
9.1300000   -0.685545
9.1400000   -0.677405
9.1500000   -0.668857
9.1600000   -0.658701
9.1700000   -0.648637
9.1800000   -0.638666
9.1900000   -0.628787
9.2000000   -0.619
9.2100000   -0.609406
9.2200000   -0.599805
9.2300000   -0.590296
9.2400000   -0.58088
9.2500000   -0.571556
9.2600000   -0.562325
9.2700000   -0.553286
9.2800000   -0.54424
9.2900000   -0.535287
9.3000000   -0.526327
9.3100000   -0.517559
9.3200000   -0.508885
9.3300000   -0.500303
9.3400000   -0.491714
9.3500000   -0.483318
9.3600000   -0.474915
9.3700000   -0.466604
9.3800000   -0.458387
9.3900000   -0.450263
9.4000000   -0.442232
9.4100000   -0.434194
9.4200000   -0.426349
9.4300000   -0.418498
9.4400000   -0.410739
9.4500000   -0.403074
9.4600000   -0.395502
9.4700000   -0.387923
9.4800000   -0.380437
9.4900000   -0.373045
9.5000000   -0.365746
9.5100000   -0.358541
9.5200000   -0.351328
9.5300000   -0.34421
9.5400000   -0.337185
9.5500000   -0.330153
9.5600000   -0.323315
9.5700000   -0.31647
9.5800000   -0.309619
9.5900000   -0.302961
9.6000000   -0.296297
9.6100000   -0.289727
9.6200000   -0.283151
9.6300000   -0.276668
9.6400000   -0.270278
9.6500000   -0.263983
9.6600000   -0.257681
9.6700000   -0.251474
9.6800000   -0.24526
9.6900000   -0.23914
9.7000000   -0.233113
9.7100000   -0.227181
9.7200000   -0.221243
9.7300000   -0.215298
9.7400000   -0.209548
9.7500000   -0.203691
9.7600000   -0.198029
9.7700000   -0.19236
9.7800000   -0.186786
9.7900000   -0.181206
9.8000000   -0.17572
9.8100000   -0.170228
9.8200000   -0.16483
9.8300000   -0.159526
9.8400000   -0.154217
9.8500000   -0.149002
9.8600000   -0.143781
9.8700000   -0.138655
9.8800000   -0.133522
9.8900000   -0.128484
9.9000000   -0.123441
9.9100000   -0.118492
9.9200000   -0.113637
9.9300000   -0.108777
9.9400000   -0.103911
9.9500000   -0.0991394
9.9600000   -0.0944625
9.9700000   -0.0897801
9.9800000   -0.0850923
9.9900000   -0.080499
10.0000000   -0.0760003
10.0100000   -0.0714962
10.0200000   -0.0669867
10.0300000   -0.0625719
10.0400000   -0.0582517
10.0500000   -0.0539263
10.0600000   -0.0495955
10.0700000   -0.0453595
10.0800000   -0.0411182
10.0900000   -0.0369717
10.1000000   -0.03282
10.1100000   -0.0286631
10.1200000   -0.0247011
10.1300000   -0.0206339
10.1400000   -0.0166616
10.1500000   -0.0126842
10.1600000   -0.00880165
10.1700000   -0.00491408
10.1800000   -0.00112147
10.1900000   0.00267617
10.2000000   0.00647882
10.2100000   0.0101864
10.2200000   0.013899
10.2300000   0.0175166
10.2400000   0.021139
10.2500000   0.0247664
10.2600000   0.0282987
10.2700000   0.0318358
10.2800000   0.0352778
10.2900000   0.0387246
10.3000000   0.0421762
10.3100000   0.0455327
10.3200000   0.0488939
10.3300000   0.0522598
10.3400000   0.0555305
10.3500000   0.0588059
10.3600000   0.061986
10.3700000   0.0651708
10.3800000   0.0683603
10.3900000   0.0714544
10.4000000   0.0746531
10.4100000   0.0776565
10.4200000   0.0807644
10.4300000   0.083777
10.4400000   0.0866941
10.4500000   0.0897157
10.4600000   0.0926418
10.4700000   0.0955725
10.4800000   0.0984077
10.4900000   0.101247
10.5000000   0.104091
10.5100000   0.10684
10.5200000   0.109693
10.5300000   0.11235
10.5400000   0.115112
10.5500000   0.117778
10.5600000   0.120448
10.5700000   0.123123
10.5800000   0.125702
10.5900000   0.128286
10.6000000   0.130874
10.6100000   0.133366
10.6200000   0.135862
10.6300000   0.138362
10.6400000   0.140867
10.6500000   0.143276
10.6600000   0.145689
10.6700000   0.148106
10.6800000   0.150428
10.6900000   0.152853
10.7000000   0.155183
10.7100000   0.157417
10.7200000   0.159755
10.7300000   0.161997
10.7400000   0.164243
10.7500000   0.166393
10.7600000   0.168648
10.7700000   0.170806
10.7800000   0.172968
10.7900000   0.175034
10.8000000   0.177205
10.8100000   0.179279
10.8200000   0.181357
10.8300000   0.183339
10.8400000   0.185425
10.8500000   0.187415
10.8600000   0.189409
10.8700000   0.191406
10.8800000   0.193308
10.8900000   0.195213
10.9000000   0.197123
10.9100000   0.199036
10.9200000   0.200953
10.9300000   0.202773
10.9400000   0.204598
10.9500000   0.206426
10.9600000   0.208158
10.9700000   0.209993
10.9800000   0.211733
10.9900000   0.213476
11.0000000   0.215223
11.0100000   0.216873
11.0200000   0.218628
11.0300000   0.220285
11.0400000   0.221947
11.0500000   0.223612
11.0600000   0.225181
11.0700000   0.226853
11.0800000   0.228429
11.0900000   0.230009
11.1000000   0.231592
11.1100000   0.233078
11.1200000   0.234669
11.1300000   0.236162
11.1400000   0.23766
11.1500000   0.23916
11.1600000   0.240565
11.1700000   0.242072
11.1800000   0.243484
11.1900000   0.244898
11.2000000   0.246316
11.2100000   0.247738
11.2200000   0.249063
11.2300000   0.250391
11.2400000   0.251823
11.2500000   0.253158
11.2600000   0.254396
11.2700000   0.255738
11.2800000   0.257083
11.2900000   0.258332
11.3000000   0.259584
11.3100000   0.260839
11.3200000   0.262097
11.3300000   0.263359
11.3400000   0.264524
11.3500000   0.265692
11.3600000   0.266964
11.3700000   0.268138
11.3800000   0.269216
11.3900000   0.270398
11.4000000   0.271582
11.4100000   0.27267
11.4200000   0.27376
11.4300000   0.274854
11.4400000   0.275951
11.4500000   0.277052
11.4600000   0.278155
11.4700000   0.279162
11.4800000   0.280271
11.4900000   0.281284
11.5000000   0.2823
11.5100000   0.283319
11.5200000   0.284341
11.5300000   0.285266
11.5400000   0.286294
11.5500000   0.287225
11.5600000   0.288159
11.5700000   0.289097
11.5800000   0.290037
11.5900000   0.29098
11.6000000   0.291926
11.6100000   0.292775
11.6200000   0.293728
11.6300000   0.294583
11.6400000   0.295441
11.6500000   0.296302
11.6600000   0.297166
11.6700000   0.298033
11.6800000   0.298802
11.6900000   0.299675
11.7000000   0.300451
11.7100000   0.301329
11.7200000   0.30211
11.7300000   0.302895
11.7400000   0.303682
11.7500000   0.304371
11.7600000   0.305164
11.7700000   0.30596
11.7800000   0.306658
11.7900000   0.307359
11.8000000   0.308163
11.8100000   0.30887
11.8200000   0.309579
11.8300000   0.310291
11.8400000   0.310906
11.8500000   0.311624
11.8600000   0.312245
11.8700000   0.312968
11.8800000   0.313594
11.8900000   0.314222
11.9000000   0.314854
11.9100000   0.315488
11.9200000   0.316125
11.9300000   0.316764
11.9400000   0.317406
11.9500000   0.317951
11.9600000   0.318598
11.9700000   0.319148
11.9800000   0.319701
11.9900000   0.320256
12.0000000   0.320914
12.0100000   0.321374
12.0200000   0.321937
12.0300000   0.322503
12.0400000   0.323071
12.0500000   0.323542
12.0600000   0.324115
12.0700000   0.324591
12.0800000   0.325069
12.0900000   0.32565
12.1000000   0.326134
12.1100000   0.32662
12.1200000   0.327108
12.1300000   0.327499
12.1400000   0.327993
12.1500000   0.328489
12.1600000   0.328887
12.1700000   0.329388
12.1800000   0.329792
12.1900000   0.330197
12.2000000   0.330706
12.2100000   0.331116
12.2200000   0.33153
12.2300000   0.331945
12.2400000   0.332363
12.2500000   0.332683
12.2600000   0.333106
12.2700000   0.333531
12.2800000   0.333859
12.2900000   0.334289
12.3000000   0.334621
12.3100000   0.334956
12.3200000   0.335393
12.3300000   0.335732
12.3400000   0.336074
12.3500000   0.336418
12.3600000   0.336764
12.3700000   0.337013
12.3800000   0.337364
12.3900000   0.337717
12.4000000   0.337972
12.4100000   0.33833
12.4200000   0.33859
12.4300000   0.338953
12.4400000   0.339217
12.4500000   0.339484
12.4600000   0.339753
12.4700000   0.340024
12.4800000   0.340298
12.4900000   0.340574
12.5000000   0.340852
12.5100000   0.341132
12.5200000   0.341414
12.5300000   0.341599
12.5400000   0.341886
12.5500000   0.342075
12.5600000   0.342366
12.5700000   0.342559
12.5800000   0.342855
12.5900000   0.343053
12.6000000   0.343252
12.6100000   0.343454
12.6200000   0.343658
12.6300000   0.343865
12.6400000   0.344073
12.6500000   0.344283
12.6600000   0.344496
12.6700000   0.34461
12.6800000   0.344827
12.6900000   0.345046
12.7000000   0.345167
12.7100000   0.34539
12.7200000   0.345515
12.7300000   0.345642
12.7400000   0.345871
12.7500000   0.346002
12.7600000   0.346136
12.7700000   0.346271
12.7800000   0.346408
12.7900000   0.346548
12.8000000   0.346689
12.8100000   0.346832
12.8200000   0.346978
12.8300000   0.347125
12.8400000   0.347274
12.8500000   0.347326
12.8600000   0.347479
12.8700000   0.347534
12.8800000   0.347692
12.8900000   0.347751
12.9000000   0.347912
12.9100000   0.347975
12.9200000   0.34804
12.9300000   0.348207
12.9400000   0.348276
12.9500000   0.348347
12.9600000   0.34842
12.9700000   0.348495
12.9800000   0.348571
12.9900000   0.34865
13.0000000   0.34873
13.0100000   0.348812
13.0200000   0.348796
13.0300000   0.348883
13.0400000   0.34897
13.0500000   0.34896
13.0600000   0.349052
13.0700000   0.349145
13.0800000   0.349141
13.0900000   0.349138
13.1000000   0.349237
13.1100000   0.349238
13.1200000   0.34934
13.1300000   0.349345
13.1400000   0.349351
13.1500000   0.349359
13.1600000   0.349369
13.1700000   0.349381
13.1800000   0.349395
13.1900000   0.34941
13.2000000   0.349427
13.2100000   0.349446
13.2200000   0.349467
13.2300000   0.349489
13.2400000   0.349513
13.2500000   0.349439
13.2600000   0.349467
13.2700000   0.349496
13.2800000   0.349427
13.2900000   0.34946
13.3000000   0.349395
13.3100000   0.349431
13.3200000   0.349369
13.3300000   0.349309
13.3400000   0.349351
13.3500000   0.349294
13.3600000   0.349239
13.3700000   0.349285
13.3800000   0.349234
13.3900000   0.349184
13.4000000   0.349135
13.4100000   0.349089
13.4200000   0.349044
13.4300000   0.349
13.4400000   0.348958
13.4500000   0.348918
13.4600000   0.34888
13.4700000   0.348843
13.4800000   0.348708
13.4900000   0.348675
13.5000000   0.348643
13.5100000   0.348613
13.5200000   0.348484
13.5300000   0.348457
13.5400000   0.348332
13.5500000   0.348308
13.5600000   0.348186
13.5700000   0.348165
13.5800000   0.348046
13.5900000   0.348029
13.6000000   0.347913
13.6100000   0.347799
13.6200000   0.347786
13.6300000   0.347675
13.6400000   0.347566
13.6500000   0.347458
13.6600000   0.347451
13.6700000   0.347346
13.6800000   0.347243
13.6900000   0.347141
13.7000000   0.347041
13.7100000   0.346942
13.7200000   0.346845
13.7300000   0.346749
13.7400000   0.346655
13.7500000   0.346563
13.7600000   0.346472
13.7700000   0.346282
13.7800000   0.346194
13.7900000   0.346107
13.8000000   0.346022
13.8100000   0.345838
13.8200000   0.345756
13.8300000   0.345676
13.8400000   0.345496
13.8500000   0.345419
13.8600000   0.345242
13.8700000   0.345168
13.8800000   0.344994
13.8900000   0.344922
13.9000000   0.344752
13.9100000   0.344683
13.9200000   0.344515
13.9300000   0.344349
13.9400000   0.344285
13.9500000   0.344121
13.9600000   0.34396
13.9700000   0.343799
13.9800000   0.34374
13.9900000   0.343583
14.0000000   0.343426
14.0100000   0.343272
14.0200000   0.343118
14.0300000   0.342966
14.0400000   0.342816
14.0500000   0.342667
14.0600000   0.342519
14.0700000   0.342372
14.0800000   0.342227
14.0900000   0.342084
14.1000000   0.341941
14.1100000   0.3418
14.1200000   0.341661
14.1300000   0.341523
14.1400000   0.341286
14.1500000   0.34115
14.1600000   0.341016
14.1700000   0.340883
14.1800000   0.340652
14.1900000   0.340522
14.2000000   0.340393
14.2100000   0.340165
14.2200000   0.340039
14.2300000   0.339814
14.2400000   0.339691
14.2500000   0.339468
14.2600000   0.339348
14.2700000   0.339128
14.2800000   0.33901
14.2900000   0.338793
14.3000000   0.338677
14.3100000   0.338462
14.3200000   0.338249
14.3300000   0.338137
14.3400000   0.337927
14.3500000   0.337718
14.3600000   0.33761
14.3700000   0.337403
14.3800000   0.337197
14.3900000   0.336993
14.4000000   0.33689
14.4100000   0.336688
14.4200000   0.336488
14.4300000   0.336289
14.4400000   0.336091
14.4500000   0.335894
14.4600000   0.335698
14.4700000   0.335504
14.4800000   0.335311
14.4900000   0.335119
14.5000000   0.334929
14.5100000   0.334739
14.5200000   0.334551
14.5300000   0.334364
14.5400000   0.334179
14.5500000   0.333994
14.5600000   0.333811
14.5700000   0.333629
14.5800000   0.333448
14.5900000   0.333168
14.6000000   0.33299
14.6100000   0.332812
14.6200000   0.332636
14.6300000   0.332361
14.6400000   0.332187
14.6500000   0.332015
14.6600000   0.331743
14.6700000   0.331573
14.6800000   0.331404
14.6900000   0.331136
14.7000000   0.330969
14.7100000   0.330803
14.7200000   0.330539
14.7300000   0.330376
14.7400000   0.330113
14.7500000   0.329952
14.7600000   0.329692
14.7700000   0.329534
14.7800000   0.329276
14.7900000   0.32912
14.8000000   0.328864
14.8100000   0.32871
14.8200000   0.328457
14.8300000   0.328205
14.8400000   0.328054
14.8500000   0.327804
14.8600000   0.327555
14.8700000   0.327408
14.8800000   0.327161
14.8900000   0.326916
14.9000000   0.326772
14.9100000   0.326529
14.9200000   0.326286
14.9300000   0.326045
14.9400000   0.325806
14.9500000   0.325667
14.9600000   0.325429
14.9700000   0.325192
14.9800000   0.324957
14.9900000   0.324722
15.0000000   0.324489
15.0100000   0.324256
15.0200000   0.324125
15.0300000   0.323895
15.0400000   0.323666
15.0500000   0.323437
15.0600000   0.32321
15.0700000   0.322984
15.0800000   0.322759
15.0900000   0.322535
15.1000000   0.322312
15.1100000   0.322091
15.1200000   0.32187
15.1300000   0.32165
15.1400000   0.321331
15.1500000   0.321113
15.1600000   0.320897
15.1700000   0.320681
15.1800000   0.320466
15.1900000   0.320253
15.2000000   0.32004
15.2100000   0.319728
15.2200000   0.319518
15.2300000   0.319308
15.2400000   0.319099
15.2500000   0.318892
15.2600000   0.318585
15.2700000   0.318379
15.2800000   0.318175
15.2900000   0.317871
15.3000000   0.317668
15.3100000   0.317467
15.3200000   0.317166
15.3300000   0.316966
15.3400000   0.316767
15.3500000   0.31647
15.3600000   0.316273
15.3700000   0.316077
15.3800000   0.315782
15.3900000   0.315588
15.4000000   0.315295
15.4100000   0.315103
15.4200000   0.314912
15.4300000   0.314622
15.4400000   0.314433
15.4500000   0.314145
15.4600000   0.313958
15.4700000   0.313671
15.4800000   0.313486
15.4900000   0.313202
15.5000000   0.312918
15.5100000   0.312736
15.5200000   0.312454
15.5300000   0.312274
15.5400000   0.311994
15.5500000   0.311815
15.5600000   0.311537
15.5700000   0.31126
15.5800000   0.311084
15.5900000   0.310809
15.6000000   0.310535
15.6100000   0.310361
15.6200000   0.310089
15.6300000   0.309818
15.6400000   0.309647
15.6500000   0.309377
15.6600000   0.309108
15.6700000   0.308941
15.6800000   0.308674
15.6900000   0.308407
15.7000000   0.308142
15.7100000   0.307878
15.7200000   0.307715
15.7300000   0.307452
15.7400000   0.30719
15.7500000   0.306929
15.7600000   0.30667
15.7700000   0.306511
15.7800000   0.306252
15.7900000   0.305995
15.8000000   0.305739
15.8100000   0.305483
15.8200000   0.305228
15.8300000   0.304975
15.8400000   0.304722
15.8500000   0.304569
15.8600000   0.304318
15.8700000   0.304068
15.8800000   0.303818
15.8900000   0.303569
15.9000000   0.303322
15.9100000   0.303075
15.9200000   0.302828
15.9300000   0.302583
15.9400000   0.302339
15.9500000   0.302095
15.9600000   0.301852
15.9700000   0.30161
15.9800000   0.301369
15.9900000   0.301128
16.0000000   0.300889
16.0100000   0.30065
16.0200000   0.300412
16.0300000   0.300175
16.0400000   0.299839
16.0500000   0.299604
16.0600000   0.299369
16.0700000   0.299135
16.0800000   0.298902
16.0900000   0.29867
16.1000000   0.298439
16.1100000   0.298208
16.1200000   0.297978
16.1300000   0.297649
16.1400000   0.297421
16.1500000   0.297194
16.1600000   0.296967
16.1700000   0.296741
16.1800000   0.296416
16.1900000   0.296192
16.2000000   0.295969
16.2100000   0.295746
16.2200000   0.295524
16.2300000   0.295203
16.2400000   0.294983
16.2500000   0.294763
16.2600000   0.294544
16.2700000   0.294226
16.2800000   0.294009
16.2900000   0.293793
16.3000000   0.293477
16.3100000   0.293262
16.3200000   0.293048
16.3300000   0.292735
16.3400000   0.292522
16.3500000   0.29231
16.3600000   0.291999
16.3700000   0.291789
16.3800000   0.291579
16.3900000   0.29127
16.4000000   0.291062
16.4100000   0.290854
16.4200000   0.290548
16.4300000   0.290342
16.4400000   0.290037
16.4500000   0.289832
16.4600000   0.289629
16.4700000   0.289326
16.4800000   0.289124
16.4900000   0.288822
16.5000000   0.288621
16.5100000   0.288321
16.5200000   0.288122
16.5300000   0.287923
16.5400000   0.287626
16.5500000   0.287428
16.5600000   0.287132
16.5700000   0.286936
16.5800000   0.286641
16.5900000   0.286447
16.6000000   0.286154
16.6100000   0.285961
16.6200000   0.285669
16.6300000   0.285477
16.6400000   0.285186
16.6500000   0.284996
16.6600000   0.284707
16.6700000   0.284418
16.6800000   0.284231
16.6900000   0.283943
16.7000000   0.283757
16.7100000   0.283471
16.7200000   0.283286
16.7300000   0.283001
16.7400000   0.282718
16.7500000   0.282535
16.7600000   0.282252
16.7700000   0.28207
16.7800000   0.281789
16.7900000   0.281509
16.8000000   0.281329
16.8100000   0.28105
16.8200000   0.280772
16.8300000   0.280595
16.8400000   0.280318
16.8500000   0.280141
16.8600000   0.279866
16.8700000   0.279591
16.8800000   0.279416
16.8900000   0.279143
16.9000000   0.27887
16.9100000   0.278598
16.9200000   0.278426
16.9300000   0.278155
16.9400000   0.277885
16.9500000   0.277715
16.9600000   0.277446
16.9700000   0.277178
16.9800000   0.27691
16.9900000   0.276743
17.0000000   0.276476
17.0100000   0.276211
17.0200000   0.275945
17.0300000   0.275781
17.0400000   0.275517
17.0500000   0.275254
17.0600000   0.274991
17.0700000   0.274829
17.0800000   0.274568
17.0900000   0.274308
17.1000000   0.274048
17.1100000   0.273788
17.1200000   0.273629
17.1300000   0.273371
17.1400000   0.273114
17.1500000   0.272857
17.1600000   0.272601
17.1700000   0.272445
17.1800000   0.27219
17.1900000   0.271936
17.2000000   0.271682
17.2100000   0.271429
17.2200000   0.271176
17.2300000   0.270924
17.2400000   0.270773
17.2500000   0.270522
17.2600000   0.270272
17.2700000   0.270023
17.2800000   0.269774
17.2900000   0.269525
17.3000000   0.269278
17.3100000   0.269031
17.3200000   0.268884
17.3300000   0.268638
17.3400000   0.268393
17.3500000   0.268148
17.3600000   0.267904
17.3700000   0.267661
17.3800000   0.267418
17.3900000   0.267176
17.4000000   0.266934
17.4100000   0.266693
17.4200000   0.266452
17.4300000   0.266212
17.4400000   0.265973
17.4500000   0.265734
17.4600000   0.265596
17.4700000   0.265358
17.4800000   0.265121
17.4900000   0.264885
17.5000000   0.264649
17.5100000   0.264414
17.5200000   0.264179
17.5300000   0.263945
17.5400000   0.263711
17.5500000   0.263478
17.5600000   0.263246
17.5700000   0.263014
17.5800000   0.262782
17.5900000   0.262552
17.6000000   0.262321
17.6100000   0.262092
17.6200000   0.261863
17.6300000   0.261634
17.6400000   0.261306
17.6500000   0.261079
17.6600000   0.260852
17.6700000   0.260626
17.6800000   0.2604
17.6900000   0.260175
17.7000000   0.25995
17.7100000   0.259726
17.7200000   0.259503
17.7300000   0.25928
17.7400000   0.259057
17.7500000   0.258835
17.7600000   0.258614
17.7700000   0.258393
17.7800000   0.258173
17.7900000   0.257853
17.8000000   0.257634
17.8100000   0.257415
17.8200000   0.257197
17.8300000   0.25698
17.8400000   0.256763
17.8500000   0.256546
17.8600000   0.25633
17.8700000   0.256115
17.8800000   0.2558
17.8900000   0.255585
17.9000000   0.255372
17.9100000   0.255158
17.9200000   0.254945
17.9300000   0.254733
17.9400000   0.254521
17.9500000   0.25431
17.9600000   0.253999
17.9700000   0.253789
17.9800000   0.253579
17.9900000   0.25337
18.0000000   0.253162
18.0100000   0.252953
18.0200000   0.252646
18.0300000   0.252439
18.0400000   0.252232
18.0500000   0.252026
18.0600000   0.25182
18.0700000   0.251515
18.0800000   0.251311
18.0900000   0.251107
18.1000000   0.250903
18.1100000   0.2507
18.1200000   0.250398
18.1300000   0.250195
18.1400000   0.249994
18.1500000   0.249793
18.1600000   0.249592
18.1700000   0.249292
18.1800000   0.249093
18.1900000   0.248893
18.2000000   0.248695
18.2100000   0.248397
18.2200000   0.248199
18.2300000   0.248002
18.2400000   0.247805
18.2500000   0.247609
18.2600000   0.247314
18.2700000   0.247118
18.2800000   0.246924
18.2900000   0.24673
18.3000000   0.246436
18.3100000   0.246243
18.3200000   0.24605
18.3300000   0.245758
18.3400000   0.245566
18.3500000   0.245374
18.3600000   0.245184
18.3700000   0.244893
18.3800000   0.244703
18.3900000   0.244514
18.4000000   0.244325
18.4100000   0.244036
18.4200000   0.243848
18.4300000   0.243661
18.4400000   0.243374
18.4500000   0.243187
18.4600000   0.243001
18.4700000   0.242715
18.4800000   0.24253
18.4900000   0.242345
18.5000000   0.242061
18.5100000   0.241877
18.5200000   0.241694
18.5300000   0.241511
18.5400000   0.241228
18.5500000   0.241046
18.5600000   0.240865
18.5700000   0.240584
18.5800000   0.240403
18.5900000   0.240223
18.6000000   0.239943
18.6100000   0.239764
18.6200000   0.239585
18.6300000   0.239307
18.6400000   0.239129
18.6500000   0.238851
18.6600000   0.238674
18.6700000   0.238498
18.6800000   0.238222
18.6900000   0.238046
18.7000000   0.237871
18.7100000   0.237596
18.7200000   0.237421
18.7300000   0.237247
18.7400000   0.236974
18.7500000   0.236801
18.7600000   0.236528
18.7700000   0.236356
18.7800000   0.236184
18.7900000   0.235913
18.8000000   0.235742
18.8100000   0.235472
18.8200000   0.235301
18.8300000   0.235132
18.8400000   0.234863
18.8500000   0.234694
18.8600000   0.234426
18.8700000   0.234258
18.8800000   0.23409
18.8900000   0.233823
18.9000000   0.233657
18.9100000   0.23339
18.9200000   0.233225
18.9300000   0.233059
18.9400000   0.232794
18.9500000   0.23263
18.9600000   0.232366
18.9700000   0.232202
18.9800000   0.231939
18.9900000   0.231776
19.0000000   0.231613
19.0100000   0.231351
19.0200000   0.23119
19.0300000   0.230929
19.0400000   0.230768
19.0500000   0.230508
19.0600000   0.230348
19.0700000   0.230188
19.0800000   0.229929
19.0900000   0.22977
19.1000000   0.229512
19.1100000   0.229354
19.1200000   0.229096
19.1300000   0.228939
19.1400000   0.228683
19.1500000   0.228526
19.1600000   0.22827
19.1700000   0.228115
19.1800000   0.22786
19.1900000   0.227705
19.2000000   0.227451
19.2100000   0.227297
19.2200000   0.227143
19.2300000   0.22689
19.2400000   0.226737
19.2500000   0.226485
19.2600000   0.226333
19.2700000   0.226082
19.2800000   0.22593
19.2900000   0.22568
19.3000000   0.225529
19.3100000   0.225279
19.3200000   0.22513
19.3300000   0.22488
19.3400000   0.224732
19.3500000   0.224483
19.3600000   0.224335
19.3700000   0.224087
19.3800000   0.22394
19.3900000   0.223693
19.4000000   0.223547
19.4100000   0.223301
19.4200000   0.223155
19.4300000   0.222909
19.4400000   0.222764
19.4500000   0.22252
19.4600000   0.222275
19.4700000   0.222132
19.4800000   0.221888
19.4900000   0.221745
19.5000000   0.221502
19.5100000   0.22136
19.5200000   0.221118
19.5300000   0.220976
19.5400000   0.220735
19.5500000   0.220594
19.5600000   0.220354
19.5700000   0.220213
19.5800000   0.219974
19.5900000   0.219834
19.6000000   0.219595
19.6100000   0.219356
19.6200000   0.219218
19.6300000   0.21898
19.6400000   0.218843
19.6500000   0.218605
19.6600000   0.218468
19.6700000   0.218232
19.6800000   0.218096
19.6900000   0.21786
19.7000000   0.217625
19.7100000   0.217489
19.7200000   0.217255
19.7300000   0.21712
19.7400000   0.216886
19.7500000   0.216753
19.7600000   0.216519
19.7700000   0.216286
19.7800000   0.216154
19.7900000   0.215922
19.8000000   0.21579
19.8100000   0.215558
19.8200000   0.215427
19.8300000   0.215196
19.8400000   0.214966
19.8500000   0.214836
19.8600000   0.214606
19.8700000   0.214476
19.8800000   0.214247
19.8900000   0.214019
19.9000000   0.21389
19.9100000   0.213662
19.9200000   0.213534
19.9300000   0.213307
19.9400000   0.21308
19.9500000   0.212953
19.9600000   0.212727
19.9700000   0.212601
19.9800000   0.212375
19.9900000   0.21215
20.0000000   0.212025
20.0100000   0.2118
20.0200000   0.211676
20.0300000   0.211452
20.0400000   0.211228
20.0500000   0.211105
20.0600000   0.210882
20.0700000   0.210759
20.0800000   0.210537
20.0900000   0.210315
