0.1000000   890222
0.1100000   887621
0.1200000   885643
0.1300000   884103
0.1400000   882881
0.1500000   881895
0.1600000   881089
0.1700000   880420
0.1800000   879860
0.1900000   879386
0.2000000   878981
0.2100000   878633
0.2200000   878331
0.2300000   878067
0.2400000   877836
0.2500000   877632
0.2600000   877451
0.2700000   877290
0.2800000   877146
0.2900000   877016
0.3000000   876899
0.3100000   876794
0.3200000   876698
0.3300000   876610
0.3400000   876531
0.3500000   876457
0.3600000   876390
0.3700000   876329
0.3800000   876272
0.3900000   876219
0.4000000   876171
0.4100000   876126
0.4200000   876084
0.4300000   876045
0.4400000   876008
0.4500000   875974
0.4600000   875942
0.4700000   875912
0.4800000   875884
0.4900000   875858
0.5000000   875833
0.5100000   875810
0.5200000   875788
0.5300000   875768
0.5400000   875748
0.5500000   875729
0.5600000   875712
0.5700000   875695
0.5800000   875680
0.5900000   875665
0.6000000   875650
0.6100000   875637
0.6200000   875624
0.6300000   875612
0.6400000   875600
0.6500000   875589
0.6600000   875578
0.6700000   875568
0.6800000   875558
0.6900000   875549
0.7000000   875540
0.7100000   875531
0.7200000   875523
0.7300000   875515
0.7400000   875508
0.7500000   875500
0.7600000   875493
0.7700000   875487
0.7800000   875480
0.7900000   875474
0.8000000   875468
0.8100000   875462
0.8200000   875457
0.8300000   875452
0.8400000   875446
0.8500000   875441
0.8600000   875437
0.8700000   875432
0.8800000   875428
0.8900000   875423
0.9000000   875419
0.9100000   875415
0.9200000   875411
0.9300000   875407
0.9400000   875404
0.9500000   875400
0.9600000   875397
0.9700000   875393
0.9800000   875390
0.9900000   875387
1.0000000   875384
1.0100000   875381
1.0200000   875378
1.0300000   875375
1.0400000   875373
1.0500000   875370
1.0600000   875367
1.0700000   875365
1.0800000   875362
1.0900000   875360
1.1000000   875358
1.1100000   875356
1.1200000   875353
1.1300000   875351
1.1400000   875349
1.1500000   875347
1.1600000   875345
1.1700000   875343
1.1800000   875342
1.1900000   875340
1.2000000   875338
1.2100000   875336
1.2200000   875335
1.2300000   875333
1.2400000   875331
1.2500000   875330
1.2600000   875328
1.2700000   875327
1.2800000   875325
1.2900000   875324
1.3000000   875323
1.3100000   875321
1.3200000   875320
1.3300000   875319
1.3400000   875317
1.3500000   875316
1.3600000   875315
1.3700000   875314
1.3800000   875313
1.3900000   875312
1.4000000   875310
1.4100000   875309
1.4200000   875308
1.4300000   875307
1.4400000   875306
1.4500000   875305
1.4600000   875304
1.4700000   875303
1.4800000   875302
1.4900000   875301
1.5000000   875301
1.5100000   875300
1.5200000   875299
1.5300000   875298
1.5400000   875297
1.5500000   875296
1.5600000   875296
1.5700000   875295
1.5800000   875294
1.5900000   875293
1.6000000   875293
1.6100000   875292
1.6200000   875291
1.6300000   875290
1.6400000   875290
1.6500000   875289
1.6600000   875288
1.6700000   875288
1.6800000   875287
1.6900000   875286
1.7000000   875286
1.7100000   875285
1.7200000   875285
1.7300000   875284
1.7400000   875283
1.7500000   875283
1.7600000   875282
1.7700000   875282
1.7800000   875281
1.7900000   875281
1.8000000   875280
1.8100000   875280
1.8200000   875279
1.8300000   875279
1.8400000   875278
1.8500000   875278
1.8600000   875277
1.8700000   875277
1.8800000   875276
1.8900000   875276
1.9000000   875275
1.9100000   875275
1.9200000   875275
1.9300000   875274
1.9400000   875274
1.9500000   875273
1.9600000   875273
1.9700000   875273
1.9800000   875272
1.9900000   875272
2.0000000   875271
2.0100000   875271
2.0200000   875271
2.0300000   875270
2.0400000   875270
2.0500000   875270
2.0600000   875269
2.0700000   875269
2.0800000   875269
2.0900000   875268
2.1000000   875268
2.1100000   875268
2.1200000   875267
2.1300000   875267
2.1400000   875267
2.1500000   875266
2.1600000   875266
2.1700000   875266
2.1800000   875265
2.1900000   875265
2.2000000   875265
2.2100000   875265
2.2200000   875264
2.2300000   875264
2.2400000   875264
2.2500000   875264
2.2600000   875263
2.2700000   875263
2.2800000   875263
2.2900000   875263
2.3000000   875262
2.3100000   875262
2.3200000   875262
2.3300000   875262
2.3400000   875261
2.3500000   875261
2.3600000   875261
2.3700000   875261
2.3800000   875260
2.3900000   875260
2.4000000   875260
2.4100000   875260
2.4200000   875260
2.4300000   875259
2.4400000   875259
2.4500000   875259
2.4600000   875259
2.4700000   875259
2.4800000   875258
2.4900000   875258
2.5000000   875258
2.5100000   834213
2.5200000   795243
2.5300000   758235
2.5400000   723082
2.5500000   689686
2.5600000   657951
2.5700000   627791
2.5800000   599120
2.5900000   571859
2.6000000   545936
2.6100000   521278
2.6200000   497820
2.6300000   475500
2.6400000   454258
2.6500000   434038
2.6600000   414788
2.6700000   396457
2.6800000   379000
2.6900000   362370
2.7000000   346526
2.7100000   331428
2.7200000   317039
2.7300000   303323
2.7400000   290246
2.7500000   277776
2.7600000   265883
2.7700000   254539
2.7800000   243715
2.7900000   233387
2.8000000   223531
2.8100000   214123
2.8200000   205141
2.8300000   196564
2.8400000   188374
2.8500000   180551
2.8600000   173078
2.8700000   165938
2.8800000   159114
2.8900000   152593
2.9000000   146360
2.9100000   140400
2.9200000   134702
2.9300000   129252
2.9400000   124040
2.9500000   119054
2.9600000   114283
2.9700000   109718
2.9800000   105350
2.9900000   101168
3.0000000   97165
3.0100000   93332.3
3.0200000   89662.2
3.0300000   86147.2
3.0400000   82780.5
3.0500000   79555.2
3.0600000   76465
3.0700000   73503.9
3.0800000   70666
3.0900000   67945.9
3.1000000   65338.3
3.1100000   62838.3
3.1200000   60441.1
3.1300000   58142.1
3.1400000   55937.1
3.1500000   53821.9
3.1600000   51792.7
3.1700000   49845.6
3.1800000   47977.2
3.1900000   46183.9
3.2000000   44462.7
3.2100000   42810.3
3.2200000   41223.8
3.2300000   39700.5
3.2400000   38237.6
3.2500000   36832.5
3.2600000   35482.9
3.2700000   34186.3
3.2800000   32940.5
3.2900000   31743.5
3.3000000   30593.1
3.3100000   29487.4
3.3200000   28424.6
3.3300000   27402.8
3.3400000   26420.4
3.3500000   25475.8
3.3600000   24567.4
3.3700000   23693.7
3.3800000   22853.3
3.3900000   22044.8
3.4000000   21267
3.4100000   20518.6
3.4200000   19798.3
3.4300000   19105.2
3.4400000   18438
3.4500000   17795.8
3.4600000   17177.5
3.4700000   16582.2
3.4800000   16009
3.4900000   15457
3.5000000   14925.3
3.5100000   14413.2
3.5200000   13919.9
3.5300000   13444.6
3.5400000   12986.7
3.5500000   12545.5
3.5600000   12120.3
3.5700000   11710.4
3.5800000   11315.4
3.5900000   10934.6
3.6000000   10567.5
3.6100000   10213.5
3.6200000   9872.24
3.6300000   9543.11
3.6400000   9225.69
3.6500000   8919.53
3.6600000   8624.21
3.6700000   8339.32
3.6800000   8064.45
3.6900000   7799.25
3.7000000   7543.33
3.7100000   7296.36
3.7200000   7058.01
3.7300000   6827.94
3.7400000   6605.86
3.7500000   6391.47
3.7600000   6184.48
3.7700000   5984.63
3.7800000   5791.64
3.7900000   5605.27
3.8000000   5425.28
3.8100000   5251.42
3.8200000   5083.49
3.8300000   4921.26
3.8400000   4764.53
3.8500000   4613.1
3.8600000   4466.78
3.8700000   4325.38
3.8800000   4188.73
3.8900000   4056.66
3.9000000   3929
3.9100000   3805.6
3.9200000   3686.3
3.9300000   3570.97
3.9400000   3459.46
3.9500000   3351.63
3.9600000   3247.36
3.9700000   3146.52
3.9800000   3048.99
3.9900000   2954.66
4.0000000   2863.41
4.0100000   2775.14
4.0200000   2689.74
4.0300000   2607.12
4.0400000   2527.18
4.0500000   2449.82
4.0600000   2374.95
4.0700000   2302.5
4.0800000   2232.38
4.0900000   2164.51
4.1000000   2098.81
4.1100000   2035.21
4.1200000   1973.63
4.1300000   1914.02
4.1400000   1856.3
4.1500000   1800.41
4.1600000   1746.28
4.1700000   1693.86
4.1800000   1643.1
4.1900000   1593.93
4.2000000   1546.3
4.2100000   1500.17
4.2200000   1455.47
4.2300000   1412.17
4.2400000   1370.22
4.2500000   1329.57
4.2600000   1290.18
4.2700000   1252.02
4.2800000   1215.03
4.2900000   1179.18
4.3000000   1144.44
4.3100000   1110.76
4.3200000   1078.11
4.3300000   1046.47
4.3400000   1015.79
4.3500000   986.05
4.3600000   957.214
4.3700000   929.255
4.3800000   902.143
4.3900000   875.853
4.4000000   850.358
4.4100000   825.632
4.4200000   801.652
4.4300000   778.393
4.4400000   755.832
4.4500000   733.948
4.4600000   712.718
4.4700000   692.123
4.4800000   672.142
4.4900000   652.757
4.5000000   633.948
4.5100000   615.697
4.5200000   597.987
4.5300000   580.801
4.5400000   564.123
4.5500000   547.937
4.5600000   532.227
4.5700000   516.98
4.5800000   502.18
4.5900000   487.814
4.6000000   473.869
4.6100000   460.331
4.6200000   447.189
4.6300000   434.429
4.6400000   422.041
4.6500000   410.013
4.6600000   398.334
4.6700000   386.993
4.6800000   375.981
4.6900000   365.286
4.7000000   354.901
4.7100000   344.814
4.7200000   335.018
4.7300000   325.504
4.7400000   316.263
4.7500000   307.286
4.7600000   298.567
4.7700000   290.097
4.7800000   281.869
4.7900000   273.875
4.8000000   266.109
4.8100000   258.564
4.8200000   251.234
4.8300000   244.112
4.8400000   237.191
4.8500000   230.467
4.8600000   223.933
4.8700000   217.583
4.8800000   211.413
4.8900000   205.417
4.9000000   199.589
4.9100000   193.926
4.9200000   188.421
4.9300000   183.072
4.9400000   177.872
4.9500000   172.818
4.9600000   167.905
4.9700000   163.13
4.9800000   158.488
4.9900000   153.976
5.0000000   149.59
5.0100000   145.326
5.0200000   141.18
5.0300000   137.15
5.0400000   133.232
5.0500000   129.423
5.0600000   125.719
5.0700000   122.119
5.0800000   118.617
5.0900000   115.213
5.1000000   111.903
5.1100000   108.685
5.1200000   105.555
5.1300000   102.512
5.1400000   99.5528
5.1500000   96.6752
5.1600000   93.8769
5.1700000   91.1556
5.1800000   88.5093
5.1900000   85.9358
5.2000000   83.433
5.2100000   80.9991
5.2200000   78.632
5.2300000   76.3299
5.2400000   74.0909
5.2500000   71.9134
5.2600000   69.7957
5.2700000   67.736
5.2800000   65.7327
5.2900000   63.7844
5.3000000   61.8894
5.3100000   60.0463
5.3200000   58.2537
5.3300000   56.5101
5.3400000   54.8143
5.3500000   53.1649
5.3600000   51.5605
5.3700000   50.0001
5.3800000   48.4823
5.3900000   47.0061
5.4000000   45.5703
5.4100000   44.1737
5.4200000   42.8155
5.4300000   41.4943
5.4400000   40.2092
5.4500000   38.9594
5.4600000   37.7437
5.4700000   36.5613
5.4800000   35.4114
5.4900000   34.2928
5.5000000   33.2049
5.5100000   32.147
5.5200000   31.1179
5.5300000   30.1171
5.5400000   29.1437
5.5500000   28.197
5.5600000   27.2765
5.5700000   26.3812
5.5800000   25.5105
5.5900000   24.6637
5.6000000   23.8402
5.6100000   23.0395
5.6200000   22.2608
5.6300000   21.5036
5.6400000   20.7674
5.6500000   20.0514
5.6600000   19.3553
5.6700000   18.6785
5.6800000   18.0204
5.6900000   17.3805
5.7000000   16.7585
5.7100000   16.1538
5.7200000   15.5659
5.7300000   14.9943
5.7400000   14.4387
5.7500000   13.8987
5.7600000   13.3738
5.7700000   12.8637
5.7800000   12.3677
5.7900000   11.8858
5.8000000   11.4174
5.8100000   10.9623
5.8200000   10.5199
5.8300000   10.0902
5.8400000   9.67258
5.8500000   9.26687
5.8600000   8.87274
5.8700000   8.48978
5.8800000   8.11779
5.8900000   7.75649
5.9000000   7.40555
5.9100000   7.06469
5.9200000   6.73361
5.9300000   6.4122
5.9400000   6.10006
5.9500000   5.79709
5.9600000   5.5029
5.9700000   5.21727
5.9800000   4.94002
5.9900000   4.67094
6.0000000   4.40982
6.0100000   4.15638
6.0200000   3.91051
6.0300000   3.6719
6.0400000   3.44046
6.0500000   3.21599
6.0600000   2.99819
6.0700000   2.78705
6.0800000   2.58228
6.0900000   2.38378
6.1000000   2.19134
6.1100000   2.00486
6.1200000   1.82405
6.1300000   1.64891
6.1400000   1.47913
6.1500000   1.31471
6.1600000   1.15545
6.1700000   1.00126
6.1800000   0.851927
6.1900000   0.707357
6.2000000   0.567449
6.2100000   0.432101
6.2200000   0.301114
6.2300000   0.174387
6.2400000   0.0518201
6.2500000   -0.0666879
6.2600000   -0.181237
6.2700000   -0.291927
6.2800000   -0.39886
6.2900000   -0.502234
6.3000000   -0.602051
6.3100000   -0.698311
6.3200000   -0.791314
6.3300000   -0.881061
6.3400000   -0.967552
6.3500000   -1.05109
6.3600000   -1.13147
6.3700000   -1.20899
6.3800000   -1.28366
6.3900000   -1.35558
6.4000000   -1.42474
6.4100000   -1.49135
6.4200000   -1.5554
6.4300000   -1.61691
6.4400000   -1.67606
6.4500000   -1.73285
6.4600000   -1.7873
6.4700000   -1.83959
6.4800000   -1.88973
6.4900000   -1.93773
6.5000000   -1.98367
6.5100000   -2.02766
6.5200000   -2.0697
6.5300000   -2.10989
6.5400000   -2.14823
6.5500000   -2.18472
6.5600000   -2.21956
6.5700000   -2.25276
6.5800000   -2.2842
6.5900000   -2.3142
6.6000000   -2.34255
6.6100000   -2.36946
6.6200000   -2.39491
6.6300000   -2.41892
6.6400000   -2.44158
6.6500000   -2.4628
6.6600000   -2.48287
6.6700000   -2.5016
6.6800000   -2.51918
6.6900000   -2.53551
6.7000000   -2.5506
6.7100000   -2.56474
6.7200000   -2.57764
6.7300000   -2.5896
6.7400000   -2.60051
6.7500000   -2.61038
6.7600000   -2.61931
6.7700000   -2.62729
6.7800000   -2.63433
6.7900000   -2.64052
6.8000000   -2.64588
6.8100000   -2.65039
6.8200000   -2.65416
6.8300000   -2.65709
6.8400000   -2.65918
6.8500000   -2.66063
6.8600000   -2.66143
6.8700000   -2.6614
6.8800000   -2.66082
6.8900000   -2.65951
6.9000000   -2.65765
6.9100000   -2.65516
6.9200000   -2.65202
6.9300000   -2.64835
6.9400000   -2.64414
6.9500000   -2.63939
6.9600000   -2.6342
6.9700000   -2.62837
6.9800000   -2.6222
6.9900000   -2.6155
7.0000000   -2.60836
7.0100000   -2.60078
7.0200000   -2.59276
7.0300000   -2.58441
7.0400000   -2.57562
7.0500000   -2.56639
7.0600000   -2.55693
7.0700000   -2.54703
7.0800000   -2.53679
7.0900000   -2.52632
7.1000000   -2.51542
7.1100000   -2.50427
7.1200000   -2.4928
7.1300000   -2.48108
7.1400000   -2.46914
7.1500000   -2.45685
7.1600000   -2.44444
7.1700000   -2.43169
7.1800000   -2.4187
7.1900000   -2.40558
7.2000000   -2.39213
7.2100000   -2.37855
7.2200000   -2.36483
7.2300000   -2.35088
7.2400000   -2.33669
7.2500000   -2.32247
7.2600000   -2.30802
7.2700000   -2.29334
7.2800000   -2.27863
7.2900000   -2.26378
7.3000000   -2.2487
7.3100000   -2.23359
7.3200000   -2.21835
7.3300000   -2.20298
7.3400000   -2.18757
7.3500000   -2.17194
7.3600000   -2.15627
7.3700000   -2.14058
7.3800000   -2.12475
7.3900000   -2.10889
7.4000000   -2.09291
7.4100000   -2.07689
7.4200000   -2.06074
7.4300000   -2.04466
7.4400000   -2.02846
7.4500000   -2.01222
7.4600000   -1.99596
7.4700000   -1.97966
7.4800000   -1.96324
7.4900000   -1.94689
7.5000000   -1.93051
7.5100000   -1.9141
7.5200000   -1.89766
7.5300000   -1.8812
7.5400000   -1.8647
7.5500000   -1.84828
7.5600000   -1.83184
7.5700000   -1.81536
7.5800000   -1.79886
7.5900000   -1.78243
7.6000000   -1.76597
7.6100000   -1.74948
7.6200000   -1.73307
7.6300000   -1.71663
7.6400000   -1.70027
7.6500000   -1.68388
7.6600000   -1.66756
7.6700000   -1.65122
7.6800000   -1.63495
7.6900000   -1.61865
7.7000000   -1.60243
7.7100000   -1.58618
7.7200000   -1.57011
7.7300000   -1.55391
7.7400000   -1.53789
7.7500000   -1.52184
7.7600000   -1.50587
7.7700000   -1.48987
7.7800000   -1.47395
7.7900000   -1.45811
7.8000000   -1.44234
7.8100000   -1.42664
7.8200000   -1.41092
7.8300000   -1.39528
7.8400000   -1.37971
7.8500000   -1.36412
7.8600000   -1.3487
7.8700000   -1.33326
7.8800000   -1.3179
7.8900000   -1.30262
7.9000000   -1.28741
7.9100000   -1.27218
7.9200000   -1.25712
7.9300000   -1.24205
7.9400000   -1.22715
7.9500000   -1.21222
7.9600000   -1.19738
7.9700000   -1.18261
7.9800000   -1.16792
7.9900000   -1.15331
8.0000000   -1.13867
8.0100000   -1.12422
8.0200000   -1.10984
8.0300000   -1.09544
8.0400000   -1.08122
8.0500000   -1.06698
8.0600000   -1.05281
8.0700000   -1.03883
8.0800000   -1.02482
8.0900000   -1.01089
8.1000000   -0.997042
8.1100000   -0.983272
8.1200000   -0.969582
8.1300000   -0.95597
8.1400000   -0.942439
8.1500000   -0.928986
8.1600000   -0.915613
8.1700000   -0.90232
8.1800000   -0.889107
8.1900000   -0.875974
8.2000000   -0.862921
8.2100000   -0.849848
8.2200000   -0.836955
8.2300000   -0.824142
8.2400000   -0.81131
8.2500000   -0.798658
8.2600000   -0.786087
8.2700000   -0.773496
8.2800000   -0.761087
8.2900000   -0.748658
8.3000000   -0.73641
8.3100000   -0.724143
8.3200000   -0.712057
8.3300000   -0.699953
8.3400000   -0.68793
8.3500000   -0.675988
8.3600000   -0.664228
8.3700000   -0.652449
8.3800000   -0.640752
8.3900000   -0.629137
8.4000000   -0.617604
8.4100000   -0.606152
8.4200000   -0.594783
8.4300000   -0.583496
8.4400000   -0.572291
8.4500000   -0.561068
8.4600000   -0.550027
8.4700000   -0.539069
8.4800000   -0.528094
8.4900000   -0.517301
8.5000000   -0.506491
8.5100000   -0.495763
8.5200000   -0.485219
8.5300000   -0.474657
8.5400000   -0.464179
8.5500000   -0.453783
8.5600000   -0.443471
8.5700000   -0.433142
8.5800000   -0.422996
8.5900000   -0.412834
8.6000000   -0.402855
8.6100000   -0.392859
8.6200000   -0.382948
8.6300000   -0.37312
8.6400000   -0.363376
8.6500000   -0.353715
8.6600000   -0.344139
8.6700000   -0.334547
8.6800000   -0.325138
8.6900000   -0.315714
8.7000000   -0.306374
8.7100000   -0.297119
8.7200000   -0.287947
8.7300000   -0.278861
8.7400000   -0.269758
8.7500000   -0.260741
8.7600000   -0.251908
8.7700000   -0.242959
8.7800000   -0.234196
8.7900000   -0.225517
8.8000000   -0.216824
8.8100000   -0.208315
8.8200000   -0.199791
8.8300000   -0.191253
8.8400000   -0.1829
8.8500000   -0.174532
8.8600000   -0.166349
8.8700000   -0.158152
8.8800000   -0.14994
8.8900000   -0.141914
8.9000000   -0.133873
8.9100000   -0.125918
8.9200000   -0.118049
8.9300000   -0.110266
8.9400000   -0.102468
8.9500000   -0.0947563
8.9600000   -0.0871306
8.9700000   -0.079591
8.9800000   -0.0720375
8.9900000   -0.0645702
9.0000000   -0.057189
9.0100000   -0.0498942
9.0200000   -0.0425858
9.0300000   -0.0353637
9.0400000   -0.0282281
9.0500000   -0.0210791
9.0600000   -0.0140166
9.0700000   -0.00704085
9.0800000   -0.000151769
9.0900000   0.00675055
9.1000000   0.013566
9.1100000   0.0202946
9.1200000   0.0270363
9.1300000   0.0336909
9.1400000   0.0402585
9.1500000   0.047239
9.1600000   0.0558323
9.1700000   0.0643384
9.1800000   0.0727572
9.1900000   0.0810887
9.2000000   0.0893328
9.2100000   0.0973894
9.2200000   0.105459
9.2300000   0.11344
9.2400000   0.121334
9.2500000   0.12914
9.2600000   0.136859
9.2700000   0.14439
9.2800000   0.151933
9.2900000   0.159388
9.3000000   0.166855
9.3100000   0.174134
9.3200000   0.181326
9.3300000   0.188429
9.3400000   0.195544
9.3500000   0.20247
9.3600000   0.209409
9.3700000   0.216259
9.3800000   0.223021
9.3900000   0.229695
9.4000000   0.23628
9.4100000   0.242876
9.4200000   0.249285
9.4300000   0.255704
9.4400000   0.262035
9.4500000   0.268277
9.4600000   0.274431
9.4700000   0.280596
9.4800000   0.286671
9.4900000   0.292659
9.5000000   0.298557
9.5100000   0.304366
9.5200000   0.310186
9.5300000   0.315917
9.5400000   0.321559
9.5500000   0.327212
9.5600000   0.332676
9.5700000   0.33815
9.5800000   0.343635
9.5900000   0.348931
9.6000000   0.354238
9.6100000   0.359455
9.6200000   0.364682
9.6300000   0.369821
9.6400000   0.374869
9.6500000   0.379828
9.6600000   0.384798
9.6700000   0.389677
9.6800000   0.394567
9.6900000   0.399367
9.7000000   0.404078
9.7100000   0.408698
9.7200000   0.413329
9.7300000   0.41797
9.7400000   0.422421
9.7500000   0.426982
9.7600000   0.431352
9.7700000   0.435733
9.7800000   0.440023
9.7900000   0.444324
9.8000000   0.448534
9.8100000   0.452754
9.8200000   0.456883
9.8300000   0.460923
9.8400000   0.464972
9.8500000   0.46893
9.8600000   0.472898
9.8700000   0.476776
9.8800000   0.480663
9.8900000   0.484459
9.9000000   0.488265
9.9100000   0.49198
9.9200000   0.495605
9.9300000   0.499239
9.9400000   0.502882
9.9500000   0.506434
9.9600000   0.509896
9.9700000   0.513366
9.9800000   0.516846
9.9900000   0.520235
10.0000000   0.523533
10.0100000   0.52684
10.0200000   0.530155
10.0300000   0.53338
10.0400000   0.536514
10.0500000   0.539656
10.0600000   0.542807
10.0700000   0.545868
10.0800000   0.548936
10.0900000   0.551914
10.1000000   0.5549
10.1100000   0.557895
10.1200000   0.560698
10.1300000   0.56361
10.1400000   0.566431
10.1500000   0.56926
10.1600000   0.571997
10.1700000   0.574743
10.1800000   0.577398
10.1900000   0.58006
10.2000000   0.582731
10.2100000   0.585311
10.2200000   0.587898
10.2300000   0.590394
10.2400000   0.592898
10.2500000   0.595411
10.2600000   0.597831
10.2700000   0.60026
10.2800000   0.602596
10.2900000   0.604941
10.3000000   0.607294
10.3100000   0.609554
10.3200000   0.611823
10.3300000   0.6141
10.3400000   0.616284
10.3500000   0.618477
10.3600000   0.620577
10.3700000   0.622685
10.3800000   0.6248
10.3900000   0.626824
10.4000000   0.628955
10.4100000   0.630894
10.4200000   0.632941
10.4300000   0.634895
10.4400000   0.636757
10.4500000   0.638726
10.4600000   0.640603
10.4700000   0.642488
10.4800000   0.644279
10.4900000   0.646079
10.5000000   0.647886
10.5100000   0.6496
10.5200000   0.651421
10.5300000   0.65305
10.5400000   0.654787
10.5500000   0.65643
10.5600000   0.658081
10.5700000   0.659739
10.5800000   0.661304
10.5900000   0.662876
10.6000000   0.664456
10.6100000   0.665943
10.6200000   0.667436
10.6300000   0.668937
10.6400000   0.670445
10.6500000   0.67186
10.6600000   0.673282
10.6700000   0.674711
10.6800000   0.676046
10.6900000   0.677489
10.7000000   0.678839
10.7100000   0.680095
10.7200000   0.681458
10.7300000   0.682728
10.7400000   0.684005
10.7500000   0.685189
10.7600000   0.686479
10.7700000   0.687676
10.7800000   0.68888
10.7900000   0.689991
10.8000000   0.691208
10.8100000   0.692331
10.8200000   0.693462
10.8300000   0.694498
10.8400000   0.695642
10.8500000   0.696692
10.8600000   0.697748
10.8700000   0.698811
10.8800000   0.69978
10.8900000   0.700756
10.9000000   0.701738
10.9100000   0.702726
10.9200000   0.703721
10.9300000   0.704622
10.9400000   0.705529
10.9500000   0.706443
10.9600000   0.707263
10.9700000   0.708189
10.9800000   0.709022
10.9900000   0.70986
11.0000000   0.710705
11.0100000   0.711456
11.0200000   0.712313
11.0300000   0.713076
11.0400000   0.713845
11.0500000   0.71462
11.0600000   0.715301
11.0700000   0.716089
11.0800000   0.716782
11.0900000   0.717481
11.1000000   0.718186
11.1100000   0.718797
11.1200000   0.719514
11.1300000   0.720137
11.1400000   0.720766
11.1500000   0.721401
11.1600000   0.721941
11.1700000   0.722587
11.1800000   0.723139
11.1900000   0.723697
11.2000000   0.72426
11.2100000   0.72483
11.2200000   0.725304
11.2300000   0.725785
11.2400000   0.726371
11.2500000   0.726863
11.2600000   0.72726
11.2700000   0.727763
11.2800000   0.728272
11.2900000   0.728686
11.3000000   0.729106
11.3100000   0.729531
11.3200000   0.729962
11.3300000   0.730398
11.3400000   0.73074
11.3500000   0.731087
11.3600000   0.731539
11.3700000   0.731897
11.3800000   0.732161
11.3900000   0.732529
11.4000000   0.732903
11.4100000   0.733183
11.4200000   0.733467
11.4300000   0.733757
11.4400000   0.734052
11.4500000   0.734353
11.4600000   0.734658
11.4700000   0.734869
11.4800000   0.735185
11.4900000   0.735407
11.5000000   0.735633
11.5100000   0.735865
11.5200000   0.736101
11.5300000   0.736243
11.5400000   0.73649
11.5500000   0.736642
11.5600000   0.736799
11.5700000   0.736961
11.5800000   0.737128
11.5900000   0.7373
11.6000000   0.737477
11.6100000   0.737559
11.6200000   0.737746
11.6300000   0.737838
11.6400000   0.737935
11.6500000   0.738036
11.6600000   0.738143
11.6700000   0.738254
11.6800000   0.738271
11.6900000   0.738392
11.7000000   0.738418
11.7100000   0.738548
11.7200000   0.738584
11.7300000   0.738624
11.7400000   0.738669
11.7500000   0.738619
11.7600000   0.738674
11.7700000   0.738733
11.7800000   0.738697
11.7900000   0.738665
11.8000000   0.738738
11.8100000   0.738716
11.8200000   0.738699
11.8300000   0.738686
11.8400000   0.738577
11.8500000   0.738574
11.8600000   0.738475
11.8700000   0.73848
11.8800000   0.73839
11.8900000   0.738304
11.9000000   0.738223
11.9100000   0.738146
11.9200000   0.738074
11.9300000   0.738007
11.9400000   0.737943
11.9500000   0.737784
11.9600000   0.73773
11.9700000   0.73758
11.9800000   0.737434
11.9900000   0.737293
12.0000000   0.737256
12.0100000   0.737024
12.0200000   0.736895
12.0300000   0.736771
12.0400000   0.736652
12.0500000   0.736436
12.0600000   0.736325
12.0700000   0.736118
12.0800000   0.735916
12.0900000   0.735817
12.1000000   0.735623
12.1100000   0.735433
12.1200000   0.735247
12.1300000   0.734966
12.1400000   0.734788
12.1500000   0.734615
12.1600000   0.734345
12.1700000   0.73418
12.1800000   0.733919
12.1900000   0.733662
12.2000000   0.733509
12.2100000   0.733261
12.2200000   0.733016
12.2300000   0.732775
12.2400000   0.732538
12.2500000   0.732206
12.2600000   0.731977
12.2700000   0.731752
12.2800000   0.731432
12.2900000   0.731215
12.3000000   0.730902
12.3100000   0.730593
12.3200000   0.730388
12.3300000   0.730087
12.3400000   0.72979
12.3500000   0.729496
12.3600000   0.729207
12.3700000   0.728821
12.3800000   0.728539
12.3900000   0.728261
12.4000000   0.727887
12.4100000   0.727617
12.4200000   0.72725
12.4300000   0.726988
12.4400000   0.726629
12.4500000   0.726273
12.4600000   0.725922
12.4700000   0.725574
12.4800000   0.72523
12.4900000   0.72489
12.5000000   0.724553
12.5100000   0.72422
12.5200000   0.723891
12.5300000   0.723465
12.5400000   0.723143
12.5500000   0.722725
12.5600000   0.72241
12.5700000   0.721999
12.5800000   0.721691
12.5900000   0.721288
12.6000000   0.720887
12.6100000   0.72049
12.6200000   0.720097
12.6300000   0.719708
12.6400000   0.719321
12.6500000   0.718939
12.6600000   0.71856
12.6700000   0.718084
12.6800000   0.717712
12.6900000   0.717343
12.7000000   0.716878
12.7100000   0.716517
12.7200000   0.716058
12.7300000   0.715603
12.7400000   0.715252
12.7500000   0.714804
12.7600000   0.714359
12.7700000   0.713918
12.7800000   0.71348
12.7900000   0.713046
12.8000000   0.712615
12.8100000   0.712187
12.8200000   0.711763
12.8300000   0.711342
12.8400000   0.710924
12.8500000   0.71041
12.8600000   0.709999
12.8700000   0.709491
12.8800000   0.709086
12.8900000   0.708585
12.9000000   0.708187
12.9100000   0.707692
12.9200000   0.7072
12.9300000   0.706812
12.9400000   0.706327
12.9500000   0.705845
12.9600000   0.705366
12.9700000   0.704891
12.9800000   0.704419
12.9900000   0.703949
13.0000000   0.703483
13.0100000   0.70302
13.0200000   0.702461
13.0300000   0.702004
13.0400000   0.701551
13.0500000   0.701
13.0600000   0.700553
13.0700000   0.700109
13.0800000   0.699568
13.0900000   0.69903
13.1000000   0.698595
13.1100000   0.698063
13.1200000   0.697634
13.1300000   0.697108
13.1400000   0.696585
13.1500000   0.696066
13.1600000   0.695549
13.1700000   0.695035
13.1800000   0.694524
13.1900000   0.694017
13.2000000   0.693512
13.2100000   0.69301
13.2200000   0.692511
13.2300000   0.692015
13.2400000   0.691522
13.2500000   0.690932
13.2600000   0.690445
13.2700000   0.68996
13.2800000   0.689379
13.2900000   0.6889
13.3000000   0.688325
13.3100000   0.687852
13.3200000   0.687282
13.3300000   0.686715
13.3400000   0.686251
13.3500000   0.68569
13.3600000   0.685131
13.3700000   0.684676
13.3800000   0.684123
13.3900000   0.683573
13.4000000   0.683025
13.4100000   0.682481
13.4200000   0.681939
13.4300000   0.6814
13.4400000   0.680864
13.4500000   0.680331
13.4600000   0.6798
13.4700000   0.679272
13.4800000   0.678647
13.4900000   0.678125
13.5000000   0.677605
13.5100000   0.677088
13.5200000   0.676474
13.5300000   0.675962
13.5400000   0.675353
13.5500000   0.674847
13.5600000   0.674243
13.5700000   0.673742
13.5800000   0.673144
13.5900000   0.672648
13.6000000   0.672055
13.6100000   0.671465
13.6200000   0.670977
13.6300000   0.670392
13.6400000   0.669809
13.6500000   0.669229
13.6600000   0.668752
13.6700000   0.668177
13.6800000   0.667605
13.6900000   0.667035
13.7000000   0.666468
13.7100000   0.665904
13.7200000   0.665342
13.7300000   0.664782
13.7400000   0.664225
13.7500000   0.663671
13.7600000   0.663119
13.7700000   0.66247
13.7800000   0.661923
13.7900000   0.661379
13.8000000   0.660837
13.8100000   0.660197
13.8200000   0.65966
13.8300000   0.659126
13.8400000   0.658494
13.8500000   0.657964
13.8600000   0.657337
13.8700000   0.656813
13.8800000   0.65619
13.8900000   0.655671
13.9000000   0.655053
13.9100000   0.654538
13.9200000   0.653926
13.9300000   0.653315
13.9400000   0.652808
13.9500000   0.652202
13.9600000   0.651599
13.9700000   0.650999
13.9800000   0.6505
13.9900000   0.649904
14.0000000   0.649311
14.0100000   0.648719
14.0200000   0.64813
14.0300000   0.647544
14.0400000   0.64696
14.0500000   0.646378
14.0600000   0.645798
14.0700000   0.645221
14.0800000   0.644645
14.0900000   0.644073
14.1000000   0.643502
14.1100000   0.642934
14.1200000   0.642368
14.1300000   0.641804
14.1400000   0.641143
14.1500000   0.640584
14.1600000   0.640027
14.1700000   0.639472
14.1800000   0.638819
14.1900000   0.638269
14.2000000   0.637721
14.2100000   0.637075
14.2200000   0.636532
14.2300000   0.63589
14.2400000   0.635351
14.2500000   0.634714
14.2600000   0.634179
14.2700000   0.633547
14.2800000   0.633016
14.2900000   0.632388
14.3000000   0.631861
14.3100000   0.631237
14.3200000   0.630616
14.3300000   0.630096
14.3400000   0.629478
14.3500000   0.628863
14.3600000   0.628349
14.3700000   0.627738
14.3800000   0.627129
14.3900000   0.626522
14.4000000   0.626017
14.4100000   0.625414
14.4200000   0.624813
14.4300000   0.624214
14.4400000   0.623618
14.4500000   0.623023
14.4600000   0.622431
14.4700000   0.62184
14.4800000   0.621252
14.4900000   0.620666
14.5000000   0.620081
14.5100000   0.619499
14.5200000   0.618919
14.5300000   0.618341
14.5400000   0.617764
14.5500000   0.61719
14.5600000   0.616618
14.5700000   0.616048
14.5800000   0.61548
14.5900000   0.614813
14.6000000   0.614249
14.6100000   0.613687
14.6200000   0.613127
14.6300000   0.612468
14.6400000   0.611912
14.6500000   0.611358
14.6600000   0.610705
14.6700000   0.610155
14.6800000   0.609606
14.6900000   0.60896
14.7000000   0.608415
14.7100000   0.607872
14.7200000   0.607232
14.7300000   0.606693
14.7400000   0.606056
14.7500000   0.605521
14.7600000   0.604887
14.7700000   0.604356
14.7800000   0.603727
14.7900000   0.603199
14.8000000   0.602574
14.8100000   0.60205
14.8200000   0.601428
14.8300000   0.600808
14.8400000   0.60029
14.8500000   0.599673
14.8600000   0.599059
14.8700000   0.598546
14.8800000   0.597936
14.8900000   0.597327
14.9000000   0.59682
14.9100000   0.596214
14.9200000   0.595611
14.9300000   0.595009
14.9400000   0.594409
14.9500000   0.593911
14.9600000   0.593315
14.9700000   0.592721
14.9800000   0.592128
14.9900000   0.591537
15.0000000   0.590948
15.0100000   0.590361
15.0200000   0.589875
15.0300000   0.589291
15.0400000   0.588709
15.0500000   0.588129
15.0600000   0.587551
15.0700000   0.586974
15.0800000   0.586399
15.0900000   0.585826
15.1000000   0.585254
15.1100000   0.584684
15.1200000   0.584116
15.1300000   0.58355
15.1400000   0.582885
15.1500000   0.582322
15.1600000   0.581761
15.1700000   0.581201
15.1800000   0.580644
15.1900000   0.580088
15.2000000   0.579533
15.2100000   0.57888
15.2200000   0.578329
15.2300000   0.57778
15.2400000   0.577232
15.2500000   0.576686
15.2600000   0.576042
15.2700000   0.575499
15.2800000   0.574958
15.2900000   0.574318
15.3000000   0.573781
15.3100000   0.573244
15.3200000   0.57261
15.3300000   0.572077
15.3400000   0.571546
15.3500000   0.570916
15.3600000   0.570388
15.3700000   0.569862
15.3800000   0.569237
15.3900000   0.568714
15.4000000   0.568092
15.4100000   0.567572
15.4200000   0.567054
15.4300000   0.566437
15.4400000   0.565922
15.4500000   0.565308
15.4600000   0.564796
15.4700000   0.564186
15.4800000   0.563677
15.4900000   0.56307
15.5000000   0.562464
15.5100000   0.56196
15.5200000   0.561357
15.5300000   0.560856
15.5400000   0.560256
15.5500000   0.559758
15.5600000   0.559162
15.5700000   0.558567
15.5800000   0.558073
15.5900000   0.557482
15.6000000   0.556891
15.6100000   0.556402
15.6200000   0.555815
15.6300000   0.555229
15.6400000   0.554745
15.6500000   0.554162
15.6600000   0.553581
15.6700000   0.553101
15.6800000   0.552523
15.6900000   0.551946
15.7000000   0.55137
15.7100000   0.550797
15.7200000   0.550324
15.7300000   0.549753
15.7400000   0.549184
15.7500000   0.548616
15.7600000   0.548049
15.7700000   0.547584
15.7800000   0.547021
15.7900000   0.546458
15.8000000   0.545898
15.8100000   0.545338
15.8200000   0.544781
15.8300000   0.544224
15.8400000   0.543669
15.8500000   0.543216
15.8600000   0.542664
15.8700000   0.542113
15.8800000   0.541564
15.8900000   0.541016
15.9000000   0.540469
15.9100000   0.539924
15.9200000   0.539381
15.9300000   0.538838
15.9400000   0.538298
15.9500000   0.537758
15.9600000   0.53722
15.9700000   0.536683
15.9800000   0.536148
15.9900000   0.535614
16.0000000   0.535082
16.0100000   0.53455
16.0200000   0.534021
16.0300000   0.533492
16.0400000   0.532865
16.0500000   0.532339
16.0600000   0.531815
16.0700000   0.531292
16.0800000   0.53077
16.0900000   0.53025
16.1000000   0.529731
16.1100000   0.529213
16.1200000   0.528697
16.1300000   0.528082
16.1400000   0.527569
16.1500000   0.527056
16.1600000   0.526545
16.1700000   0.526036
16.1800000   0.525427
16.1900000   0.52492
16.2000000   0.524414
16.2100000   0.52391
16.2200000   0.523407
16.2300000   0.522805
16.2400000   0.522305
16.2500000   0.521805
16.2600000   0.521307
16.2700000   0.520711
16.2800000   0.520215
16.2900000   0.519721
16.3000000   0.519128
16.3100000   0.518637
16.3200000   0.518147
16.3300000   0.517558
16.3400000   0.51707
16.3500000   0.516583
16.3600000   0.515998
16.3700000   0.515514
16.3800000   0.515031
16.3900000   0.51445
16.4000000   0.51397
16.4100000   0.513491
16.4200000   0.512913
16.4300000   0.512437
16.4400000   0.511861
16.4500000   0.511387
16.4600000   0.510914
16.4700000   0.510343
16.4800000   0.509873
16.4900000   0.509303
16.5000000   0.508835
16.5100000   0.508269
16.5200000   0.507803
16.5300000   0.507339
16.5400000   0.506776
16.5500000   0.506314
16.5600000   0.505753
16.5700000   0.505294
16.5800000   0.504736
16.5900000   0.504278
16.6000000   0.503723
16.6100000   0.503268
16.6200000   0.502714
16.6300000   0.502262
16.6400000   0.501711
16.6500000   0.501261
16.6600000   0.500712
16.6700000   0.500164
16.6800000   0.499718
16.6900000   0.499172
16.7000000   0.498728
16.7100000   0.498185
16.7200000   0.497743
16.7300000   0.497202
16.7400000   0.496663
16.7500000   0.496224
16.7600000   0.495687
16.7700000   0.495251
16.7800000   0.494716
16.7900000   0.494182
16.8000000   0.493749
16.8100000   0.493217
16.8200000   0.492687
16.8300000   0.492258
16.8400000   0.491729
16.8500000   0.491302
16.8600000   0.490776
16.8700000   0.490251
16.8800000   0.489827
16.8900000   0.489305
16.9000000   0.488783
16.9100000   0.488263
16.9200000   0.487843
16.9300000   0.487325
16.9400000   0.486808
16.9500000   0.486392
16.9600000   0.485877
16.9700000   0.485363
16.9800000   0.48485
16.9900000   0.484438
17.0000000   0.483927
17.0100000   0.483418
17.0200000   0.482909
17.0300000   0.482502
17.0400000   0.481995
17.0500000   0.48149
17.0600000   0.480986
17.0700000   0.480582
17.0800000   0.48008
17.0900000   0.479579
17.1000000   0.479079
17.1100000   0.47858
17.1200000   0.478182
17.1300000   0.477685
17.1400000   0.47719
17.1500000   0.476695
17.1600000   0.476201
17.1700000   0.475808
17.1800000   0.475317
17.1900000   0.474826
17.2000000   0.474336
17.2100000   0.473848
17.2200000   0.47336
17.2300000   0.472874
17.2400000   0.472488
17.2500000   0.472004
17.2600000   0.47152
17.2700000   0.471038
17.2800000   0.470556
17.2900000   0.470076
17.3000000   0.469596
17.3100000   0.469118
17.3200000   0.46874
17.3300000   0.468264
17.3400000   0.467788
17.3500000   0.467314
17.3600000   0.46684
17.3700000   0.466368
17.3800000   0.465896
17.3900000   0.465426
17.4000000   0.464956
17.4100000   0.464488
17.4200000   0.46402
17.4300000   0.463554
17.4400000   0.463088
17.4500000   0.462624
17.4600000   0.46226
17.4700000   0.461797
17.4800000   0.461335
17.4900000   0.460875
17.5000000   0.460415
17.5100000   0.459956
17.5200000   0.459498
17.5300000   0.459041
17.5400000   0.458585
17.5500000   0.45813
17.5600000   0.457676
17.5700000   0.457223
17.5800000   0.456771
17.5900000   0.456319
17.6000000   0.455869
17.6100000   0.45542
17.6200000   0.454971
17.6300000   0.454524
17.6400000   0.453977
17.6500000   0.453531
17.6600000   0.453087
17.6700000   0.452643
17.6800000   0.4522
17.6900000   0.451758
17.7000000   0.451317
17.7100000   0.450877
17.7200000   0.450438
17.7300000   0.449999
17.7400000   0.449562
17.7500000   0.449126
17.7600000   0.44869
17.7700000   0.448255
17.7800000   0.447822
17.7900000   0.447289
17.8000000   0.446857
17.8100000   0.446426
17.8200000   0.445995
17.8300000   0.445566
17.8400000   0.445138
17.8500000   0.44471
17.8600000   0.444284
17.8700000   0.443858
17.8800000   0.443333
17.8900000   0.442909
17.9000000   0.442486
17.9100000   0.442064
17.9200000   0.441642
17.9300000   0.441222
17.9400000   0.440802
17.9500000   0.440384
17.9600000   0.439866
17.9700000   0.439449
17.9800000   0.439032
17.9900000   0.438617
18.0000000   0.438203
18.0100000   0.437789
18.0200000   0.437276
18.0300000   0.436865
18.0400000   0.436454
18.0500000   0.436043
18.0600000   0.435634
18.0700000   0.435126
18.0800000   0.434718
18.0900000   0.434311
18.1000000   0.433905
18.1100000   0.4335
18.1200000   0.432996
18.1300000   0.432592
18.1400000   0.43219
18.1500000   0.431788
18.1600000   0.431387
18.1700000   0.430887
18.1800000   0.430488
18.1900000   0.430089
18.2000000   0.429692
18.2100000   0.429195
18.2200000   0.428799
18.2300000   0.428403
18.2400000   0.428009
18.2500000   0.427615
18.2600000   0.427123
18.2700000   0.426731
18.2800000   0.42634
18.2900000   0.425949
18.3000000   0.42546
18.3100000   0.425071
18.3200000   0.424683
18.3300000   0.424196
18.3400000   0.42381
18.3500000   0.423424
18.3600000   0.423039
18.3700000   0.422555
18.3800000   0.422172
18.3900000   0.42179
18.4000000   0.421408
18.4100000   0.420927
18.4200000   0.420547
18.4300000   0.420168
18.4400000   0.41969
18.4500000   0.419312
18.4600000   0.418935
18.4700000   0.418459
18.4800000   0.418084
18.4900000   0.417709
18.5000000   0.417235
18.5100000   0.416862
18.5200000   0.41649
18.5300000   0.416118
18.5400000   0.415647
18.5500000   0.415277
18.5600000   0.414908
18.5700000   0.41444
18.5800000   0.414072
18.5900000   0.413705
18.6000000   0.413239
18.6100000   0.412873
18.6200000   0.412509
18.6300000   0.412045
18.6400000   0.411681
18.6500000   0.411219
18.6600000   0.410857
18.6700000   0.410496
18.6800000   0.410036
18.6900000   0.409676
18.7000000   0.409318
18.7100000   0.40886
18.7200000   0.408502
18.7300000   0.408146
18.7400000   0.40769
18.7500000   0.407335
18.7600000   0.40688
18.7700000   0.406527
18.7800000   0.406174
18.7900000   0.405721
18.8000000   0.40537
18.8100000   0.404919
18.8200000   0.404569
18.8300000   0.40422
18.8400000   0.403771
18.8500000   0.403423
18.8600000   0.402976
18.8700000   0.40263
18.8800000   0.402284
18.8900000   0.401839
18.9000000   0.401494
18.9100000   0.401051
18.9200000   0.400708
18.9300000   0.400365
18.9400000   0.399924
18.9500000   0.399583
18.9600000   0.399143
18.9700000   0.398803
18.9800000   0.398365
18.9900000   0.398027
19.0000000   0.397689
19.0100000   0.397252
19.0200000   0.396916
19.0300000   0.396481
19.0400000   0.396147
19.0500000   0.395713
19.0600000   0.395379
19.0700000   0.395047
19.0800000   0.394615
19.0900000   0.394284
19.1000000   0.393853
19.1100000   0.393523
19.1200000   0.393094
19.1300000   0.392765
19.1400000   0.392338
19.1500000   0.39201
19.1600000   0.391584
19.1700000   0.391258
19.1800000   0.390833
19.1900000   0.390508
19.2000000   0.390084
19.2100000   0.389761
19.2200000   0.389439
19.2300000   0.389017
19.2400000   0.388696
19.2500000   0.388275
19.2600000   0.387955
19.2700000   0.387536
19.2800000   0.387217
19.2900000   0.386799
19.3000000   0.386482
19.3100000   0.386065
19.3200000   0.385749
19.3300000   0.385334
19.3400000   0.385019
19.3500000   0.384605
19.3600000   0.384292
19.3700000   0.383879
19.3800000   0.383567
19.3900000   0.383155
19.4000000   0.382844
19.4100000   0.382434
19.4200000   0.382125
19.4300000   0.381716
19.4400000   0.381407
19.4500000   0.381
19.4600000   0.380592
19.4700000   0.380286
19.4800000   0.37988
19.4900000   0.379575
19.5000000   0.37917
19.5100000   0.378866
19.5200000   0.378463
19.5300000   0.37816
19.5400000   0.377758
19.5500000   0.377457
19.5600000   0.377056
19.5700000   0.376756
19.5800000   0.376356
19.5900000   0.376057
19.6000000   0.375658
19.6100000   0.375261
19.6200000   0.374963
19.6300000   0.374567
19.6400000   0.374271
19.6500000   0.373875
19.6600000   0.373581
19.6700000   0.373187
19.6800000   0.372893
19.6900000   0.3725
19.7000000   0.372108
19.7100000   0.371816
19.7200000   0.371425
19.7300000   0.371134
19.7400000   0.370744
19.7500000   0.370455
19.7600000   0.370066
19.7700000   0.369677
19.7800000   0.36939
19.7900000   0.369003
19.8000000   0.368716
19.8100000   0.36833
19.8200000   0.368045
19.8300000   0.36766
19.8400000   0.367276
19.8500000   0.366993
19.8600000   0.36661
19.8700000   0.366327
19.8800000   0.365946
19.8900000   0.365564
19.9000000   0.365284
19.9100000   0.364903
19.9200000   0.364624
19.9300000   0.364245
19.9400000   0.363867
19.9500000   0.363589
19.9600000   0.363212
19.9700000   0.362935
19.9800000   0.362559
19.9900000   0.362183
20.0000000   0.361908
20.0100000   0.361534
20.0200000   0.36126
20.0300000   0.360887
20.0400000   0.360514
20.0500000   0.360242
20.0600000   0.35987
20.0700000   0.359599
20.0800000   0.359228
20.0900000   0.358858
