0.1000000   920.4
0.1100000   912.561
0.1200000   906.599
0.1300000   901.959
0.1400000   898.278
0.1500000   895.308
0.1600000   892.877
0.1700000   890.862
0.1800000   889.174
0.1900000   887.745
0.2000000   886.525
0.2100000   885.476
0.2200000   884.566
0.2300000   883.772
0.2400000   883.075
0.2500000   882.461
0.2600000   881.915
0.2700000   881.43
0.2800000   880.995
0.2900000   880.604
0.3000000   880.252
0.3100000   879.934
0.3200000   879.645
0.3300000   879.381
0.3400000   879.141
0.3500000   878.921
0.3600000   878.719
0.3700000   878.533
0.3800000   878.362
0.3900000   878.203
0.4000000   878.057
0.4100000   877.921
0.4200000   877.794
0.4300000   877.677
0.4400000   877.567
0.4500000   877.464
0.4600000   877.368
0.4700000   877.279
0.4800000   877.194
0.4900000   877.115
0.5000000   877.041
0.5100000   876.97
0.5200000   876.904
0.5300000   876.842
0.5400000   876.783
0.5500000   876.727
0.5600000   876.674
0.5700000   876.624
0.5800000   876.577
0.5900000   876.531
0.6000000   876.489
0.6100000   876.448
0.6200000   876.409
0.6300000   876.372
0.6400000   876.337
0.6500000   876.303
0.6600000   876.271
0.6700000   876.24
0.6800000   876.211
0.6900000   876.183
0.7000000   876.156
0.7100000   876.13
0.7200000   876.105
0.7300000   876.082
0.7400000   876.059
0.7500000   876.037
0.7600000   876.016
0.7700000   875.996
0.7800000   875.976
0.7900000   875.958
0.8000000   875.94
0.8100000   875.922
0.8200000   875.906
0.8300000   875.89
0.8400000   875.874
0.8500000   875.859
0.8600000   875.845
0.8700000   875.831
0.8800000   875.817
0.8900000   875.804
0.9000000   875.792
0.9100000   875.779
0.9200000   875.768
0.9300000   875.756
0.9400000   875.745
0.9500000   875.734
0.9600000   875.724
0.9700000   875.714
0.9800000   875.704
0.9900000   875.695
1.0000000   875.686
1.0100000   875.677
1.0200000   875.668
1.0300000   875.66
1.0400000   875.652
1.0500000   875.644
1.0600000   875.636
1.0700000   875.628
1.0800000   875.621
1.0900000   875.614
1.1000000   875.607
1.1100000   875.601
1.1200000   875.594
1.1300000   875.588
1.1400000   875.581
1.1500000   875.575
1.1600000   875.57
1.1700000   875.564
1.1800000   875.558
1.1900000   875.553
1.2000000   875.548
1.2100000   875.542
1.2200000   875.537
1.2300000   875.532
1.2400000   875.528
1.2500000   875.523
1.2600000   875.518
1.2700000   875.514
1.2800000   875.51
1.2900000   875.505
1.3000000   875.501
1.3100000   875.497
1.3200000   875.493
1.3300000   875.489
1.3400000   875.485
1.3500000   875.482
1.3600000   875.478
1.3700000   875.475
1.3800000   875.471
1.3900000   875.468
1.4000000   875.464
1.4100000   875.461
1.4200000   875.458
1.4300000   875.455
1.4400000   875.452
1.4500000   875.449
1.4600000   875.446
1.4700000   875.443
1.4800000   875.44
1.4900000   875.437
1.5000000   875.435
1.5100000   875.432
1.5200000   875.429
1.5300000   875.427
1.5400000   875.424
1.5500000   875.422
1.5600000   875.42
1.5700000   875.417
1.5800000   875.415
1.5900000   875.413
1.6000000   875.41
1.6100000   875.408
1.6200000   875.406
1.6300000   875.404
1.6400000   875.402
1.6500000   875.4
1.6600000   875.398
1.6700000   875.396
1.6800000   875.394
1.6900000   875.392
1.7000000   875.39
1.7100000   875.388
1.7200000   875.387
1.7300000   875.385
1.7400000   875.383
1.7500000   875.381
1.7600000   875.38
1.7700000   875.378
1.7800000   875.377
1.7900000   875.375
1.8000000   875.373
1.8100000   875.372
1.8200000   875.37
1.8300000   875.369
1.8400000   875.367
1.8500000   875.366
1.8600000   875.365
1.8700000   875.363
1.8800000   875.362
1.8900000   875.36
1.9000000   875.359
1.9100000   875.358
1.9200000   875.356
1.9300000   875.355
1.9400000   875.354
1.9500000   875.353
1.9600000   875.352
1.9700000   875.35
1.9800000   875.349
1.9900000   875.348
2.0000000   875.347
2.0100000   875.346
2.0200000   875.345
2.0300000   875.344
2.0400000   875.342
2.0500000   875.341
2.0600000   875.34
2.0700000   875.339
2.0800000   875.338
2.0900000   875.337
2.1000000   875.336
2.1100000   875.335
2.1200000   875.334
2.1300000   875.334
2.1400000   875.333
2.1500000   875.332
2.1600000   875.331
2.1700000   875.33
2.1800000   875.329
2.1900000   875.328
2.2000000   875.327
2.2100000   875.326
2.2200000   875.326
2.2300000   875.325
2.2400000   875.324
2.2500000   875.323
2.2600000   875.322
2.2700000   875.322
2.2800000   875.321
2.2900000   875.32
2.3000000   875.319
2.3100000   875.319
2.3200000   875.318
2.3300000   875.317
2.3400000   875.316
2.3500000   875.316
2.3600000   875.315
2.3700000   875.314
2.3800000   875.314
2.3900000   875.313
2.4000000   875.312
2.4100000   875.312
2.4200000   875.311
2.4300000   875.31
2.4400000   875.31
2.4500000   875.309
2.4600000   875.309
2.4700000   875.308
2.4800000   875.307
2.4900000   875.307
2.5000000   875.306
2.5100000   834.261
2.5200000   795.291
2.5300000   758.282
2.5400000   723.129
2.5500000   689.732
2.5600000   657.998
2.5700000   627.836
2.5800000   599.165
2.5900000   571.904
2.6000000   545.98
2.6100000   521.322
2.6200000   497.864
2.6300000   475.544
2.6400000   454.301
2.6500000   434.081
2.6600000   414.83
2.6700000   396.5
2.6800000   379.042
2.6900000   362.411
2.7000000   346.567
2.7100000   331.47
2.7200000   317.08
2.7300000   303.364
2.7400000   290.286
2.7500000   277.816
2.7600000   265.923
2.7700000   254.578
2.7800000   243.754
2.7900000   233.426
2.8000000   223.569
2.8100000   214.161
2.8200000   205.179
2.8300000   196.602
2.8400000   188.411
2.8500000   180.588
2.8600000   173.115
2.8700000   165.974
2.8800000   159.151
2.8900000   152.629
2.9000000   146.395
2.9100000   140.436
2.9200000   134.737
2.9300000   129.287
2.9400000   124.075
2.9500000   119.088
2.9600000   114.318
2.9700000   109.753
2.9800000   105.384
2.9900000   101.202
3.0000000   97.1985
3.0100000   93.3656
3.0200000   89.6953
3.0300000   86.1801
3.0400000   82.8131
3.0500000   79.5876
3.0600000   76.4972
3.0700000   73.5359
3.0800000   70.6978
3.0900000   67.9775
3.1000000   65.3697
3.1100000   62.8695
3.1200000   60.4721
3.1300000   58.1729
3.1400000   55.9677
3.1500000   53.8524
3.1600000   51.8229
3.1700000   49.8757
3.1800000   48.007
3.1900000   46.2136
3.2000000   44.4921
3.2100000   42.8396
3.2200000   41.2529
3.2300000   39.7294
3.2400000   38.2663
3.2500000   36.8611
3.2600000   35.5113
3.2700000   34.2145
3.2800000   32.9686
3.2900000   31.7713
3.3000000   30.6208
3.3100000   29.5149
3.3200000   28.4519
3.3300000   27.43
3.3400000   26.4475
3.3500000   25.5027
3.3600000   24.5941
3.3700000   23.7203
3.3800000   22.8797
3.3900000   22.0711
3.4000000   21.2931
3.4100000   20.5445
3.4200000   19.8241
3.4300000   19.1308
3.4400000   18.4635
3.4500000   17.8212
3.4600000   17.2027
3.4700000   16.6073
3.4800000   16.0339
3.4900000   15.4818
3.5000000   14.95
3.5100000   14.4377
3.5200000   13.9443
3.5300000   13.4689
3.5400000   13.0108
3.5500000   12.5694
3.5600000   12.1441
3.5700000   11.7341
3.5800000   11.3389
3.5900000   10.958
3.6000000   10.5908
3.6100000   10.2367
3.6200000   9.89527
3.6300000   9.56601
3.6400000   9.24847
3.6500000   8.94219
3.6600000   8.64674
3.6700000   8.36172
3.6800000   8.08674
3.6900000   7.82141
3.7000000   7.56538
3.7100000   7.31829
3.7200000   7.07982
3.7300000   6.84964
3.7400000   6.62744
3.7500000   6.41293
3.7600000   6.20583
3.7700000   6.00586
3.7800000   5.81276
3.7900000   5.62628
3.8000000   5.44618
3.8100000   5.27221
3.8200000   5.10417
3.8300000   4.94184
3.8400000   4.785
3.8500000   4.63346
3.8600000   4.48703
3.8700000   4.34553
3.8800000   4.20878
3.8900000   4.0766
3.9000000   3.94884
3.9100000   3.82534
3.9200000   3.70594
3.9300000   3.59051
3.9400000   3.4789
3.9500000   3.37097
3.9600000   3.2666
3.9700000   3.16567
3.9800000   3.06804
3.9900000   2.97362
4.0000000   2.88227
4.0100000   2.79391
4.0200000   2.70842
4.0300000   2.6257
4.0400000   2.54566
4.0500000   2.46821
4.0600000   2.39326
4.0700000   2.32072
4.0800000   2.25051
4.0900000   2.18255
4.1000000   2.11676
4.1100000   2.05307
4.1200000   1.99141
4.1300000   1.93171
4.1400000   1.87391
4.1500000   1.81793
4.1600000   1.76372
4.1700000   1.71122
4.1800000   1.66037
4.1900000   1.61112
4.2000000   1.56341
4.2100000   1.51719
4.2200000   1.47242
4.2300000   1.42904
4.2400000   1.38701
4.2500000   1.34628
4.2600000   1.30681
4.2700000   1.26857
4.2800000   1.2315
4.2900000   1.19558
4.3000000   1.16076
4.3100000   1.127
4.3200000   1.09428
4.3300000   1.06257
4.3400000   1.03181
4.3500000   1.002
4.3600000   0.973089
4.3700000   0.945057
4.3800000   0.917874
4.3900000   0.891512
4.4000000   0.865946
4.4100000   0.841149
4.4200000   0.817099
4.4300000   0.79377
4.4400000   0.77114
4.4500000   0.749187
4.4600000   0.727889
4.4700000   0.707226
4.4800000   0.687178
4.4900000   0.667726
4.5000000   0.64885
4.5100000   0.630533
4.5200000   0.612758
4.5300000   0.595507
4.5400000   0.578764
4.5500000   0.562514
4.5600000   0.54674
4.5700000   0.531429
4.5800000   0.516567
4.5900000   0.502138
4.6000000   0.488131
4.6100000   0.474531
4.6200000   0.461327
4.6300000   0.448507
4.6400000   0.436058
4.6500000   0.423969
4.6600000   0.412231
4.6700000   0.40083
4.6800000   0.389759
4.6900000   0.379006
4.7000000   0.368562
4.7100000   0.358418
4.7200000   0.348564
4.7300000   0.338992
4.7400000   0.329694
4.7500000   0.320661
4.7600000   0.311886
4.7700000   0.30336
4.7800000   0.295076
4.7900000   0.287028
4.8000000   0.279207
4.8100000   0.271608
4.8200000   0.264224
4.8300000   0.257048
4.8400000   0.250074
4.8500000   0.243296
4.8600000   0.236709
4.8700000   0.230308
4.8800000   0.224085
4.8900000   0.218037
4.9000000   0.212158
4.9100000   0.206444
4.9200000   0.200888
4.9300000   0.195488
4.9400000   0.190238
4.9500000   0.185134
4.9600000   0.180172
4.9700000   0.175347
4.9800000   0.170657
4.9900000   0.166096
5.0000000   0.161661
5.0100000   0.157349
5.0200000   0.153156
5.0300000   0.149078
5.0400000   0.145112
5.0500000   0.141256
5.0600000   0.137506
5.0700000   0.133859
5.0800000   0.130311
5.0900000   0.126861
5.1000000   0.123506
5.1100000   0.120242
5.1200000   0.117067
5.1300000   0.113979
5.1400000   0.110975
5.1500000   0.108053
5.1600000   0.105211
5.1700000   0.102446
5.1800000   0.0997561
5.1900000   0.0971393
5.2000000   0.0945934
5.2100000   0.0921167
5.2200000   0.0897071
5.2300000   0.0873626
5.2400000   0.0850816
5.2500000   0.0828623
5.2600000   0.0807029
5.2700000   0.0786019
5.2800000   0.0765575
5.2900000   0.0745683
5.3000000   0.0726327
5.3100000   0.0707491
5.3200000   0.0689163
5.3300000   0.0671328
5.3400000   0.0653972
5.3500000   0.0637082
5.3600000   0.0620646
5.3700000   0.0604651
5.3800000   0.0589084
5.3900000   0.0573936
5.4000000   0.0559193
5.4100000   0.0544845
5.4200000   0.0530882
5.4300000   0.0517293
5.4400000   0.0504066
5.4500000   0.0491193
5.4600000   0.0478665
5.4700000   0.0466472
5.4800000   0.0454604
5.4900000   0.0443053
5.5000000   0.043181
5.5100000   0.0420869
5.5200000   0.0410218
5.5300000   0.0399853
5.5400000   0.0389763
5.5500000   0.0379942
5.5600000   0.0370384
5.5700000   0.0361081
5.5800000   0.0352026
5.5900000   0.0343211
5.6000000   0.0334632
5.6100000   0.0326282
5.6200000   0.0318154
5.6300000   0.0310244
5.6400000   0.0302544
5.6500000   0.0295049
5.6600000   0.0287754
5.6700000   0.0280653
5.6800000   0.0273742
5.6900000   0.0267015
5.7000000   0.0260468
5.7100000   0.0254096
5.7200000   0.0247894
5.7300000   0.0241856
5.7400000   0.0235981
5.7500000   0.0230262
5.7600000   0.0224696
5.7700000   0.021928
5.7800000   0.0214007
5.7900000   0.0208876
5.8000000   0.0203882
5.8100000   0.0199022
5.8200000   0.0194292
5.8300000   0.0189689
5.8400000   0.0185209
5.8500000   0.018085
5.8600000   0.0176608
5.8700000   0.0172479
5.8800000   0.0168461
5.8900000   0.0164552
5.9000000   0.0160748
5.9100000   0.0157047
5.9200000   0.0153444
5.9300000   0.014994
5.9400000   0.014653
5.9500000   0.0143213
5.9600000   0.0139985
5.9700000   0.0136844
5.9800000   0.0133789
5.9900000   0.0130817
6.0000000   0.0127925
6.0100000   0.0125112
6.0200000   0.0122376
6.0300000   0.0119714
6.0400000   0.0117125
6.0500000   0.0114607
6.0600000   0.0112157
6.0700000   0.0109775
6.0800000   0.0107458
6.0900000   0.0105205
6.1000000   0.0103015
6.1100000   0.0100885
6.1200000   0.00988125
6.1300000   0.00967983
6.1400000   0.00948391
6.1500000   0.00929349
6.1600000   0.00910835
6.1700000   0.00892839
6.1800000   0.00875343
6.1900000   0.00858335
6.2000000   0.00841806
6.2100000   0.00825744
6.2200000   0.00810132
6.2300000   0.00794957
6.2400000   0.0078021
6.2500000   0.00765881
6.2600000   0.0075196
6.2700000   0.00738437
6.2800000   0.00725301
6.2900000   0.00712532
6.3000000   0.00700131
6.3100000   0.00688097
6.3200000   0.006764
6.3300000   0.0066504
6.3400000   0.00654017
6.3500000   0.00643301
6.3600000   0.00632911
6.3700000   0.00622818
6.3800000   0.00613021
6.3900000   0.00603511
6.4000000   0.00594287
6.4100000   0.00585329
6.4200000   0.00576637
6.4300000   0.00568212
6.4400000   0.00560032
6.4500000   0.00552097
6.4600000   0.00544409
6.4700000   0.00536946
6.4800000   0.00529708
6.4900000   0.00522696
6.5000000   0.00515899
6.5100000   0.00509307
6.5200000   0.00502921
6.5300000   0.00496729
6.5400000   0.00490732
6.5500000   0.00484931
6.5600000   0.00479303
6.5700000   0.00473851
6.5800000   0.00468583
6.5900000   0.00463469
6.6000000   0.0045853
6.6100000   0.00453745
6.6200000   0.00449114
6.6300000   0.00444638
6.6400000   0.00440305
6.6500000   0.00436127
6.6600000   0.00432072
6.6700000   0.00428161
6.6800000   0.00424374
6.6900000   0.0042072
6.7000000   0.004172
6.7100000   0.00413783
6.7200000   0.004105
6.7300000   0.0040732
6.7400000   0.00404253
6.7500000   0.00401299
6.7600000   0.00398448
6.7700000   0.00395701
6.7800000   0.00393056
6.7900000   0.00390504
6.8000000   0.00388045
6.8100000   0.00385678
6.8200000   0.00383394
6.8300000   0.00381203
6.8400000   0.00379104
6.8500000   0.00377077
6.8600000   0.00375123
6.8700000   0.00373261
6.8800000   0.00371461
6.8900000   0.00369743
6.9000000   0.00368088
6.9100000   0.00366504
6.9200000   0.00364992
6.9300000   0.00363542
6.9400000   0.00362153
6.9500000   0.00360827
6.9600000   0.00359552
6.9700000   0.00358348
6.9800000   0.00357186
6.9900000   0.00356086
7.0000000   0.00355036
7.0100000   0.00354038
7.0200000   0.00353092
7.0300000   0.00352186
7.0400000   0.00351332
7.0500000   0.00350528
7.0600000   0.00349756
7.0700000   0.00349034
7.0800000   0.00348353
7.0900000   0.00347703
7.1000000   0.00347104
7.1100000   0.00346536
7.1200000   0.00346008
7.1300000   0.0034551
7.1400000   0.00345043
7.1500000   0.00344617
7.1600000   0.00344211
7.1700000   0.00343845
7.1800000   0.00343509
7.1900000   0.00343194
7.2000000   0.00342919
7.2100000   0.00342664
7.2200000   0.00342429
7.2300000   0.00342224
7.2400000   0.00342048
7.2500000   0.00341883
7.2600000   0.00341747
7.2700000   0.00341642
7.2800000   0.00341546
7.2900000   0.00341469
7.3000000   0.00341422
7.3100000   0.00341385
7.3200000   0.00341367
7.3300000   0.00341369
7.3400000   0.0034138
7.3500000   0.0034142
7.3600000   0.0034147
7.3700000   0.00341529
7.3800000   0.00341607
7.3900000   0.00341694
7.4000000   0.003418
7.4100000   0.00341916
7.4200000   0.0034205
7.4300000   0.00342183
7.4400000   0.00342335
7.4500000   0.00342496
7.4600000   0.00342666
7.4700000   0.00342845
7.4800000   0.00343042
7.4900000   0.00343238
7.5000000   0.00343442
7.5100000   0.00343655
7.5200000   0.00343877
7.5300000   0.00344107
7.5400000   0.00344345
7.5500000   0.00344582
7.5600000   0.00344827
7.5700000   0.00345081
7.5800000   0.00345343
7.5900000   0.00345603
7.6000000   0.00345871
7.6100000   0.00346147
7.6200000   0.00346421
7.6300000   0.00346704
7.6400000   0.00346984
7.6500000   0.00347273
7.6600000   0.00347559
7.6700000   0.00347853
7.6800000   0.00348145
7.6900000   0.00348445
7.7000000   0.00348742
7.7100000   0.00349047
7.7200000   0.0034934
7.7300000   0.00349651
7.7400000   0.00349949
7.7500000   0.00350254
7.7600000   0.00350558
7.7700000   0.00350868
7.7800000   0.00351176
7.7900000   0.00351482
7.8000000   0.00351784
7.8100000   0.00352085
7.8200000   0.00352392
7.8300000   0.00352697
7.8400000   0.00352999
7.8500000   0.00353308
7.8600000   0.00353604
7.8700000   0.00353907
7.8800000   0.00354207
7.8900000   0.00354505
7.9000000   0.00354799
7.9100000   0.003551
7.9200000   0.00355389
7.9300000   0.00355684
7.9400000   0.00355966
7.9500000   0.00356255
7.9600000   0.0035654
7.9700000   0.00356823
7.9800000   0.00357102
7.9900000   0.00357377
8.0000000   0.0035766
8.0100000   0.00357929
8.0200000   0.00358194
8.0300000   0.00358466
8.0400000   0.00358725
8.0500000   0.0035899
8.0600000   0.00359252
8.0700000   0.003595
8.0800000   0.00359754
8.0900000   0.00360005
8.1000000   0.00360252
8.1100000   0.00360495
8.1200000   0.00360735
8.1300000   0.00360971
8.1400000   0.00361203
8.1500000   0.00361431
8.1600000   0.00361656
8.1700000   0.00361876
8.1800000   0.00362093
8.1900000   0.00362306
8.2000000   0.00362514
8.2100000   0.00362729
8.2200000   0.00362929
8.2300000   0.00363126
8.2400000   0.00363329
8.2500000   0.00363517
8.2600000   0.00363701
8.2700000   0.00363891
8.2800000   0.00364067
8.2900000   0.00364248
8.3000000   0.00364416
8.3100000   0.00364589
8.3200000   0.00364748
8.3300000   0.00364912
8.3400000   0.00365072
8.3500000   0.00365227
8.3600000   0.00365369
8.3700000   0.00365515
8.3800000   0.00365658
8.3900000   0.00365795
8.4000000   0.00365929
8.4100000   0.00366057
8.4200000   0.00366181
8.4300000   0.00366301
8.4400000   0.00366416
8.4500000   0.00366536
8.4600000   0.00366641
8.4700000   0.00366742
8.4800000   0.00366848
8.4900000   0.00366939
8.5000000   0.00367036
8.5100000   0.00367127
8.5200000   0.00367204
8.5300000   0.00367286
8.5400000   0.00367363
8.5500000   0.00367436
8.5600000   0.00367503
8.5700000   0.00367575
8.5800000   0.00367633
8.5900000   0.00367695
8.6000000   0.00367742
8.6100000   0.00367795
8.6200000   0.00367842
8.6300000   0.00367884
8.6400000   0.00367921
8.6500000   0.00367953
8.6600000   0.00367979
8.6700000   0.00368011
8.6800000   0.00368027
8.6900000   0.00368048
8.7000000   0.00368064
8.7100000   0.00368075
8.7200000   0.0036808
8.7300000   0.0036808
8.7400000   0.00368085
8.7500000   0.00368084
8.7600000   0.00368068
8.7700000   0.00368066
8.7800000   0.0036805
8.7900000   0.00368027
8.8000000   0.00368009
8.8100000   0.00367976
8.8200000   0.00367947
8.8300000   0.00367923
8.8400000   0.00367883
8.8500000   0.00367848
8.8600000   0.00367797
8.8700000   0.0036775
8.8800000   0.00367708
8.8900000   0.0036765
8.9000000   0.00367597
8.9100000   0.00367537
8.9200000   0.00367472
8.9300000   0.00367402
8.9400000   0.00367335
8.9500000   0.00367263
8.9600000   0.00367185
8.9700000   0.00367102
8.9800000   0.00367022
8.9900000   0.00366937
9.0000000   0.00366846
9.0100000   0.00366749
9.0200000   0.00366656
9.0300000   0.00366557
9.0400000   0.00366452
9.0500000   0.00366351
9.0600000   0.00366245
9.0700000   0.00366132
9.0800000   0.00366013
9.0900000   0.00365899
9.1000000   0.00365778
9.1100000   0.00365651
9.1200000   0.00365528
9.1300000   0.00365399
9.1400000   0.00365265
9.1500000   0.00365173
9.1600000   0.00365246
9.1700000   0.00365313
9.1800000   0.00365373
9.1900000   0.00365427
9.2000000   0.00365475
9.2100000   0.00365507
9.2200000   0.00365543
9.2300000   0.00365572
9.2400000   0.00365595
9.2500000   0.00365612
9.2600000   0.00365623
9.2700000   0.00365617
9.2800000   0.00365615
9.2900000   0.00365606
9.3000000   0.00365601
9.3100000   0.0036558
9.3200000   0.00365553
9.3300000   0.00365518
9.3400000   0.00365488
9.3500000   0.00365441
9.3600000   0.00365398
9.3700000   0.00365348
9.3800000   0.00365292
9.3900000   0.00365229
9.4000000   0.0036516
9.4100000   0.00365094
9.4200000   0.00365011
9.4300000   0.00364932
9.4400000   0.00364847
9.4500000   0.00364755
9.4600000   0.00364656
9.4700000   0.00364561
9.4800000   0.00364459
9.4900000   0.0036435
9.5000000   0.00364235
9.5100000   0.00364113
9.5200000   0.00363994
9.5300000   0.00363869
9.5400000   0.00363737
9.5500000   0.00363608
9.5600000   0.00363463
9.5700000   0.00363321
9.5800000   0.00363182
9.5900000   0.00363026
9.6000000   0.00362873
9.6100000   0.00362714
9.6200000   0.00362557
9.6300000   0.00362394
9.6400000   0.00362224
9.6500000   0.00362048
9.6600000   0.00361874
9.6700000   0.00361693
9.6800000   0.00361516
9.6900000   0.00361332
9.7000000   0.0036114
9.7100000   0.00360942
9.7200000   0.00360747
9.7300000   0.00360555
9.7400000   0.00360346
9.7500000   0.0036015
9.7600000   0.00359937
9.7700000   0.00359726
9.7800000   0.00359509
9.7900000   0.00359295
9.8000000   0.00359074
9.8100000   0.00358856
9.8200000   0.0035863
9.8300000   0.00358398
9.8400000   0.00358168
9.8500000   0.00357932
9.8600000   0.00357698
9.8700000   0.00357457
9.8800000   0.00357219
9.8900000   0.00356974
9.9000000   0.00356731
9.9100000   0.00356482
9.9200000   0.00356225
9.9300000   0.00355971
9.9400000   0.0035572
9.9500000   0.00355461
9.9600000   0.00355196
9.9700000   0.00354933
9.9800000   0.00354673
9.9900000   0.00354405
10.0000000   0.00354131
10.0100000   0.00353859
10.0200000   0.00353589
10.0300000   0.00353313
10.0400000   0.00353029
10.0500000   0.00352748
10.0600000   0.00352469
10.0700000   0.00352183
10.0800000   0.003519
10.0900000   0.00351609
10.1000000   0.00351321
10.1100000   0.00351036
10.1200000   0.00350733
10.1300000   0.00350443
10.1400000   0.00350145
10.1500000   0.0034985
10.1600000   0.00349547
10.1700000   0.00349247
10.1800000   0.0034894
10.1900000   0.00348635
10.2000000   0.00348332
10.2100000   0.00348022
10.2200000   0.00347715
10.2300000   0.003474
10.2400000   0.00347087
10.2500000   0.00346777
10.2600000   0.00346459
10.2700000   0.00346144
10.2800000   0.00345822
10.2900000   0.00345501
10.3000000   0.00345183
10.3100000   0.00344858
10.3200000   0.00344535
10.3300000   0.00344214
10.3400000   0.00343886
10.3500000   0.0034356
10.3600000   0.00343226
10.3700000   0.00342895
10.3800000   0.00342566
10.3900000   0.0034223
10.4000000   0.00341906
10.4100000   0.00341564
10.4200000   0.00341234
10.4300000   0.00340897
10.4400000   0.00340552
10.4500000   0.00340219
10.4600000   0.00339879
10.4700000   0.00339541
10.4800000   0.00339195
10.4900000   0.00338851
10.5000000   0.00338509
10.5100000   0.0033816
10.5200000   0.00337823
10.5300000   0.00337469
10.5400000   0.00337126
10.5500000   0.00336776
10.5600000   0.00336427
10.5700000   0.00336081
10.5800000   0.00335728
10.5900000   0.00335376
10.6000000   0.00335026
10.6100000   0.00334669
10.6200000   0.00334314
10.6300000   0.00333961
10.6400000   0.0033361
10.6500000   0.00333251
10.6600000   0.00332894
10.6700000   0.00332539
10.6800000   0.00332177
10.6900000   0.00331826
10.7000000   0.00331468
10.7100000   0.00331102
10.7200000   0.00330747
10.7300000   0.00330385
10.7400000   0.00330025
10.7500000   0.00329657
10.7600000   0.00329301
10.7700000   0.00328936
10.7800000   0.00328574
10.7900000   0.00328204
10.8000000   0.00327846
10.8100000   0.0032748
10.8200000   0.00327116
10.8300000   0.00326744
10.8400000   0.00326384
10.8500000   0.00326015
10.8600000   0.00325649
10.8700000   0.00325285
10.8800000   0.00324913
10.8900000   0.00324542
10.9000000   0.00324174
10.9100000   0.00323807
10.9200000   0.00323442
10.9300000   0.0032307
10.9400000   0.00322699
10.9500000   0.0032233
10.9600000   0.00321953
10.9700000   0.00321588
10.9800000   0.00321214
10.9900000   0.00320843
11.0000000   0.00320473
11.0100000   0.00320095
11.0200000   0.0031973
11.0300000   0.00319355
11.0400000   0.00318983
11.0500000   0.00318613
11.0600000   0.00318234
11.0700000   0.00317867
11.0800000   0.00317492
11.0900000   0.00317119
11.1000000   0.00316748
11.1100000   0.00316368
11.1200000   0.00316
11.1300000   0.00315624
11.1400000   0.0031525
11.1500000   0.00314878
11.1600000   0.00314497
11.1700000   0.00314128
11.1800000   0.0031375
11.1900000   0.00313375
11.2000000   0.00313001
11.2100000   0.00312629
11.2200000   0.00312249
11.2300000   0.0031187
11.2400000   0.00311503
11.2500000   0.00311128
11.2600000   0.00310744
11.2700000   0.00310372
11.2800000   0.00310002
11.2900000   0.00309623
11.3000000   0.00309247
11.3100000   0.00308871
11.3200000   0.00308498
11.3300000   0.00308126
11.3400000   0.00307746
11.3500000   0.00307367
11.3600000   0.00307
11.3700000   0.00306625
11.3800000   0.00306241
11.3900000   0.00305869
11.4000000   0.00305498
11.4100000   0.00305119
11.4200000   0.00304742
11.4300000   0.00304366
11.4400000   0.00303992
11.4500000   0.0030362
11.4600000   0.00303249
11.4700000   0.00302869
11.4800000   0.00302501
11.4900000   0.00302125
11.5000000   0.0030175
11.5100000   0.00301377
11.5200000   0.00301006
11.5300000   0.00300625
11.5400000   0.00300257
11.5500000   0.0029988
11.5600000   0.00299504
11.5700000   0.0029913
11.5800000   0.00298758
11.5900000   0.00298387
11.6000000   0.00298017
11.6100000   0.00297639
11.6200000   0.00297273
11.6300000   0.00296898
11.6400000   0.00296524
11.6500000   0.00296152
11.6600000   0.00295782
11.6700000   0.00295413
11.6800000   0.00295035
11.6900000   0.00294669
11.7000000   0.00294294
11.7100000   0.00293931
11.7200000   0.00293559
11.7300000   0.00293189
11.7400000   0.0029282
11.7500000   0.00292442
11.7600000   0.00292076
11.7700000   0.00291711
11.7800000   0.00291338
11.7900000   0.00290966
11.8000000   0.00290606
11.8100000   0.00290237
11.8200000   0.00289869
11.8300000   0.00289503
11.8400000   0.00289128
11.8500000   0.00288764
11.8600000   0.00288392
11.8700000   0.00288031
11.8800000   0.00287662
11.8900000   0.00287294
11.9000000   0.00286927
11.9100000   0.00286561
11.9200000   0.00286197
11.9300000   0.00285835
11.9400000   0.00285473
11.9500000   0.00285103
11.9600000   0.00284745
11.9700000   0.00284377
11.9800000   0.00284011
11.9900000   0.00283647
12.0000000   0.00283293
12.0100000   0.00282921
12.0200000   0.0028256
12.0300000   0.00282201
12.0400000   0.00281843
12.0500000   0.00281476
12.0600000   0.0028112
12.0700000   0.00280756
12.0800000   0.00280393
12.0900000   0.00280041
12.1000000   0.0027968
12.1100000   0.00279321
12.1200000   0.00278963
12.1300000   0.00278596
12.1400000   0.00278241
12.1500000   0.00277886
12.1600000   0.00277523
12.1700000   0.00277172
12.1800000   0.00276811
12.1900000   0.00276452
12.2000000   0.00276104
12.2100000   0.00275747
12.2200000   0.00275391
12.2300000   0.00275037
12.2400000   0.00274684
12.2500000   0.00274322
12.2600000   0.00273971
12.2700000   0.00273621
12.2800000   0.00273263
12.2900000   0.00272916
12.3000000   0.0027256
12.3100000   0.00272205
12.3200000   0.00271861
12.3300000   0.00271509
12.3400000   0.00271157
12.3500000   0.00270807
12.3600000   0.00270458
12.3700000   0.002701
12.3800000   0.00269754
12.3900000   0.00269408
12.4000000   0.00269054
12.4100000   0.00268711
12.4200000   0.00268359
12.4300000   0.00268018
12.4400000   0.00267668
12.4500000   0.00267319
12.4600000   0.00266972
12.4700000   0.00266625
12.4800000   0.0026628
12.4900000   0.00265936
12.5000000   0.00265593
12.5100000   0.00265251
12.5200000   0.0026491
12.5300000   0.0026456
12.5400000   0.00264222
12.5500000   0.00263874
12.5600000   0.00263538
12.5700000   0.00263192
12.5800000   0.00262858
12.5900000   0.00262515
12.6000000   0.00262173
12.6100000   0.00261832
12.6200000   0.00261492
12.6300000   0.00261153
12.6400000   0.00260815
12.6500000   0.00260478
12.6600000   0.00260142
12.6700000   0.00259798
12.6800000   0.00259464
12.6900000   0.00259132
12.7000000   0.0025879
12.7100000   0.0025846
12.7200000   0.0025812
12.7300000   0.00257782
12.7400000   0.00257454
12.7500000   0.00257118
12.7600000   0.00256783
12.7700000   0.00256449
12.7800000   0.00256115
12.7900000   0.00255783
12.8000000   0.00255452
12.8100000   0.00255122
12.8200000   0.00254792
12.8300000   0.00254464
12.8400000   0.00254137
12.8500000   0.00253801
12.8600000   0.00253475
12.8700000   0.00253141
12.8800000   0.00252818
12.8900000   0.00252486
12.9000000   0.00252164
12.9100000   0.00251834
12.9200000   0.00251505
12.9300000   0.00251186
12.9400000   0.00250859
12.9500000   0.00250533
12.9600000   0.00250207
12.9700000   0.00249883
12.9800000   0.00249559
12.9900000   0.00249236
13.0000000   0.00248915
13.0100000   0.00248594
13.0200000   0.00248264
13.0300000   0.00247946
13.0400000   0.00247628
13.0500000   0.00247301
13.0600000   0.00246985
13.0700000   0.0024667
13.0800000   0.00246346
13.0900000   0.00246022
13.1000000   0.0024571
13.1100000   0.00245389
13.1200000   0.00245078
13.1300000   0.00244759
13.1400000   0.0024444
13.1500000   0.00244123
13.1600000   0.00243806
13.1700000   0.0024349
13.1800000   0.00243175
13.1900000   0.00242861
13.2000000   0.00242548
13.2100000   0.00242235
13.2200000   0.00241924
13.2300000   0.00241613
13.2400000   0.00241304
13.2500000   0.00240985
13.2600000   0.00240677
13.2700000   0.0024037
13.2800000   0.00240054
13.2900000   0.00239749
13.3000000   0.00239434
13.3100000   0.00239131
13.3200000   0.00238818
13.3300000   0.00238506
13.3400000   0.00238205
13.3500000   0.00237895
13.3600000   0.00237586
13.3700000   0.00237288
13.3800000   0.0023698
13.3900000   0.00236673
13.4000000   0.00236367
13.4100000   0.00236062
13.4200000   0.00235758
13.4300000   0.00235455
13.4400000   0.00235152
13.4500000   0.00234851
13.4600000   0.0023455
13.4700000   0.0023425
13.4800000   0.00233941
13.4900000   0.00233642
13.5000000   0.00233345
13.5100000   0.00233048
13.5200000   0.00232742
13.5300000   0.00232447
13.5400000   0.00232143
13.5500000   0.00231849
13.5600000   0.00231546
13.5700000   0.00231255
13.5800000   0.00230953
13.5900000   0.00230663
13.6000000   0.00230364
13.6100000   0.00230065
13.6200000   0.00229777
13.6300000   0.0022948
13.6400000   0.00229184
13.6500000   0.00228888
13.6600000   0.00228603
13.6700000   0.00228309
13.6800000   0.00228016
13.6900000   0.00227723
13.7000000   0.00227432
13.7100000   0.00227141
13.7200000   0.00226851
13.7300000   0.00226561
13.7400000   0.00226273
13.7500000   0.00225985
13.7600000   0.00225698
13.7700000   0.00225401
13.7800000   0.00225116
13.7900000   0.00224831
13.8000000   0.00224547
13.8100000   0.00224254
13.8200000   0.00223971
13.8300000   0.00223689
13.8400000   0.00223398
13.8500000   0.00223118
13.8600000   0.00222828
13.8700000   0.00222549
13.8800000   0.00222261
13.8900000   0.00221983
13.9000000   0.00221697
13.9100000   0.00221421
13.9200000   0.00221135
13.9300000   0.00220851
13.9400000   0.00220577
13.9500000   0.00220294
13.9600000   0.00220012
13.9700000   0.0021973
13.9800000   0.00219459
13.9900000   0.00219179
14.0000000   0.00218899
14.0100000   0.0021862
14.0200000   0.00218342
14.0300000   0.00218065
14.0400000   0.00217788
14.0500000   0.00217512
14.0600000   0.00217237
14.0700000   0.00216962
14.0800000   0.00216688
14.0900000   0.00216415
14.1000000   0.00216142
14.1100000   0.0021587
14.1200000   0.00215599
14.1300000   0.00215328
14.1400000   0.00215049
14.1500000   0.00214779
14.1600000   0.00214511
14.1700000   0.00214243
14.1800000   0.00213966
14.1900000   0.00213699
14.2000000   0.00213434
14.2100000   0.00213158
14.2200000   0.00212894
14.2300000   0.0021262
14.2400000   0.00212357
14.2500000   0.00212084
14.2600000   0.00211823
14.2700000   0.00211551
14.2800000   0.00211291
14.2900000   0.00211021
14.3000000   0.00210762
14.3100000   0.00210493
14.3200000   0.00210225
14.3300000   0.00209968
14.3400000   0.00209701
14.3500000   0.00209435
14.3600000   0.0020918
14.3700000   0.00208915
14.3800000   0.00208651
14.3900000   0.00208388
14.4000000   0.00208135
14.4100000   0.00207873
14.4200000   0.00207611
14.4300000   0.0020735
14.4400000   0.0020709
14.4500000   0.0020683
14.4600000   0.00206571
14.4700000   0.00206312
14.4800000   0.00206055
14.4900000   0.00205797
14.5000000   0.00205541
14.5100000   0.00205285
14.5200000   0.00205029
14.5300000   0.00204775
14.5400000   0.0020452
14.5500000   0.00204267
14.5600000   0.00204014
14.5700000   0.00203762
14.5800000   0.0020351
14.5900000   0.00203249
14.6000000   0.00202998
14.6100000   0.00202748
14.6200000   0.00202499
14.6300000   0.0020224
14.6400000   0.00201992
14.6500000   0.00201744
14.6600000   0.00201487
14.6700000   0.00201241
14.6800000   0.00200995
14.6900000   0.0020074
14.7000000   0.00200495
14.7100000   0.00200251
14.7200000   0.00199997
14.7300000   0.00199755
14.7400000   0.00199502
14.7500000   0.0019926
14.7600000   0.00199009
14.7700000   0.00198769
14.7800000   0.00198518
14.7900000   0.00198279
14.8000000   0.0019803
14.8100000   0.00197792
14.8200000   0.00197544
14.8300000   0.00197297
14.8400000   0.0019706
14.8500000   0.00196814
14.8600000   0.00196568
14.8700000   0.00196333
14.8800000   0.00196089
14.8900000   0.00195845
14.9000000   0.00195612
14.9100000   0.00195369
14.9200000   0.00195127
14.9300000   0.00194885
14.9400000   0.00194644
14.9500000   0.00194413
14.9600000   0.00194173
14.9700000   0.00193933
14.9800000   0.00193694
14.9900000   0.00193456
15.0000000   0.00193218
15.0100000   0.00192981
15.0200000   0.00192754
15.0300000   0.00192517
15.0400000   0.00192282
15.0500000   0.00192046
15.0600000   0.00191812
15.0700000   0.00191578
15.0800000   0.00191344
15.0900000   0.00191111
15.1000000   0.00190878
15.1100000   0.00190646
15.1200000   0.00190414
15.1300000   0.00190183
15.1400000   0.00189943
15.1500000   0.00189713
15.1600000   0.00189483
15.1700000   0.00189254
15.1800000   0.00189026
15.1900000   0.00188798
15.2000000   0.0018857
15.2100000   0.00188333
15.2200000   0.00188107
15.2300000   0.00187881
15.2400000   0.00187655
15.2500000   0.0018743
15.2600000   0.00187196
15.2700000   0.00186972
15.2800000   0.00186749
15.2900000   0.00186516
15.3000000   0.00186293
15.3100000   0.00186071
15.3200000   0.0018584
15.3300000   0.00185619
15.3400000   0.00185398
15.3500000   0.00185168
15.3600000   0.00184949
15.3700000   0.0018473
15.3800000   0.00184501
15.3900000   0.00184283
15.4000000   0.00184056
15.4100000   0.00183838
15.4200000   0.00183622
15.4300000   0.00183396
15.4400000   0.0018318
15.4500000   0.00182955
15.4600000   0.0018274
15.4700000   0.00182516
15.4800000   0.00182302
15.4900000   0.00182079
15.5000000   0.00181856
15.5100000   0.00181644
15.5200000   0.00181422
15.5300000   0.0018121
15.5400000   0.0018099
15.5500000   0.00180779
15.5600000   0.00180559
15.5700000   0.00180339
15.5800000   0.0018013
15.5900000   0.00179912
15.6000000   0.00179694
15.6100000   0.00179486
15.6200000   0.00179269
15.6300000   0.00179052
15.6400000   0.00178845
15.6500000   0.0017863
15.6600000   0.00178414
15.6700000   0.00178209
15.6800000   0.00177995
15.6900000   0.00177781
15.7000000   0.00177567
15.7100000   0.00177354
15.7200000   0.00177151
15.7300000   0.00176939
15.7400000   0.00176727
15.7500000   0.00176515
15.7600000   0.00176304
15.7700000   0.00176104
15.7800000   0.00175894
15.7900000   0.00175684
15.8000000   0.00175475
15.8100000   0.00175266
15.8200000   0.00175058
15.8300000   0.0017485
15.8400000   0.00174642
15.8500000   0.00174445
15.8600000   0.00174238
15.8700000   0.00174032
15.8800000   0.00173826
15.8900000   0.00173621
15.9000000   0.00173416
15.9100000   0.00173212
15.9200000   0.00173008
15.9300000   0.00172804
15.9400000   0.00172601
15.9500000   0.00172398
15.9600000   0.00172195
15.9700000   0.00171993
15.9800000   0.00171792
15.9900000   0.00171591
16.0000000   0.0017139
16.0100000   0.0017119
16.0200000   0.0017099
16.0300000   0.0017079
16.0400000   0.00170581
16.0500000   0.00170382
16.0600000   0.00170184
16.0700000   0.00169986
16.0800000   0.00169789
16.0900000   0.00169592
16.1000000   0.00169395
16.1100000   0.00169199
16.1200000   0.00169003
16.1300000   0.00168798
16.1400000   0.00168602
16.1500000   0.00168408
16.1600000   0.00168214
16.1700000   0.0016802
16.1800000   0.00167816
16.1900000   0.00167623
16.2000000   0.00167431
16.2100000   0.00167238
16.2200000   0.00167046
16.2300000   0.00166845
16.2400000   0.00166654
16.2500000   0.00166463
16.2600000   0.00166273
16.2700000   0.00166073
16.2800000   0.00165883
16.2900000   0.00165694
16.3000000   0.00165495
16.3100000   0.00165307
16.3200000   0.00165119
16.3300000   0.00164921
16.3400000   0.00164734
16.3500000   0.00164547
16.3600000   0.00164351
16.3700000   0.00164165
16.3800000   0.00163979
16.3900000   0.00163784
16.4000000   0.00163599
16.4100000   0.00163414
16.4200000   0.0016322
16.4300000   0.00163036
16.4400000   0.00162842
16.4500000   0.00162659
16.4600000   0.00162477
16.4700000   0.00162284
16.4800000   0.00162102
16.4900000   0.0016191
16.5000000   0.00161729
16.5100000   0.00161538
16.5200000   0.00161358
16.5300000   0.00161178
16.5400000   0.00160988
16.5500000   0.00160808
16.5600000   0.00160619
16.5700000   0.0016044
16.5800000   0.00160252
16.5900000   0.00160074
16.6000000   0.00159886
16.6100000   0.00159709
16.6200000   0.00159522
16.6300000   0.00159346
16.6400000   0.00159159
16.6500000   0.00158984
16.6600000   0.00158798
16.6700000   0.00158613
16.6800000   0.00158438
16.6900000   0.00158254
16.7000000   0.00158079
16.7100000   0.00157896
16.7200000   0.00157722
16.7300000   0.00157539
16.7400000   0.00157356
16.7500000   0.00157184
16.7600000   0.00157002
16.7700000   0.0015683
16.7800000   0.00156649
16.7900000   0.00156468
16.8000000   0.00156297
16.8100000   0.00156117
16.8200000   0.00155937
16.8300000   0.00155767
16.8400000   0.00155588
16.8500000   0.00155419
16.8600000   0.0015524
16.8700000   0.00155062
16.8800000   0.00154894
16.8900000   0.00154716
16.9000000   0.00154539
16.9100000   0.00154362
16.9200000   0.00154195
16.9300000   0.00154019
16.9400000   0.00153843
16.9500000   0.00153677
16.9600000   0.00153502
16.9700000   0.00153327
16.9800000   0.00153152
16.9900000   0.00152988
17.0000000   0.00152814
17.0100000   0.0015264
17.0200000   0.00152467
17.0300000   0.00152304
17.0400000   0.00152131
17.0500000   0.00151959
17.0600000   0.00151787
17.0700000   0.00151625
17.0800000   0.00151453
17.0900000   0.00151282
17.1000000   0.00151111
17.1100000   0.00150941
17.1200000   0.00150781
17.1300000   0.00150611
17.1400000   0.00150441
17.1500000   0.00150272
17.1600000   0.00150103
17.1700000   0.00149945
17.1800000   0.00149776
17.1900000   0.00149608
17.2000000   0.00149441
17.2100000   0.00149273
17.2200000   0.00149106
17.2300000   0.00148939
17.2400000   0.00148783
17.2500000   0.00148617
17.2600000   0.00148451
17.2700000   0.00148285
17.2800000   0.0014812
17.2900000   0.00147955
17.3000000   0.00147791
17.3100000   0.00147626
17.3200000   0.00147472
17.3300000   0.00147309
17.3400000   0.00147145
17.3500000   0.00146982
17.3600000   0.00146819
17.3700000   0.00146657
17.3800000   0.00146495
17.3900000   0.00146333
17.4000000   0.00146171
17.4100000   0.0014601
17.4200000   0.00145849
17.4300000   0.00145688
17.4400000   0.00145528
17.4500000   0.00145367
17.4600000   0.00145218
17.4700000   0.00145058
17.4800000   0.00144899
17.4900000   0.0014474
17.5000000   0.00144581
17.5100000   0.00144423
17.5200000   0.00144264
17.5300000   0.00144107
17.5400000   0.00143949
17.5500000   0.00143792
17.5600000   0.00143635
17.5700000   0.00143478
17.5800000   0.00143322
17.5900000   0.00143166
17.6000000   0.0014301
17.6100000   0.00142854
17.6200000   0.00142699
17.6300000   0.00142544
17.6400000   0.00142379
17.6500000   0.00142225
17.6600000   0.00142071
17.6700000   0.00141917
17.6800000   0.00141763
17.6900000   0.0014161
17.7000000   0.00141457
17.7100000   0.00141304
17.7200000   0.00141152
17.7300000   0.00140999
17.7400000   0.00140848
17.7500000   0.00140696
17.7600000   0.00140544
17.7700000   0.00140393
17.7800000   0.00140243
17.7900000   0.00140082
17.8000000   0.00139932
17.8100000   0.00139782
17.8200000   0.00139632
17.8300000   0.00139482
17.8400000   0.00139333
17.8500000   0.00139184
17.8600000   0.00139035
17.8700000   0.00138887
17.8800000   0.00138729
17.8900000   0.00138581
17.9000000   0.00138433
17.9100000   0.00138286
17.9200000   0.00138139
17.9300000   0.00137992
17.9400000   0.00137845
17.9500000   0.00137699
17.9600000   0.00137543
17.9700000   0.00137397
17.9800000   0.00137252
17.9900000   0.00137106
18.0000000   0.00136961
18.0100000   0.00136817
18.0200000   0.00136662
18.0300000   0.00136518
18.0400000   0.00136374
18.0500000   0.0013623
18.0600000   0.00136087
18.0700000   0.00135933
18.0800000   0.00135791
18.0900000   0.00135648
18.1000000   0.00135505
18.1100000   0.00135363
18.1200000   0.00135211
18.1300000   0.00135069
18.1400000   0.00134928
18.1500000   0.00134787
18.1600000   0.00134646
18.1700000   0.00134495
18.1800000   0.00134355
18.1900000   0.00134214
18.2000000   0.00134074
18.2100000   0.00133925
18.2200000   0.00133785
18.2300000   0.00133646
18.2400000   0.00133507
18.2500000   0.00133368
18.2600000   0.0013322
18.2700000   0.00133082
18.2800000   0.00132944
18.2900000   0.00132806
18.3000000   0.00132658
18.3100000   0.00132521
18.3200000   0.00132384
18.3300000   0.00132237
18.3400000   0.00132101
18.3500000   0.00131964
18.3600000   0.00131828
18.3700000   0.00131682
18.3800000   0.00131547
18.3900000   0.00131411
18.4000000   0.00131276
18.4100000   0.00131131
18.4200000   0.00130997
18.4300000   0.00130862
18.4400000   0.00130718
18.4500000   0.00130584
18.4600000   0.00130451
18.4700000   0.00130307
18.4800000   0.00130174
18.4900000   0.00130041
18.5000000   0.00129898
18.5100000   0.00129765
18.5200000   0.00129633
18.5300000   0.00129501
18.5400000   0.00129359
18.5500000   0.00129228
18.5600000   0.00129096
18.5700000   0.00128955
18.5800000   0.00128824
18.5900000   0.00128693
18.6000000   0.00128553
18.6100000   0.00128423
18.6200000   0.00128293
18.6300000   0.00128153
18.6400000   0.00128023
18.6500000   0.00127884
18.6600000   0.00127755
18.6700000   0.00127626
18.6800000   0.00127487
18.6900000   0.00127359
18.7000000   0.0012723
18.7100000   0.00127092
18.7200000   0.00126964
18.7300000   0.00126837
18.7400000   0.00126699
18.7500000   0.00126572
18.7600000   0.00126435
18.7700000   0.00126309
18.7800000   0.00126182
18.7900000   0.00126046
18.8000000   0.0012592
18.8100000   0.00125784
18.8200000   0.00125658
18.8300000   0.00125533
18.8400000   0.00125398
18.8500000   0.00125273
18.8600000   0.00125138
18.8700000   0.00125014
18.8800000   0.00124889
18.8900000   0.00124755
18.9000000   0.00124631
18.9100000   0.00124498
18.9200000   0.00124374
18.9300000   0.00124251
18.9400000   0.00124118
18.9500000   0.00123995
18.9600000   0.00123862
18.9700000   0.0012374
18.9800000   0.00123608
18.9900000   0.00123486
19.0000000   0.00123364
19.0100000   0.00123232
19.0200000   0.00123111
19.0300000   0.0012298
19.0400000   0.00122859
19.0500000   0.00122728
19.0600000   0.00122607
19.0700000   0.00122487
19.0800000   0.00122357
19.0900000   0.00122237
19.1000000   0.00122107
19.1100000   0.00121988
19.1200000   0.00121858
19.1300000   0.00121739
19.1400000   0.0012161
19.1500000   0.00121491
19.1600000   0.00121363
19.1700000   0.00121245
19.1800000   0.00121116
19.1900000   0.00120999
19.2000000   0.00120871
19.2100000   0.00120753
19.2200000   0.00120636
19.2300000   0.00120509
19.2400000   0.00120392
19.2500000   0.00120265
19.2600000   0.00120149
19.2700000   0.00120022
19.2800000   0.00119906
19.2900000   0.0011978
19.3000000   0.00119664
19.3100000   0.00119539
19.3200000   0.00119424
19.3300000   0.00119298
19.3400000   0.00119183
19.3500000   0.00119059
19.3600000   0.00118944
19.3700000   0.0011882
19.3800000   0.00118705
19.3900000   0.00118581
19.4000000   0.00118468
19.4100000   0.00118344
19.4200000   0.00118231
19.4300000   0.00118107
19.4400000   0.00117994
19.4500000   0.00117871
19.4600000   0.00117749
19.4700000   0.00117636
19.4800000   0.00117514
19.4900000   0.00117402
19.5000000   0.0011728
19.5100000   0.00117168
19.5200000   0.00117047
19.5300000   0.00116935
19.5400000   0.00116814
19.5500000   0.00116703
19.5600000   0.00116582
19.5700000   0.00116472
19.5800000   0.00116351
19.5900000   0.00116241
19.6000000   0.00116121
19.6100000   0.00116001
19.6200000   0.00115891
19.6300000   0.00115772
19.6400000   0.00115663
19.6500000   0.00115543
19.6600000   0.00115434
19.6700000   0.00115316
19.6800000   0.00115207
19.6900000   0.00115089
19.7000000   0.0011497
19.7100000   0.00114862
19.7200000   0.00114744
19.7300000   0.00114637
19.7400000   0.00114519
19.7500000   0.00114412
19.7600000   0.00114295
19.7700000   0.00114178
19.7800000   0.00114071
19.7900000   0.00113954
19.8000000   0.00113848
19.8100000   0.00113732
19.8200000   0.00113625
19.8300000   0.00113509
19.8400000   0.00113394
19.8500000   0.00113288
19.8600000   0.00113173
19.8700000   0.00113067
19.8800000   0.00112952
19.8900000   0.00112838
19.9000000   0.00112733
19.9100000   0.00112618
19.9200000   0.00112514
19.9300000   0.001124
19.9400000   0.00112286
19.9500000   0.00112182
19.9600000   0.00112068
19.9700000   0.00111965
19.9800000   0.00111851
19.9900000   0.00111738
20.0000000   0.00111635
20.0100000   0.00111522
20.0200000   0.0011142
20.0300000   0.00111307
20.0400000   0.00111195
20.0500000   0.00111093
20.0600000   0.00110981
20.0700000   0.00110879
20.0800000   0.00110767
20.0900000   0.00110656
