0.1000000   897716
0.1100000   893815
0.1200000   890847
0.1300000   888537
0.1400000   886705
0.1500000   885226
0.1600000   884016
0.1700000   883013
0.1800000   882173
0.1900000   881462
0.2000000   880855
0.2100000   880332
0.2200000   879879
0.2300000   879484
0.2400000   879137
0.2500000   878831
0.2600000   878560
0.2700000   878318
0.2800000   878102
0.2900000   877907
0.3000000   877732
0.3100000   877573
0.3200000   877430
0.3300000   877298
0.3400000   877179
0.3500000   877069
0.3600000   876969
0.3700000   876876
0.3800000   876791
0.3900000   876712
0.4000000   876639
0.4100000   876571
0.4200000   876508
0.4300000   876450
0.4400000   876395
0.4500000   876344
0.4600000   876296
0.4700000   876252
0.4800000   876210
0.4900000   876170
0.5000000   876133
0.5100000   876098
0.5200000   876065
0.5300000   876034
0.5400000   876005
0.5500000   875977
0.5600000   875951
0.5700000   875926
0.5800000   875902
0.5900000   875880
0.6000000   875858
0.6100000   875838
0.6200000   875819
0.6300000   875800
0.6400000   875783
0.6500000   875766
0.6600000   875750
0.6700000   875735
0.6800000   875720
0.6900000   875706
0.7000000   875693
0.7100000   875680
0.7200000   875668
0.7300000   875656
0.7400000   875645
0.7500000   875634
0.7600000   875623
0.7700000   875613
0.7800000   875603
0.7900000   875594
0.8000000   875585
0.8100000   875577
0.8200000   875568
0.8300000   875560
0.8400000   875553
0.8500000   875545
0.8600000   875538
0.8700000   875531
0.8800000   875524
0.8900000   875518
0.9000000   875512
0.9100000   875505
0.9200000   875500
0.9300000   875494
0.9400000   875488
0.9500000   875483
0.9600000   875478
0.9700000   875473
0.9800000   875468
0.9900000   875463
1.0000000   875459
1.0100000   875454
1.0200000   875450
1.0300000   875446
1.0400000   875442
1.0500000   875438
1.0600000   875434
1.0700000   875430
1.0800000   875427
1.0900000   875423
1.1000000   875420
1.1100000   875416
1.1200000   875413
1.1300000   875410
1.1400000   875407
1.1500000   875404
1.1600000   875401
1.1700000   875398
1.1800000   875395
1.1900000   875393
1.2000000   875390
1.2100000   875388
1.2200000   875385
1.2300000   875383
1.2400000   875380
1.2500000   875378
1.2600000   875376
1.2700000   875373
1.2800000   875371
1.2900000   875369
1.3000000   875367
1.3100000   875365
1.3200000   875363
1.3300000   875361
1.3400000   875359
1.3500000   875357
1.3600000   875356
1.3700000   875354
1.3800000   875352
1.3900000   875350
1.4000000   875349
1.4100000   875347
1.4200000   875345
1.4300000   875344
1.4400000   875342
1.4500000   875341
1.4600000   875339
1.4700000   875338
1.4800000   875337
1.4900000   875335
1.5000000   875334
1.5100000   875333
1.5200000   875331
1.5300000   875330
1.5400000   875329
1.5500000   875328
1.5600000   875326
1.5700000   875325
1.5800000   875324
1.5900000   875323
1.6000000   875322
1.6100000   875321
1.6200000   875320
1.6300000   875319
1.6400000   875318
1.6500000   875317
1.6600000   875316
1.6700000   875315
1.6800000   875314
1.6900000   875313
1.7000000   875312
1.7100000   875311
1.7200000   875310
1.7300000   875309
1.7400000   875308
1.7500000   875307
1.7600000   875307
1.7700000   875306
1.7800000   875305
1.7900000   875304
1.8000000   875303
1.8100000   875303
1.8200000   875302
1.8300000   875301
1.8400000   875300
1.8500000   875300
1.8600000   875299
1.8700000   875298
1.8800000   875298
1.8900000   875297
1.9000000   875296
1.9100000   875296
1.9200000   875295
1.9300000   875294
1.9400000   875294
1.9500000   875293
1.9600000   875292
1.9700000   875292
1.9800000   875291
1.9900000   875291
2.0000000   875290
2.0100000   875290
2.0200000   875289
2.0300000   875289
2.0400000   875288
2.0500000   875287
2.0600000   875287
2.0700000   875286
2.0800000   875286
2.0900000   875285
2.1000000   875285
2.1100000   875284
2.1200000   875284
2.1300000   875284
2.1400000   875283
2.1500000   875283
2.1600000   875282
2.1700000   875282
2.1800000   875281
2.1900000   875281
2.2000000   875280
2.2100000   875280
2.2200000   875280
2.2300000   875279
2.2400000   875279
2.2500000   875278
2.2600000   875278
2.2700000   875278
2.2800000   875277
2.2900000   875277
2.3000000   875276
2.3100000   875276
2.3200000   875276
2.3300000   875275
2.3400000   875275
2.3500000   875275
2.3600000   875274
2.3700000   875274
2.3800000   875274
2.3900000   875273
2.4000000   875273
2.4100000   875273
2.4200000   875272
2.4300000   875272
2.4400000   875272
2.4500000   875271
2.4600000   875271
2.4700000   875271
2.4800000   875271
2.4900000   875270
2.5000000   875270
2.5100000   834225
2.5200000   795255
2.5300000   758246
2.5400000   723094
2.5500000   689697
2.5600000   657963
2.5700000   627802
2.5800000   599131
2.5900000   571871
2.6000000   545947
2.6100000   521289
2.6200000   497831
2.6300000   475511
2.6400000   454269
2.6500000   434049
2.6600000   414798
2.6700000   396468
2.6800000   379010
2.6900000   362380
2.7000000   346536
2.7100000   331439
2.7200000   317050
2.7300000   303333
2.7400000   290256
2.7500000   277786
2.7600000   265893
2.7700000   254548
2.7800000   243725
2.7900000   233397
2.8000000   223540
2.8100000   214132
2.8200000   205150
2.8300000   196574
2.8400000   188383
2.8500000   180560
2.8600000   173087
2.8700000   165947
2.8800000   159123
2.8900000   152602
2.9000000   146369
2.9100000   140409
2.9200000   134710
2.9300000   129261
2.9400000   124049
2.9500000   119062
2.9600000   114292
2.9700000   109727
2.9800000   105358
2.9900000   101176
3.0000000   97173.3
3.0100000   93340.6
3.0200000   89670.4
3.0300000   86155.4
3.0400000   82788.6
3.0500000   79563.3
3.0600000   76473
3.0700000   73511.8
3.0800000   70673.9
3.0900000   67953.7
3.1000000   65346.1
3.1100000   62846.1
3.1200000   60448.8
3.1300000   58149.8
3.1400000   55944.7
3.1500000   53829.5
3.1600000   51800.2
3.1700000   49853.1
3.1800000   47984.6
3.1900000   46191.3
3.2000000   44470
3.2100000   42817.6
3.2200000   41231.1
3.2300000   39707.7
3.2400000   38244.7
3.2500000   36839.6
3.2600000   35489.9
3.2700000   34193.3
3.2800000   32947.5
3.2900000   31750.4
3.3000000   30599.9
3.3100000   29494.2
3.3200000   28431.4
3.3300000   27409.6
3.3400000   26427.2
3.3500000   25482.5
3.3600000   24574
3.3700000   23700.3
3.3800000   22859.9
3.3900000   22051.3
3.4000000   21273.5
3.4100000   20525
3.4200000   19804.8
3.4300000   19111.6
3.4400000   18444.4
3.4500000   17802.1
3.4600000   17183.8
3.4700000   16588.4
3.4800000   16015.2
3.4900000   15463.1
3.5000000   14931.4
3.5100000   14419.3
3.5200000   13926
3.5300000   13450.7
3.5400000   12992.7
3.5500000   12551.4
3.5600000   12126.2
3.5700000   11716.3
3.5800000   11321.2
3.5900000   10940.4
3.6000000   10573.3
3.6100000   10219.3
3.6200000   9877.96
3.6300000   9548.8
3.6400000   9231.35
3.6500000   8925.16
3.6600000   8629.81
3.6700000   8344.88
3.6800000   8069.99
3.6900000   7804.75
3.7000000   7548.81
3.7100000   7301.81
3.7200000   7063.42
3.7300000   6833.33
3.7400000   6611.22
3.7500000   6396.8
3.7600000   6189.79
3.7700000   5989.9
3.7800000   5796.89
3.7900000   5610.49
3.8000000   5430.47
3.8100000   5256.59
3.8200000   5088.63
3.8300000   4926.37
3.8400000   4769.62
3.8500000   4618.16
3.8600000   4471.81
3.8700000   4330.38
3.8800000   4193.71
3.8900000   4061.61
3.9000000   3933.93
3.9100000   3810.5
3.9200000   3691.18
3.9300000   3575.82
3.9400000   3464.29
3.9500000   3356.43
3.9600000   3252.14
3.9700000   3151.28
3.9800000   3053.72
3.9900000   2959.37
4.0000000   2868.1
4.0100000   2779.8
4.0200000   2694.38
4.0300000   2611.73
4.0400000   2531.77
4.0500000   2454.38
4.0600000   2379.5
4.0700000   2307.03
4.0800000   2236.88
4.0900000   2168.99
4.1000000   2103.27
4.1100000   2039.64
4.1200000   1978.05
4.1300000   1918.41
4.1400000   1860.67
4.1500000   1804.76
4.1600000   1750.61
4.1700000   1698.17
4.1800000   1647.39
4.1900000   1598.2
4.2000000   1550.55
4.2100000   1504.39
4.2200000   1459.68
4.2300000   1416.36
4.2400000   1374.39
4.2500000   1333.72
4.2600000   1294.31
4.2700000   1256.13
4.2800000   1219.12
4.2900000   1183.25
4.3000000   1148.49
4.3100000   1114.79
4.3200000   1082.13
4.3300000   1050.47
4.3400000   1019.77
4.3500000   990.011
4.3600000   961.157
4.3700000   933.179
4.3800000   906.05
4.3900000   879.742
4.4000000   854.229
4.4100000   829.486
4.4200000   805.488
4.4300000   782.211
4.4400000   759.633
4.4500000   737.732
4.4600000   716.486
4.4700000   695.874
4.4800000   675.876
4.4900000   656.474
4.5000000   637.648
4.5100000   619.381
4.5200000   601.655
4.5300000   584.453
4.5400000   567.759
4.5500000   551.557
4.5600000   535.831
4.5700000   520.568
4.5800000   505.753
4.5900000   491.371
4.6000000   477.411
4.6100000   463.858
4.6200000   450.7
4.6300000   437.925
4.6400000   425.522
4.6500000   413.479
4.6600000   401.785
4.6700000   390.429
4.6800000   379.402
4.6900000   368.693
4.7000000   358.293
4.7100000   348.193
4.7200000   338.382
4.7300000   328.854
4.7400000   319.598
4.7500000   310.608
4.7600000   301.874
4.7700000   293.39
4.7800000   285.148
4.7900000   277.141
4.8000000   269.362
4.8100000   261.804
4.8200000   254.46
4.8300000   247.324
4.8400000   240.391
4.8500000   233.653
4.8600000   227.106
4.8700000   220.743
4.8800000   214.56
4.8900000   208.551
4.9000000   202.711
4.9100000   197.034
4.9200000   191.517
4.9300000   186.155
4.9400000   180.943
4.9500000   175.876
4.9600000   170.952
4.9700000   166.164
4.9800000   161.51
4.9900000   156.986
5.0000000   152.588
5.0100000   148.312
5.0200000   144.154
5.0300000   140.112
5.0400000   136.183
5.0500000   132.362
5.0600000   128.646
5.0700000   125.034
5.0800000   121.521
5.0900000   118.106
5.1000000   114.784
5.1100000   111.555
5.1200000   108.414
5.1300000   105.36
5.1400000   102.389
5.1500000   99.5008
5.1600000   96.6915
5.1700000   93.9594
5.1800000   91.3023
5.1900000   88.718
5.2000000   86.2045
5.2100000   83.7599
5.2200000   81.3823
5.2300000   79.0697
5.2400000   76.8203
5.2500000   74.6324
5.2600000   72.5043
5.2700000   70.4344
5.2800000   68.4209
5.2900000   66.4624
5.3000000   64.5573
5.3100000   62.7042
5.3200000   60.9016
5.3300000   59.1481
5.3400000   57.4424
5.3500000   55.7831
5.3600000   54.1691
5.3700000   52.5989
5.3800000   51.0715
5.3900000   49.5857
5.4000000   48.1403
5.4100000   46.7343
5.4200000   45.3665
5.4300000   44.036
5.4400000   42.7416
5.4500000   41.4824
5.4600000   40.2575
5.4700000   39.066
5.4800000   37.9069
5.4900000   36.7792
5.5000000   35.6823
5.5100000   34.6154
5.5200000   33.5774
5.5300000   32.5677
5.5400000   31.5855
5.5500000   30.63
5.5600000   29.7007
5.5700000   28.7967
5.5800000   27.9173
5.5900000   27.0619
5.6000000   26.23
5.6100000   25.4207
5.6200000   24.6335
5.6300000   23.868
5.6400000   23.1233
5.6500000   22.399
5.6600000   21.6947
5.6700000   21.0095
5.6800000   20.3432
5.6900000   19.6953
5.7000000   19.0651
5.7100000   18.4523
5.7200000   17.8564
5.7300000   17.2769
5.7400000   16.7133
5.7500000   16.1654
5.7600000   15.6326
5.7700000   15.1146
5.7800000   14.6109
5.7900000   14.1213
5.8000000   13.6452
5.8100000   13.1824
5.8200000   12.7324
5.8300000   12.2951
5.8400000   11.8699
5.8500000   11.4567
5.8600000   11.0551
5.8700000   10.6647
5.8800000   10.2853
5.8900000   9.91668
5.9000000   9.55843
5.9100000   9.21029
5.9200000   8.87196
5.9300000   8.54335
5.9400000   8.22404
5.9500000   7.91394
5.9600000   7.61265
5.9700000   7.31996
5.9800000   7.03568
5.9900000   6.75961
6.0000000   6.49154
6.0100000   6.23117
6.0200000   5.97841
6.0300000   5.73295
6.0400000   5.49469
6.0500000   5.26344
6.0600000   5.03888
6.0700000   4.82103
6.0800000   4.60957
6.0900000   4.40442
6.1000000   4.20536
6.1100000   4.0123
6.1200000   3.82493
6.1300000   3.64326
6.1400000   3.46699
6.1500000   3.29611
6.1600000   3.13043
6.1700000   2.96984
6.1800000   2.81414
6.1900000   2.66324
6.2000000   2.51702
6.2100000   2.3754
6.2200000   2.23817
6.2300000   2.10523
6.2400000   1.97648
6.2500000   1.85182
6.2600000   1.73114
6.2700000   1.61436
6.2800000   1.50136
6.2900000   1.39195
6.3000000   1.28612
6.3100000   1.18388
6.3200000   1.08493
6.3300000   0.989258
6.3400000   0.896872
6.3500000   0.807469
6.3600000   0.72125
6.3700000   0.637912
6.3800000   0.557457
6.3900000   0.479783
6.4000000   0.40489
6.4100000   0.332577
6.4200000   0.262844
6.4300000   0.195691
6.4400000   0.130917
6.4500000   0.0685207
6.4600000   0.00850261
6.4700000   -0.049338
6.4800000   -0.105002
6.4900000   -0.158489
6.5000000   -0.2099
6.5100000   -0.259335
6.5200000   -0.306796
6.5300000   -0.352382
6.5400000   -0.396093
6.5500000   -0.437931
6.5600000   -0.478096
6.5700000   -0.516587
6.5800000   -0.553307
6.5900000   -0.588554
6.6000000   -0.62213
6.6100000   -0.654235
6.6200000   -0.684869
6.6300000   -0.714032
6.6400000   -0.741826
6.6500000   -0.768151
6.6600000   -0.793307
6.6700000   -0.817094
6.6800000   -0.839713
6.6900000   -0.861064
6.7000000   -0.881148
6.7100000   -0.900265
6.7200000   -0.918115
6.7300000   -0.934999
6.7400000   -0.950818
6.7500000   -0.965571
6.7600000   -0.979359
6.7700000   -0.992182
6.7800000   -1.00404
6.7900000   -1.01504
6.8000000   -1.02517
6.8100000   -1.03444
6.8200000   -1.04294
6.8300000   -1.05059
6.8400000   -1.05737
6.8500000   -1.06349
6.8600000   -1.06895
6.8700000   -1.07355
6.8800000   -1.07758
6.8900000   -1.08086
6.9000000   -1.08358
6.9100000   -1.08564
6.9200000   -1.08704
6.9300000   -1.08788
6.9400000   -1.08816
6.9500000   -1.08788
6.9600000   -1.08715
6.9700000   -1.08575
6.9800000   -1.084
6.9900000   -1.0817
7.0000000   -1.07894
7.0100000   -1.07572
7.0200000   -1.07204
7.0300000   -1.06801
7.0400000   -1.06353
7.0500000   -1.05859
7.0600000   -1.05339
7.0700000   -1.04774
7.0800000   -1.04174
7.0900000   -1.03548
7.1000000   -1.02877
7.1100000   -1.02181
7.1200000   -1.01449
7.1300000   -1.00692
7.1400000   -0.999104
7.1500000   -0.990931
7.1600000   -0.982607
7.1700000   -0.973931
7.1800000   -0.965005
7.1900000   -0.955927
7.2000000   -0.946499
7.2100000   -0.936921
7.2200000   -0.927193
7.2300000   -0.917216
7.2400000   -0.906989
7.2500000   -0.896712
7.2600000   -0.886187
7.2700000   -0.875414
7.2800000   -0.864592
7.2900000   -0.853622
7.3000000   -0.842405
7.3100000   -0.83114
7.3200000   -0.819727
7.3300000   -0.808168
7.3400000   -0.796562
7.3500000   -0.784709
7.3600000   -0.772811
7.3700000   -0.760866
7.3800000   -0.748776
7.3900000   -0.73664
7.4000000   -0.724358
7.4100000   -0.712032
7.4200000   -0.699561
7.4300000   -0.687146
7.4400000   -0.674586
7.4500000   -0.661983
7.4600000   -0.649335
7.4700000   -0.636644
7.4800000   -0.62381
7.4900000   -0.611033
7.5000000   -0.598212
7.5100000   -0.585349
7.5200000   -0.572444
7.5300000   -0.559497
7.5400000   -0.546507
7.5500000   -0.533576
7.5600000   -0.520603
7.5700000   -0.507589
7.5800000   -0.494534
7.5900000   -0.481538
7.6000000   -0.468502
7.6100000   -0.455425
7.6200000   -0.442407
7.6300000   -0.42935
7.6400000   -0.416353
7.6500000   -0.403316
7.6600000   -0.39034
7.6700000   -0.377325
7.6800000   -0.364371
7.6900000   -0.351378
7.7000000   -0.338446
7.7100000   -0.325476
7.7200000   -0.312668
7.7300000   -0.299722
7.7400000   -0.286938
7.7500000   -0.274117
7.7600000   -0.261358
7.7700000   -0.248562
7.7800000   -0.235829
7.7900000   -0.223159
7.8000000   -0.210553
7.8100000   -0.19801
7.8200000   -0.185431
7.8300000   -0.172915
7.8400000   -0.160464
7.8500000   -0.147977
7.8600000   -0.135655
7.8700000   -0.123297
7.8800000   -0.111004
7.8900000   -0.0987764
7.9000000   -0.0866137
7.9100000   -0.0744164
7.9200000   -0.0623846
7.9300000   -0.0503185
7.9400000   -0.0384183
7.9500000   -0.0264842
7.9600000   -0.0146163
7.9700000   -0.00281484
7.9800000   0.00892007
7.9900000   0.0205883
8.0000000   0.0322895
8.0100000   0.0438238
8.0200000   0.0552907
8.0300000   0.0667903
8.0400000   0.0781224
8.0500000   0.0894867
8.0600000   0.100783
8.0700000   0.111912
8.0800000   0.123072
8.0900000   0.134164
8.1000000   0.145187
8.1100000   0.156142
8.1200000   0.167028
8.1300000   0.177844
8.1400000   0.188592
8.1500000   0.199271
8.1600000   0.20988
8.1700000   0.220419
8.1800000   0.230889
8.1900000   0.241289
8.2000000   0.251619
8.2100000   0.261979
8.2200000   0.272168
8.2300000   0.282287
8.2400000   0.292435
8.2500000   0.302413
8.2600000   0.31232
8.2700000   0.322255
8.2800000   0.33202
8.2900000   0.341813
8.3000000   0.351435
8.3100000   0.361085
8.3200000   0.370564
8.3300000   0.380071
8.3400000   0.389505
8.3500000   0.398868
8.3600000   0.408058
8.3700000   0.417276
8.3800000   0.426422
8.3900000   0.435494
8.4000000   0.444494
8.4100000   0.453421
8.4200000   0.462276
8.4300000   0.471056
8.4400000   0.479764
8.4500000   0.488498
8.4600000   0.497059
8.4700000   0.505546
8.4800000   0.514059
8.4900000   0.522398
8.5000000   0.530764
8.5100000   0.539055
8.5200000   0.547172
8.5300000   0.555314
8.5400000   0.563382
8.5500000   0.571375
8.5600000   0.579294
8.5700000   0.587237
8.5800000   0.595006
8.5900000   0.6028
8.6000000   0.610418
8.6100000   0.618061
8.6200000   0.625628
8.6300000   0.63312
8.6400000   0.640537
8.6500000   0.647877
8.6600000   0.655142
8.6700000   0.66243
8.6800000   0.669543
8.6900000   0.676679
8.7000000   0.683739
8.7100000   0.690722
8.7200000   0.697629
8.7300000   0.704459
8.7400000   0.711312
8.7500000   0.718089
8.7600000   0.724688
8.7700000   0.731411
8.7800000   0.737956
8.7900000   0.744424
8.8000000   0.750914
8.8100000   0.757228
8.8200000   0.763563
8.8300000   0.769921
8.8400000   0.776101
8.8500000   0.782302
8.8600000   0.788326
8.8700000   0.794372
8.8800000   0.80044
8.8900000   0.806329
8.9000000   0.81224
8.9100000   0.818073
8.9200000   0.823827
8.9300000   0.829502
8.9400000   0.835198
8.9500000   0.840816
8.9600000   0.846354
8.9700000   0.851813
8.9800000   0.857294
8.9900000   0.862695
9.0000000   0.868016
9.0100000   0.873259
9.0200000   0.878521
9.0300000   0.883704
9.0400000   0.888808
9.0500000   0.893931
9.0600000   0.898975
9.0700000   0.903939
9.0800000   0.908822
9.0900000   0.913726
9.1000000   0.918549
9.1100000   0.923292
9.1200000   0.928054
9.1300000   0.932736
9.1400000   0.937338
9.1500000   0.942359
9.1600000   0.948999
9.1700000   0.955558
9.1800000   0.962036
9.1900000   0.968433
9.2000000   0.974749
9.2100000   0.980884
9.2200000   0.987038
9.2300000   0.99311
9.2400000   0.999101
9.2500000   1.00501
9.2600000   1.01084
9.2700000   1.01648
9.2800000   1.02215
9.2900000   1.02773
9.3000000   1.03333
9.3100000   1.03875
9.3200000   1.04409
9.3300000   1.04934
9.3400000   1.05462
9.3500000   1.05971
9.3600000   1.06481
9.3700000   1.06984
9.3800000   1.07478
9.3900000   1.07964
9.4000000   1.08442
9.4100000   1.08921
9.4200000   1.09383
9.4300000   1.09846
9.4400000   1.103
9.4500000   1.10747
9.4600000   1.11185
9.4700000   1.11624
9.4800000   1.12056
9.4900000   1.12479
9.5000000   1.12893
9.5100000   1.133
9.5200000   1.13708
9.5300000   1.14108
9.5400000   1.14499
9.5500000   1.14892
9.5600000   1.15266
9.5700000   1.15643
9.5800000   1.1602
9.5900000   1.1638
9.6000000   1.16741
9.6100000   1.17093
9.6200000   1.17447
9.6300000   1.17793
9.6400000   1.1813
9.6500000   1.18459
9.6600000   1.1879
9.6700000   1.19112
9.6800000   1.19435
9.6900000   1.1975
9.7000000   1.20057
9.7100000   1.20355
9.7200000   1.20654
9.7300000   1.20955
9.7400000   1.21238
9.7500000   1.21532
9.7600000   1.21808
9.7700000   1.22085
9.7800000   1.22354
9.7900000   1.22624
9.8000000   1.22885
9.8100000   1.23148
9.8200000   1.23403
9.8300000   1.23648
9.8400000   1.23896
9.8500000   1.24135
9.8600000   1.24375
9.8700000   1.24606
9.8800000   1.24839
9.8900000   1.25064
9.9000000   1.2529
9.9100000   1.25507
9.9200000   1.25716
9.9300000   1.25926
9.9400000   1.26137
9.9500000   1.2634
9.9600000   1.26534
9.9700000   1.2673
9.9800000   1.26927
9.9900000   1.27115
10.0000000   1.27295
10.0100000   1.27476
10.0200000   1.27658
10.0300000   1.27832
10.0400000   1.27997
10.0500000   1.28163
10.0600000   1.28331
10.0700000   1.2849
10.0800000   1.2865
10.0900000   1.28802
10.1000000   1.28955
10.1100000   1.29109
10.1200000   1.29245
10.1300000   1.29392
10.1400000   1.2953
10.1500000   1.29669
10.1600000   1.298
10.1700000   1.29931
10.1800000   1.30055
10.1900000   1.30179
10.2000000   1.30305
10.2100000   1.30422
10.2200000   1.3054
10.2300000   1.30649
10.2400000   1.3076
10.2500000   1.30872
10.2600000   1.30975
10.2700000   1.31079
10.2800000   1.31174
10.2900000   1.31271
10.3000000   1.31369
10.3100000   1.31458
10.3200000   1.31548
10.3300000   1.3164
10.3400000   1.31723
10.3500000   1.31806
10.3600000   1.31882
10.3700000   1.31958
10.3800000   1.32035
10.3900000   1.32104
10.4000000   1.32183
10.4100000   1.32244
10.4200000   1.32316
10.4300000   1.32379
10.4400000   1.32434
10.4500000   1.32499
10.4600000   1.32555
10.4700000   1.32613
10.4800000   1.32662
10.4900000   1.32712
10.5000000   1.32763
10.5100000   1.32805
10.5200000   1.32858
10.5300000   1.32893
10.5400000   1.32938
10.5500000   1.32975
10.5600000   1.33012
10.5700000   1.33051
10.5800000   1.33081
10.5900000   1.33111
10.6000000   1.33143
10.6100000   1.33166
10.6200000   1.3319
10.6300000   1.33216
10.6400000   1.33242
10.6500000   1.33259
10.6600000   1.33277
10.6700000   1.33297
10.6800000   1.33307
10.6900000   1.33328
10.7000000   1.33341
10.7100000   1.33344
10.7200000   1.33359
10.7300000   1.33364
10.7400000   1.33371
10.7500000   1.33368
10.7600000   1.33377
10.7700000   1.33376
10.7800000   1.33377
10.7900000   1.33369
10.8000000   1.33371
10.8100000   1.33365
10.8200000   1.33359
10.8300000   1.33345
10.8400000   1.33341
10.8500000   1.33329
10.8600000   1.33317
10.8700000   1.33307
10.8800000   1.33287
10.8900000   1.33268
10.9000000   1.33251
10.9100000   1.33234
10.9200000   1.33218
10.9300000   1.33193
10.9400000   1.33169
10.9500000   1.33146
10.9600000   1.33114
10.9700000   1.33093
10.9800000   1.33063
10.9900000   1.33034
11.0000000   1.33006
11.0100000   1.32968
11.0200000   1.32942
11.0300000   1.32906
11.0400000   1.32872
11.0500000   1.32838
11.0600000   1.32795
11.0700000   1.32763
11.0800000   1.32722
11.0900000   1.32682
11.1000000   1.32643
11.1100000   1.32595
11.1200000   1.32557
11.1300000   1.32511
11.1400000   1.32465
11.1500000   1.3242
11.1600000   1.32366
11.1700000   1.32323
11.1800000   1.32271
11.1900000   1.3222
11.2000000   1.32169
11.2100000   1.32119
11.2200000   1.32061
11.2300000   1.32003
11.2400000   1.31956
11.2500000   1.31899
11.2600000   1.31834
11.2700000   1.3178
11.2800000   1.31726
11.2900000   1.31663
11.3000000   1.31601
11.3100000   1.3154
11.3200000   1.31479
11.3300000   1.3142
11.3400000   1.31351
11.3500000   1.31283
11.3600000   1.31226
11.3700000   1.3116
11.3800000   1.31084
11.3900000   1.31019
11.4000000   1.30955
11.4100000   1.30882
11.4200000   1.3081
11.4300000   1.30739
11.4400000   1.30668
11.4500000   1.30598
11.4600000   1.30529
11.4700000   1.3045
11.4800000   1.30383
11.4900000   1.30306
11.5000000   1.3023
11.5100000   1.30155
11.5200000   1.3008
11.5300000   1.29996
11.5400000   1.29923
11.5500000   1.29841
11.5600000   1.2976
11.5700000   1.29679
11.5800000   1.29599
11.5900000   1.2952
11.6000000   1.29442
11.6100000   1.29354
11.6200000   1.29277
11.6300000   1.29191
11.6400000   1.29105
11.6500000   1.2902
11.6600000   1.28936
11.6700000   1.28853
11.6800000   1.28761
11.6900000   1.28679
11.7000000   1.28588
11.7100000   1.28507
11.7200000   1.28418
11.7300000   1.28329
11.7400000   1.2824
11.7500000   1.28143
11.7600000   1.28056
11.7700000   1.2797
11.7800000   1.27875
11.7900000   1.2778
11.8000000   1.27696
11.8100000   1.27602
11.8200000   1.2751
11.8300000   1.27418
11.8400000   1.27317
11.8500000   1.27226
11.8600000   1.27126
11.8700000   1.27037
11.8800000   1.26938
11.8900000   1.26841
11.9000000   1.26743
11.9100000   1.26647
11.9200000   1.26551
11.9300000   1.26456
11.9400000   1.26361
11.9500000   1.26258
11.9600000   1.26165
11.9700000   1.26062
11.9800000   1.2596
11.9900000   1.25859
12.0000000   1.25768
12.0100000   1.25659
12.0200000   1.25559
12.0300000   1.25461
12.0400000   1.25363
12.0500000   1.25255
12.0600000   1.25159
12.0700000   1.25053
12.0800000   1.24947
12.0900000   1.24853
12.1000000   1.24748
12.1100000   1.24645
12.1200000   1.24542
12.1300000   1.2443
12.1400000   1.24328
12.1500000   1.24227
12.1600000   1.24117
12.1700000   1.24017
12.1800000   1.23908
12.1900000   1.23799
12.2000000   1.23701
12.2100000   1.23594
12.2200000   1.23487
12.2300000   1.23381
12.2400000   1.23276
12.2500000   1.23161
12.2600000   1.23057
12.2700000   1.22953
12.2800000   1.2284
12.2900000   1.22737
12.3000000   1.22625
12.3100000   1.22514
12.3200000   1.22413
12.3300000   1.22303
12.3400000   1.22193
12.3500000   1.22084
12.3600000   1.21976
12.3700000   1.21858
12.3800000   1.21751
12.3900000   1.21644
12.4000000   1.21528
12.4100000   1.21423
12.4200000   1.21308
12.4300000   1.21203
12.4400000   1.21089
12.4500000   1.20976
12.4600000   1.20863
12.4700000   1.20751
12.4800000   1.2064
12.4900000   1.20528
12.5000000   1.20418
12.5100000   1.20308
12.5200000   1.20199
12.5300000   1.2008
12.5400000   1.19971
12.5500000   1.19854
12.5600000   1.19747
12.5700000   1.1963
12.5800000   1.19524
12.5900000   1.19408
12.6000000   1.19293
12.6100000   1.19179
12.6200000   1.19065
12.6300000   1.18951
12.6400000   1.18838
12.6500000   1.18726
12.6600000   1.18614
12.6700000   1.18493
12.6800000   1.18382
12.6900000   1.18272
12.7000000   1.18152
12.7100000   1.18042
12.7200000   1.17924
12.7300000   1.17806
12.7400000   1.17698
12.7500000   1.17581
12.7600000   1.17464
12.7700000   1.17348
12.7800000   1.17232
12.7900000   1.17117
12.8000000   1.17002
12.8100000   1.16888
12.8200000   1.16774
12.8300000   1.16661
12.8400000   1.16549
12.8500000   1.16426
12.8600000   1.16315
12.8700000   1.16194
12.8800000   1.16083
12.8900000   1.15963
12.9000000   1.15853
12.9100000   1.15734
12.9200000   1.15615
12.9300000   1.15507
12.9400000   1.15389
12.9500000   1.15272
12.9600000   1.15155
12.9700000   1.15039
12.9800000   1.14923
12.9900000   1.14807
13.0000000   1.14693
13.0100000   1.14578
13.0200000   1.14454
13.0300000   1.14341
13.0400000   1.14228
13.0500000   1.14105
13.0600000   1.13993
13.0700000   1.13881
13.0800000   1.1376
13.0900000   1.13639
13.1000000   1.13529
13.1100000   1.13409
13.1200000   1.133
13.1300000   1.13181
13.1400000   1.13063
13.1500000   1.12945
13.1600000   1.12827
13.1700000   1.1271
13.1800000   1.12594
13.1900000   1.12477
13.2000000   1.12362
13.2100000   1.12246
13.2200000   1.12132
13.2300000   1.12017
13.2400000   1.11903
13.2500000   1.1178
13.2600000   1.11667
13.2700000   1.11554
13.2800000   1.11432
13.2900000   1.1132
13.3000000   1.11199
13.3100000   1.11088
13.3200000   1.10967
13.3300000   1.10847
13.3400000   1.10738
13.3500000   1.10618
13.3600000   1.105
13.3700000   1.10391
13.3800000   1.10273
13.3900000   1.10156
13.4000000   1.10039
13.4100000   1.09922
13.4200000   1.09806
13.4300000   1.0969
13.4400000   1.09575
13.4500000   1.0946
13.4600000   1.09345
13.4700000   1.09231
13.4800000   1.09107
13.4900000   1.08994
13.5000000   1.08881
13.5100000   1.08768
13.5200000   1.08646
13.5300000   1.08534
13.5400000   1.08413
13.5500000   1.08302
13.5600000   1.08181
13.5700000   1.08071
13.5800000   1.07952
13.5900000   1.07842
13.6000000   1.07723
13.6100000   1.07605
13.6200000   1.07497
13.6300000   1.07379
13.6400000   1.07261
13.6500000   1.07144
13.6600000   1.07038
13.6700000   1.06922
13.6800000   1.06806
13.6900000   1.0669
13.7000000   1.06575
13.7100000   1.06461
13.7200000   1.06346
13.7300000   1.06232
13.7400000   1.06119
13.7500000   1.06006
13.7600000   1.05893
13.7700000   1.0577
13.7800000   1.05658
13.7900000   1.05547
13.8000000   1.05436
13.8100000   1.05315
13.8200000   1.05204
13.8300000   1.05094
13.8400000   1.04974
13.8500000   1.04865
13.8600000   1.04746
13.8700000   1.04637
13.8800000   1.04519
13.8900000   1.04411
13.9000000   1.04293
13.9100000   1.04186
13.9200000   1.04069
13.9300000   1.03952
13.9400000   1.03846
13.9500000   1.0373
13.9600000   1.03615
13.9700000   1.035
13.9800000   1.03395
13.9900000   1.03281
14.0000000   1.03167
14.0100000   1.03053
14.0200000   1.0294
14.0300000   1.02827
14.0400000   1.02714
14.0500000   1.02602
14.0600000   1.0249
14.0700000   1.02378
14.0800000   1.02267
14.0900000   1.02156
14.1000000   1.02045
14.1100000   1.01935
14.1200000   1.01825
14.1300000   1.01716
14.1400000   1.01596
14.1500000   1.01488
14.1600000   1.01379
14.1700000   1.01271
14.1800000   1.01153
14.1900000   1.01045
14.2000000   1.00938
14.2100000   1.00821
14.2200000   1.00715
14.2300000   1.00599
14.2400000   1.00493
14.2500000   1.00377
14.2600000   1.00272
14.2700000   1.00157
14.2800000   1.00052
14.2900000   0.999381
14.3000000   0.998342
14.3100000   0.997206
14.3200000   0.996073
14.3300000   0.995044
14.3400000   0.993917
14.3500000   0.992794
14.3600000   0.991774
14.3700000   0.990657
14.3800000   0.989543
14.3900000   0.988433
14.4000000   0.987425
14.4100000   0.986321
14.4200000   0.98522
14.4300000   0.984122
14.4400000   0.983027
14.4500000   0.981935
14.4600000   0.980846
14.4700000   0.97976
14.4800000   0.978678
14.4900000   0.977598
14.5000000   0.976522
14.5100000   0.975449
14.5200000   0.974378
14.5300000   0.973311
14.5400000   0.972247
14.5500000   0.971185
14.5600000   0.970127
14.5700000   0.969072
14.5800000   0.968019
14.5900000   0.96687
14.6000000   0.965824
14.6100000   0.96478
14.6200000   0.96374
14.6300000   0.962603
14.6400000   0.961568
14.6500000   0.960537
14.6600000   0.959408
14.6700000   0.958382
14.6800000   0.95736
14.6900000   0.95624
14.7000000   0.955223
14.7100000   0.954209
14.7200000   0.953097
14.7300000   0.952089
14.7400000   0.950984
14.7500000   0.949981
14.7600000   0.948881
14.7700000   0.947884
14.7800000   0.94679
14.7900000   0.945799
14.8000000   0.94471
14.8100000   0.943725
14.8200000   0.942642
14.8300000   0.941562
14.8400000   0.940585
14.8500000   0.93951
14.8600000   0.938438
14.8700000   0.93747
14.8800000   0.936403
14.8900000   0.93534
14.9000000   0.934379
14.9100000   0.933321
14.9200000   0.932266
14.9300000   0.931214
14.9400000   0.930164
14.9500000   0.929217
14.9600000   0.928172
14.9700000   0.927131
14.9800000   0.926092
14.9900000   0.925056
15.0000000   0.924022
15.0100000   0.922991
15.0200000   0.922063
15.0300000   0.921037
15.0400000   0.920014
15.0500000   0.918994
15.0600000   0.917976
15.0700000   0.916961
15.0800000   0.915948
15.0900000   0.914938
15.1000000   0.913931
15.1100000   0.912926
15.1200000   0.911924
15.1300000   0.910925
15.1400000   0.909828
15.1500000   0.908833
15.1600000   0.907841
15.1700000   0.906852
15.1800000   0.905865
15.1900000   0.904881
15.2000000   0.9039
15.2100000   0.90282
15.2200000   0.901844
15.2300000   0.90087
15.2400000   0.899898
15.2500000   0.898929
15.2600000   0.897862
15.2700000   0.896898
15.2800000   0.895937
15.2900000   0.894878
15.3000000   0.893921
15.3100000   0.892967
15.3200000   0.891915
15.3300000   0.890966
15.3400000   0.890019
15.3500000   0.888974
15.3600000   0.888032
15.3700000   0.887093
15.3800000   0.886056
15.3900000   0.885121
15.4000000   0.884088
15.4100000   0.883158
15.4200000   0.882231
15.4300000   0.881206
15.4400000   0.880283
15.4500000   0.879262
15.4600000   0.878344
15.4700000   0.877329
15.4800000   0.876415
15.4900000   0.875404
15.5000000   0.874396
15.5100000   0.873489
15.5200000   0.872485
15.5300000   0.871584
15.5400000   0.870584
15.5500000   0.869687
15.5600000   0.868693
15.5700000   0.8677
15.5800000   0.86681
15.5900000   0.865822
15.6000000   0.864837
15.6100000   0.863954
15.6200000   0.862973
15.6300000   0.861994
15.6400000   0.861117
15.6500000   0.860143
15.6600000   0.859171
15.6700000   0.858301
15.6800000   0.857334
15.6900000   0.856369
15.7000000   0.855406
15.7100000   0.854445
15.7200000   0.853586
15.7300000   0.85263
15.7400000   0.851676
15.7500000   0.850724
15.7600000   0.849774
15.7700000   0.848926
15.7800000   0.847981
15.7900000   0.847038
15.8000000   0.846097
15.8100000   0.845158
15.8200000   0.844221
15.8300000   0.843286
15.8400000   0.842354
15.8500000   0.841524
15.8600000   0.840595
15.8700000   0.839669
15.8800000   0.838745
15.8900000   0.837824
15.9000000   0.836904
15.9100000   0.835986
15.9200000   0.835071
15.9300000   0.834158
15.9400000   0.833246
15.9500000   0.832337
15.9600000   0.83143
15.9700000   0.830525
15.9800000   0.829622
15.9900000   0.828721
16.0000000   0.827822
16.0100000   0.826926
16.0200000   0.826031
16.0300000   0.825138
16.0400000   0.824148
16.0500000   0.823259
16.0600000   0.822373
16.0700000   0.821488
16.0800000   0.820606
16.0900000   0.819725
16.1000000   0.818847
16.1100000   0.81797
16.1200000   0.817096
16.1300000   0.816123
16.1400000   0.815253
16.1500000   0.814384
16.1600000   0.813518
16.1700000   0.812653
16.1800000   0.811691
16.1900000   0.81083
16.2000000   0.809972
16.2100000   0.809115
16.2200000   0.80826
16.2300000   0.807308
16.2400000   0.806457
16.2500000   0.805608
16.2600000   0.804761
16.2700000   0.803816
16.2800000   0.802973
16.2900000   0.802132
16.3000000   0.801193
16.3100000   0.800355
16.3200000   0.79952
16.3300000   0.798586
16.3400000   0.797755
16.3500000   0.796925
16.3600000   0.795997
16.3700000   0.795171
16.3800000   0.794347
16.3900000   0.793425
16.4000000   0.792605
16.4100000   0.791786
16.4200000   0.79087
16.4300000   0.790055
16.4400000   0.789142
16.4500000   0.788331
16.4600000   0.787522
16.4700000   0.786614
16.4800000   0.785809
16.4900000   0.784905
16.5000000   0.784103
16.5100000   0.783203
16.5200000   0.782405
16.5300000   0.781608
16.5400000   0.780714
16.5500000   0.779921
16.5600000   0.77903
16.5700000   0.778241
16.5800000   0.777353
16.5900000   0.776568
16.6000000   0.775684
16.6100000   0.774902
16.6200000   0.774021
16.6300000   0.773243
16.6400000   0.772366
16.6500000   0.771591
16.6600000   0.770718
16.6700000   0.769846
16.6800000   0.769076
16.6900000   0.768208
16.7000000   0.767442
16.7100000   0.766577
16.7200000   0.765815
16.7300000   0.764953
16.7400000   0.764094
16.7500000   0.763336
16.7600000   0.76248
16.7700000   0.761726
16.7800000   0.760874
16.7900000   0.760023
16.8000000   0.759274
16.8100000   0.758426
16.8200000   0.75758
16.8300000   0.756836
16.8400000   0.755994
16.8500000   0.755253
16.8600000   0.754414
16.8700000   0.753577
16.8800000   0.752841
16.8900000   0.752007
16.9000000   0.751175
16.9100000   0.750344
16.9200000   0.749615
16.9300000   0.748787
16.9400000   0.747961
16.9500000   0.747237
16.9600000   0.746415
16.9700000   0.745594
16.9800000   0.744775
16.9900000   0.744057
17.0000000   0.743241
17.0100000   0.742427
17.0200000   0.741614
17.0300000   0.740903
17.0400000   0.740093
17.0500000   0.739285
17.0600000   0.738479
17.0700000   0.737774
17.0800000   0.736971
17.0900000   0.736169
17.1000000   0.735369
17.1100000   0.73457
17.1200000   0.733873
17.1300000   0.733078
17.1400000   0.732284
17.1500000   0.731492
17.1600000   0.730702
17.1700000   0.730012
17.1800000   0.729225
17.1900000   0.728439
17.2000000   0.727654
17.2100000   0.726872
17.2200000   0.72609
17.2300000   0.72531
17.2400000   0.724632
17.2500000   0.723855
17.2600000   0.72308
17.2700000   0.722306
17.2800000   0.721534
17.2900000   0.720763
17.3000000   0.719994
17.3100000   0.719227
17.3200000   0.71856
17.3300000   0.717796
17.3400000   0.717033
17.3500000   0.716271
17.3600000   0.715511
17.3700000   0.714752
17.3800000   0.713995
17.3900000   0.713239
17.4000000   0.712485
17.4100000   0.711732
17.4200000   0.710981
17.4300000   0.710231
17.4400000   0.709482
17.4500000   0.708735
17.4600000   0.70809
17.4700000   0.707346
17.4800000   0.706603
17.4900000   0.705862
17.5000000   0.705122
17.5100000   0.704384
17.5200000   0.703647
17.5300000   0.702912
17.5400000   0.702178
17.5500000   0.701445
17.5600000   0.700714
17.5700000   0.699984
17.5800000   0.699256
17.5900000   0.698529
17.6000000   0.697804
17.6100000   0.69708
17.6200000   0.696357
17.6300000   0.695636
17.6400000   0.694816
17.6500000   0.694097
17.6600000   0.69338
17.6700000   0.692664
17.6800000   0.69195
17.6900000   0.691237
17.7000000   0.690526
17.7100000   0.689815
17.7200000   0.689107
17.7300000   0.688399
17.7400000   0.687693
17.7500000   0.686988
17.7600000   0.686285
17.7700000   0.685583
17.7800000   0.684882
17.7900000   0.684083
17.8000000   0.683385
17.8100000   0.682688
17.8200000   0.681993
17.8300000   0.681299
17.8400000   0.680607
17.8500000   0.679915
17.8600000   0.679225
17.8700000   0.678537
17.8800000   0.67775
17.8900000   0.677064
17.9000000   0.676379
17.9100000   0.675696
17.9200000   0.675014
17.9300000   0.674333
17.9400000   0.673653
17.9500000   0.672975
17.9600000   0.672198
17.9700000   0.671523
17.9800000   0.670849
17.9900000   0.670176
18.0000000   0.669504
18.0100000   0.668834
18.0200000   0.668065
18.0300000   0.667397
18.0400000   0.66673
18.0500000   0.666065
18.0600000   0.665401
18.0700000   0.664638
18.0800000   0.663977
18.0900000   0.663317
18.1000000   0.662658
18.1100000   0.662
18.1200000   0.661244
18.1300000   0.660589
18.1400000   0.659935
18.1500000   0.659282
18.1600000   0.658631
18.1700000   0.65788
18.1800000   0.657231
18.1900000   0.656584
18.2000000   0.655937
18.2100000   0.655192
18.2200000   0.654548
18.2300000   0.653905
18.2400000   0.653264
18.2500000   0.652623
18.2600000   0.651884
18.2700000   0.651246
18.2800000   0.650609
18.2900000   0.649974
18.3000000   0.64924
18.3100000   0.648607
18.3200000   0.647975
18.3300000   0.647244
18.3400000   0.646614
18.3500000   0.645986
18.3600000   0.645359
18.3700000   0.644633
18.3800000   0.644008
18.3900000   0.643385
18.4000000   0.642762
18.4100000   0.642041
18.4200000   0.641421
18.4300000   0.640802
18.4400000   0.640084
18.4500000   0.639468
18.4600000   0.638853
18.4700000   0.638138
18.4800000   0.637525
18.4900000   0.636913
18.5000000   0.636203
18.5100000   0.635593
18.5200000   0.634985
18.5300000   0.634377
18.5400000   0.633671
18.5500000   0.633066
18.5600000   0.632462
18.5700000   0.63176
18.5800000   0.631158
18.5900000   0.630558
18.6000000   0.629858
18.6100000   0.62926
18.6200000   0.628663
18.6300000   0.627967
18.6400000   0.627372
18.6500000   0.626678
18.6600000   0.626086
18.6700000   0.625494
18.6800000   0.624804
18.6900000   0.624215
18.7000000   0.623626
18.7100000   0.622939
18.7200000   0.622353
18.7300000   0.621768
18.7400000   0.621085
18.7500000   0.620502
18.7600000   0.61982
18.7700000   0.61924
18.7800000   0.618661
18.7900000   0.617982
18.8000000   0.617405
18.8100000   0.616729
18.8200000   0.616154
18.8300000   0.61558
18.8400000   0.614907
18.8500000   0.614335
18.8600000   0.613664
18.8700000   0.613094
18.8800000   0.612526
18.8900000   0.611858
18.9000000   0.611291
18.9100000   0.610626
18.9200000   0.610062
18.9300000   0.609498
18.9400000   0.608836
18.9500000   0.608275
18.9600000   0.607614
18.9700000   0.607055
18.9800000   0.606397
18.9900000   0.60584
19.0000000   0.605284
19.0100000   0.604629
19.0200000   0.604075
19.0300000   0.603422
19.0400000   0.60287
19.0500000   0.602219
19.0600000   0.601669
19.0700000   0.60112
19.0800000   0.600472
19.0900000   0.599925
19.1000000   0.59928
19.1100000   0.598735
19.1200000   0.598091
19.1300000   0.597548
19.1400000   0.596906
19.1500000   0.596366
19.1600000   0.595726
19.1700000   0.595187
19.1800000   0.594549
19.1900000   0.594012
19.2000000   0.593377
19.2100000   0.592842
19.2200000   0.592308
19.2300000   0.591675
19.2400000   0.591143
19.2500000   0.590513
19.2600000   0.589983
19.2700000   0.589354
19.2800000   0.588826
19.2900000   0.588199
19.3000000   0.587673
19.3100000   0.587048
19.3200000   0.586524
19.3300000   0.585901
19.3400000   0.585379
19.3500000   0.584758
19.3600000   0.584238
19.3700000   0.583619
19.3800000   0.5831
19.3900000   0.582483
19.4000000   0.581967
19.4100000   0.581351
19.4200000   0.580837
19.4300000   0.580223
19.4400000   0.579711
19.4500000   0.579099
19.4600000   0.578489
19.4700000   0.577979
19.4800000   0.57737
19.4900000   0.576862
19.5000000   0.576256
19.5100000   0.57575
19.5200000   0.575145
19.5300000   0.574641
19.5400000   0.574037
19.5500000   0.573535
19.5600000   0.572934
19.5700000   0.572433
19.5800000   0.571834
19.5900000   0.571335
19.6000000   0.570738
19.6100000   0.570141
19.6200000   0.569645
19.6300000   0.56905
19.6400000   0.568556
19.6500000   0.567963
19.6600000   0.567471
19.6700000   0.56688
19.6800000   0.566389
19.6900000   0.5658
19.7000000   0.565211
19.7100000   0.564724
19.7200000   0.564137
19.7300000   0.563651
19.7400000   0.563066
19.7500000   0.562582
19.7600000   0.561999
19.7700000   0.561416
19.7800000   0.560935
19.7900000   0.560354
19.8000000   0.559874
19.8100000   0.559296
19.8200000   0.558818
19.8300000   0.558241
19.8400000   0.557664
19.8500000   0.557189
19.8600000   0.556615
19.8700000   0.556141
19.8800000   0.555568
19.8900000   0.554996
19.9000000   0.554525
19.9100000   0.553955
19.9200000   0.553486
19.9300000   0.552918
19.9400000   0.55235
19.9500000   0.551883
19.9600000   0.551317
19.9700000   0.550852
19.9800000   0.550288
19.9900000   0.549725
20.0000000   0.549262
20.0100000   0.548701
20.0200000   0.54824
20.0300000   0.54768
20.0400000   0.547121
20.0500000   0.546663
20.0600000   0.546105
20.0700000   0.545648
20.0800000   0.545093
20.0900000   0.544538
