0.1000000   906709
0.1100000   901247
0.1200000   897092
0.1300000   893859
0.1400000   891293
0.1500000   889223
0.1600000   887529
0.1700000   886125
0.1800000   884949
0.1900000   883953
0.2000000   883103
0.2100000   882371
0.2200000   881737
0.2300000   881184
0.2400000   880698
0.2500000   880270
0.2600000   879890
0.2700000   879552
0.2800000   879249
0.2900000   878977
0.3000000   878731
0.3100000   878509
0.3200000   878308
0.3300000   878124
0.3400000   877957
0.3500000   877803
0.3600000   877663
0.3700000   877533
0.3800000   877414
0.3900000   877303
0.4000000   877201
0.4100000   877106
0.4200000   877018
0.4300000   876936
0.4400000   876860
0.4500000   876788
0.4600000   876721
0.4700000   876659
0.4800000   876600
0.4900000   876545
0.5000000   876493
0.5100000   876444
0.5200000   876398
0.5300000   876354
0.5400000   876313
0.5500000   876274
0.5600000   876238
0.5700000   876203
0.5800000   876170
0.5900000   876138
0.6000000   876108
0.6100000   876080
0.6200000   876053
0.6300000   876027
0.6400000   876002
0.6500000   875979
0.6600000   875957
0.6700000   875935
0.6800000   875915
0.6900000   875895
0.7000000   875876
0.7100000   875858
0.7200000   875841
0.7300000   875825
0.7400000   875809
0.7500000   875794
0.7600000   875779
0.7700000   875765
0.7800000   875751
0.7900000   875738
0.8000000   875726
0.8100000   875714
0.8200000   875702
0.8300000   875691
0.8400000   875680
0.8500000   875670
0.8600000   875660
0.8700000   875650
0.8800000   875640
0.8900000   875631
0.9000000   875623
0.9100000   875614
0.9200000   875606
0.9300000   875598
0.9400000   875590
0.9500000   875583
0.9600000   875575
0.9700000   875568
0.9800000   875562
0.9900000   875555
1.0000000   875549
1.0100000   875543
1.0200000   875536
1.0300000   875531
1.0400000   875525
1.0500000   875519
1.0600000   875514
1.0700000   875509
1.0800000   875504
1.0900000   875499
1.1000000   875494
1.1100000   875489
1.1200000   875485
1.1300000   875480
1.1400000   875476
1.1500000   875472
1.1600000   875468
1.1700000   875464
1.1800000   875460
1.1900000   875456
1.2000000   875453
1.2100000   875449
1.2200000   875445
1.2300000   875442
1.2400000   875439
1.2500000   875435
1.2600000   875432
1.2700000   875429
1.2800000   875426
1.2900000   875423
1.3000000   875420
1.3100000   875417
1.3200000   875415
1.3300000   875412
1.3400000   875409
1.3500000   875407
1.3600000   875404
1.3700000   875402
1.3800000   875399
1.3900000   875397
1.4000000   875395
1.4100000   875392
1.4200000   875390
1.4300000   875388
1.4400000   875386
1.4500000   875384
1.4600000   875382
1.4700000   875380
1.4800000   875378
1.4900000   875376
1.5000000   875374
1.5100000   875372
1.5200000   875370
1.5300000   875368
1.5400000   875367
1.5500000   875365
1.5600000   875363
1.5700000   875362
1.5800000   875360
1.5900000   875358
1.6000000   875357
1.6100000   875355
1.6200000   875354
1.6300000   875352
1.6400000   875351
1.6500000   875350
1.6600000   875348
1.6700000   875347
1.6800000   875345
1.6900000   875344
1.7000000   875343
1.7100000   875342
1.7200000   875340
1.7300000   875339
1.7400000   875338
1.7500000   875337
1.7600000   875336
1.7700000   875334
1.7800000   875333
1.7900000   875332
1.8000000   875331
1.8100000   875330
1.8200000   875329
1.8300000   875328
1.8400000   875327
1.8500000   875326
1.8600000   875325
1.8700000   875324
1.8800000   875323
1.8900000   875322
1.9000000   875321
1.9100000   875320
1.9200000   875319
1.9300000   875318
1.9400000   875318
1.9500000   875317
1.9600000   875316
1.9700000   875315
1.9800000   875314
1.9900000   875313
2.0000000   875313
2.0100000   875312
2.0200000   875311
2.0300000   875310
2.0400000   875310
2.0500000   875309
2.0600000   875308
2.0700000   875307
2.0800000   875307
2.0900000   875306
2.1000000   875305
2.1100000   875305
2.1200000   875304
2.1300000   875303
2.1400000   875303
2.1500000   875302
2.1600000   875301
2.1700000   875301
2.1800000   875300
2.1900000   875300
2.2000000   875299
2.2100000   875298
2.2200000   875298
2.2300000   875297
2.2400000   875297
2.2500000   875296
2.2600000   875296
2.2700000   875295
2.2800000   875295
2.2900000   875294
2.3000000   875293
2.3100000   875293
2.3200000   875292
2.3300000   875292
2.3400000   875291
2.3500000   875291
2.3600000   875290
2.3700000   875290
2.3800000   875290
2.3900000   875289
2.4000000   875289
2.4100000   875288
2.4200000   875288
2.4300000   875287
2.4400000   875287
2.4500000   875286
2.4600000   875286
2.4700000   875286
2.4800000   875285
2.4900000   875285
2.5000000   875284
2.5100000   834240
2.5200000   795269
2.5300000   758260
2.5400000   723108
2.5500000   689711
2.5600000   657977
2.5700000   627816
2.5800000   599144
2.5900000   571884
2.6000000   545960
2.6100000   521302
2.6200000   497844
2.6300000   475524
2.6400000   454282
2.6500000   434062
2.6600000   414811
2.6700000   396480
2.6800000   379022
2.6900000   362393
2.7000000   346549
2.7100000   331451
2.7200000   317062
2.7300000   303345
2.7400000   290268
2.7500000   277798
2.7600000   265905
2.7700000   254560
2.7800000   243737
2.7900000   233409
2.8000000   223552
2.8100000   214143
2.8200000   205161
2.8300000   196585
2.8400000   188394
2.8500000   180571
2.8600000   173098
2.8700000   165958
2.8800000   159134
2.8900000   152613
2.9000000   146379
2.9100000   140420
2.9200000   134721
2.9300000   129271
2.9400000   124059
2.9500000   119073
2.9600000   114302
2.9700000   109737
2.9800000   105368
2.9900000   101187
3.0000000   97183.3
3.0100000   93350.5
3.0200000   89680.2
3.0300000   86165.2
3.0400000   82798.3
3.0500000   79572.9
3.0600000   76482.6
3.0700000   73521.4
3.0800000   70683.4
3.0900000   67963.2
3.1000000   65355.5
3.1100000   62855.4
3.1200000   60458
3.1300000   58159
3.1400000   55953.8
3.1500000   53838.6
3.1600000   51809.2
3.1700000   49862
3.1800000   47993.5
3.1900000   46200.1
3.2000000   44478.8
3.2100000   42826.3
3.2200000   41239.7
3.2300000   39716.3
3.2400000   38253.3
3.2500000   36848.1
3.2600000   35498.4
3.2700000   34201.7
3.2800000   32955.8
3.2900000   31758.7
3.3000000   30608.2
3.3100000   29502.4
3.3200000   28439.5
3.3300000   27417.7
3.3400000   26435.2
3.3500000   25490.5
3.3600000   24582
3.3700000   23708.2
3.3800000   22867.7
3.3900000   22059.2
3.4000000   21281.3
3.4100000   20532.7
3.4200000   19812.4
3.4300000   19119.2
3.4400000   18452
3.4500000   17809.6
3.4600000   17191.3
3.4700000   16595.9
3.4800000   16022.6
3.4900000   15470.5
3.5000000   14938.8
3.5100000   14426.6
3.5200000   13933.2
3.5300000   13457.9
3.5400000   12999.9
3.5500000   12558.6
3.5600000   12133.3
3.5700000   11723.4
3.5800000   11328.3
3.5900000   10947.4
3.6000000   10580.2
3.6100000   10226.2
3.6200000   9884.82
3.6300000   9555.62
3.6400000   9238.14
3.6500000   8931.91
3.6600000   8636.52
3.6700000   8351.56
3.6800000   8076.63
3.6900000   7811.35
3.7000000   7555.37
3.7100000   7308.34
3.7200000   7069.92
3.7300000   6839.79
3.7400000   6617.65
3.7500000   6403.2
3.7600000   6196.15
3.7700000   5996.23
3.7800000   5803.18
3.7900000   5616.75
3.8000000   5436.69
3.8100000   5262.78
3.8200000   5094.79
3.8300000   4932.5
3.8400000   4775.71
3.8500000   4624.23
3.8600000   4477.84
3.8700000   4336.39
3.8800000   4199.68
3.8900000   4067.55
3.9000000   3939.84
3.9100000   3816.38
3.9200000   3697.03
3.9300000   3581.65
3.9400000   3470.08
3.9500000   3362.2
3.9600000   3257.87
3.9700000   3156.98
3.9800000   3059.4
3.9900000   2965.02
4.0000000   2873.72
4.0100000   2785.39
4.0200000   2699.95
4.0300000   2617.27
4.0400000   2537.28
4.0500000   2459.87
4.0600000   2384.96
4.0700000   2312.46
4.0800000   2242.29
4.0900000   2174.36
4.1000000   2108.62
4.1100000   2044.97
4.1200000   1983.35
4.1300000   1923.69
4.1400000   1865.92
4.1500000   1809.98
4.1600000   1755.81
4.1700000   1703.35
4.1800000   1652.53
4.1900000   1603.32
4.2000000   1555.65
4.2100000   1509.47
4.2200000   1464.73
4.2300000   1421.39
4.2400000   1379.39
4.2500000   1338.7
4.2600000   1299.27
4.2700000   1261.06
4.2800000   1224.03
4.2900000   1188.14
4.3000000   1153.35
4.3100000   1119.63
4.3200000   1086.95
4.3300000   1055.26
4.3400000   1024.55
4.3500000   994.763
4.3600000   965.887
4.3700000   937.888
4.3800000   910.737
4.3900000   884.408
4.4000000   858.874
4.4100000   834.11
4.4200000   810.091
4.4300000   786.794
4.4400000   764.195
4.4500000   742.273
4.4600000   721.007
4.4700000   700.375
4.4800000   680.357
4.4900000   660.935
4.5000000   642.089
4.5100000   623.802
4.5200000   606.057
4.5300000   588.835
4.5400000   572.122
4.5500000   555.901
4.5600000   540.156
4.5700000   524.874
4.5800000   510.04
4.5900000   495.64
4.6000000   481.661
4.6100000   468.089
4.6200000   454.913
4.6300000   442.12
4.6400000   429.699
4.6500000   417.638
4.6600000   405.926
4.6700000   394.553
4.6800000   383.508
4.6900000   372.782
4.7000000   362.364
4.7100000   352.246
4.7200000   342.419
4.7300000   332.873
4.7400000   323.601
4.7500000   314.594
4.7600000   305.843
4.7700000   297.343
4.7800000   289.084
4.7900000   281.061
4.8000000   273.265
4.8100000   265.691
4.8200000   258.331
4.8300000   251.179
4.8400000   244.229
4.8500000   237.476
4.8600000   230.913
4.8700000   224.535
4.8800000   218.336
4.8900000   212.312
4.9000000   206.456
4.9100000   200.765
4.9200000   195.233
4.9300000   189.855
4.9400000   184.628
4.9500000   179.547
4.9600000   174.607
4.9700000   169.805
4.9800000   165.136
4.9900000   160.598
5.0000000   156.185
5.0100000   151.894
5.0200000   147.723
5.0300000   143.667
5.0400000   139.723
5.0500000   135.888
5.0600000   132.159
5.0700000   128.533
5.0800000   125.006
5.0900000   121.577
5.1000000   118.242
5.1100000   114.999
5.1200000   111.845
5.1300000   108.777
5.1400000   105.793
5.1500000   102.891
5.1600000   100.069
5.1700000   97.3239
5.1800000   94.6538
5.1900000   92.0566
5.2000000   89.5303
5.2100000   87.073
5.2200000   84.6827
5.2300000   82.3575
5.2400000   80.0955
5.2500000   77.8952
5.2600000   75.7547
5.2700000   73.6725
5.2800000   71.6467
5.2900000   69.676
5.3000000   67.7588
5.3100000   65.8937
5.3200000   64.079
5.3300000   62.3136
5.3400000   60.5961
5.3500000   58.9251
5.3600000   57.2993
5.3700000   55.7175
5.3800000   54.1785
5.3900000   52.6812
5.4000000   51.2244
5.4100000   49.8069
5.4200000   48.4278
5.4300000   47.086
5.4400000   45.7804
5.4500000   44.5101
5.4600000   43.2741
5.4700000   42.0716
5.4800000   40.9015
5.4900000   39.763
5.5000000   38.6552
5.5100000   37.5775
5.5200000   36.5288
5.5300000   35.5084
5.5400000   34.5156
5.5500000   33.5496
5.5600000   32.6098
5.5700000   31.6953
5.5800000   30.8056
5.5900000   29.9399
5.6000000   29.0976
5.6100000   28.2782
5.6200000   27.4808
5.6300000   26.7051
5.6400000   25.9505
5.6500000   25.2162
5.6600000   24.5019
5.6700000   23.8068
5.6800000   23.1307
5.6900000   22.4729
5.7000000   21.833
5.7100000   21.2105
5.7200000   20.605
5.7300000   20.0159
5.7400000   19.4428
5.7500000   18.8854
5.7600000   18.3432
5.7700000   17.8158
5.7800000   17.3027
5.7900000   16.8038
5.8000000   16.3185
5.8100000   15.8465
5.8200000   15.3874
5.8300000   14.9409
5.8400000   14.5067
5.8500000   14.0845
5.8600000   13.6739
5.8700000   13.2746
5.8800000   12.8864
5.8900000   12.5089
5.9000000   12.1419
5.9100000   11.785
5.9200000   11.438
5.9300000   11.1007
5.9400000   10.7728
5.9500000   10.4542
5.9600000   10.1443
5.9700000   9.84318
5.9800000   9.55047
5.9900000   9.26601
6.0000000   8.98959
6.0100000   8.72092
6.0200000   8.45989
6.0300000   8.20621
6.0400000   7.95977
6.0500000   7.72037
6.0600000   7.48772
6.0700000   7.2618
6.0800000   7.04232
6.0900000   6.82918
6.1000000   6.62218
6.1100000   6.42121
6.1200000   6.22598
6.1300000   6.03649
6.1400000   5.85242
6.1500000   5.6738
6.1600000   5.5004
6.1700000   5.33213
6.1800000   5.1688
6.1900000   5.01029
6.2000000   4.85651
6.2100000   4.70736
6.2200000   4.56264
6.2300000   4.42224
6.2400000   4.28607
6.2500000   4.15403
6.2600000   4.026
6.2700000   3.9019
6.2800000   3.78162
6.2900000   3.66497
6.3000000   3.55193
6.3100000   3.44252
6.3200000   3.33642
6.3300000   3.23364
6.3400000   3.13418
6.3500000   3.03774
6.3600000   2.94451
6.3700000   2.8542
6.3800000   2.7668
6.3900000   2.68222
6.4000000   2.60045
6.4100000   2.52129
6.4200000   2.44474
6.4300000   2.37081
6.4400000   2.29928
6.4500000   2.23017
6.4600000   2.16346
6.4700000   2.09897
6.4800000   2.03668
6.4900000   1.9766
6.5000000   1.91862
6.5100000   1.86265
6.5200000   1.80869
6.5300000   1.75663
6.5400000   1.70647
6.5500000   1.65822
6.5600000   1.61167
6.5700000   1.56682
6.5800000   1.52377
6.5900000   1.48222
6.6000000   1.44238
6.6100000   1.40403
6.6200000   1.36718
6.6300000   1.33183
6.6400000   1.29788
6.6500000   1.26543
6.6600000   1.23417
6.6700000   1.20431
6.6800000   1.17564
6.6900000   1.14827
6.7000000   1.12219
6.7100000   1.09711
6.7200000   1.07332
6.7300000   1.05052
6.7400000   1.02882
6.7500000   1.0082
6.7600000   0.988578
6.7700000   0.969945
6.7800000   0.952302
6.7900000   0.935548
6.8000000   0.919683
6.8100000   0.904707
6.8200000   0.890518
6.8300000   0.877217
6.8400000   0.864802
6.8500000   0.853074
6.8600000   0.842031
6.8700000   0.831874
6.8800000   0.822302
6.8900000   0.813513
6.9000000   0.805309
6.9100000   0.797788
6.9200000   0.79095
6.9300000   0.784694
6.9400000   0.77902
6.9500000   0.773927
6.9600000   0.769316
6.9700000   0.765385
6.9800000   0.761833
6.9900000   0.758862
7.0000000   0.756369
7.0100000   0.754356
7.0200000   0.75282
7.0300000   0.751662
7.0400000   0.750982
7.0500000   0.750778
7.0600000   0.750851
7.0700000   0.7514
7.0800000   0.752324
7.0900000   0.753524
7.1000000   0.755198
7.1100000   0.757147
7.1200000   0.759469
7.1300000   0.762065
7.1400000   0.764934
7.1500000   0.768176
7.1600000   0.77159
7.1700000   0.775376
7.1800000   0.779433
7.1900000   0.783662
7.2000000   0.788261
7.2100000   0.79303
7.2200000   0.79797
7.2300000   0.803178
7.2400000   0.808656
7.2500000   0.814203
7.2600000   0.820018
7.2700000   0.826101
7.2800000   0.832251
7.2900000   0.838569
7.3000000   0.845153
7.3100000   0.851805
7.3200000   0.858622
7.3300000   0.865605
7.3400000   0.872653
7.3500000   0.879967
7.3600000   0.887345
7.3700000   0.894788
7.3800000   0.902394
7.3900000   0.910065
7.4000000   0.917898
7.4100000   0.925795
7.4200000   0.933854
7.4300000   0.941875
7.4400000   0.950059
7.4500000   0.958304
7.4600000   0.96661
7.4700000   0.974978
7.4800000   0.983506
7.4900000   0.991994
7.5000000   1.00054
7.5100000   1.00915
7.5200000   1.01782
7.5300000   1.02654
7.5400000   1.03533
7.5500000   1.04407
7.5600000   1.05288
7.5700000   1.06174
7.5800000   1.07065
7.5900000   1.07953
7.6000000   1.08846
7.6100000   1.09745
7.6200000   1.10639
7.6300000   1.11539
7.6400000   1.12435
7.6500000   1.13336
7.6600000   1.14232
7.6700000   1.15134
7.6800000   1.16032
7.6900000   1.16935
7.7000000   1.17834
7.7100000   1.18737
7.7200000   1.19626
7.7300000   1.20531
7.7400000   1.21421
7.7500000   1.22316
7.7600000   1.23206
7.7700000   1.24101
7.7800000   1.24992
7.7900000   1.25878
7.8000000   1.26759
7.8100000   1.27635
7.8200000   1.28516
7.8300000   1.29392
7.8400000   1.30263
7.8500000   1.31139
7.8600000   1.32
7.8700000   1.32866
7.8800000   1.33727
7.8900000   1.34583
7.9000000   1.35434
7.9100000   1.3629
7.9200000   1.3713
7.9300000   1.37975
7.9400000   1.38805
7.9500000   1.3964
7.9600000   1.4047
7.9700000   1.41294
7.9800000   1.42113
7.9900000   1.42926
8.0000000   1.43745
8.0100000   1.44547
8.0200000   1.45345
8.0300000   1.46147
8.0400000   1.46933
8.0500000   1.47724
8.0600000   1.4851
8.0700000   1.4928
8.0800000   1.50054
8.0900000   1.50823
8.1000000   1.51586
8.1100000   1.52344
8.1200000   1.53096
8.1300000   1.53842
8.1400000   1.54583
8.1500000   1.55318
8.1600000   1.56047
8.1700000   1.56771
8.1800000   1.57488
8.1900000   1.582
8.2000000   1.58907
8.2100000   1.59617
8.2200000   1.60312
8.2300000   1.61
8.2400000   1.61693
8.2500000   1.6237
8.2600000   1.63041
8.2700000   1.63716
8.2800000   1.64375
8.2900000   1.65038
8.3000000   1.65685
8.3100000   1.66336
8.3200000   1.66971
8.3300000   1.6761
8.3400000   1.68243
8.3500000   1.68869
8.3600000   1.6948
8.3700000   1.70095
8.3800000   1.70703
8.3900000   1.71305
8.4000000   1.71901
8.4100000   1.72491
8.4200000   1.73075
8.4300000   1.73652
8.4400000   1.74223
8.4500000   1.74798
8.4600000   1.75356
8.4700000   1.75908
8.4800000   1.76464
8.4900000   1.77004
8.5000000   1.77547
8.5100000   1.78084
8.5200000   1.78604
8.5300000   1.79128
8.5400000   1.79645
8.5500000   1.80157
8.5600000   1.80661
8.5700000   1.81169
8.5800000   1.81661
8.5900000   1.82156
8.6000000   1.82635
8.6100000   1.83117
8.6200000   1.83592
8.6300000   1.84061
8.6400000   1.84523
8.6500000   1.84979
8.6600000   1.85428
8.6700000   1.8588
8.6800000   1.86316
8.6900000   1.86755
8.7000000   1.87187
8.7100000   1.87613
8.7200000   1.88032
8.7300000   1.88444
8.7400000   1.8886
8.7500000   1.89268
8.7600000   1.8966
8.7700000   1.90066
8.7800000   1.90454
8.7900000   1.90835
8.8000000   1.9122
8.8100000   1.91588
8.8200000   1.91959
8.8300000   1.92333
8.8400000   1.9269
8.8500000   1.9305
8.8600000   1.93394
8.8700000   1.9374
8.8800000   1.9409
8.8900000   1.94422
8.9000000   1.94758
8.9100000   1.95086
8.9200000   1.95408
8.9300000   1.95722
8.9400000   1.9604
8.9500000   1.9635
8.9600000   1.96654
8.9700000   1.9695
8.9800000   1.97249
8.9900000   1.97541
9.0000000   1.97826
9.0100000   1.98104
9.0200000   1.98385
9.0300000   1.98659
9.0400000   1.98925
9.0500000   1.99194
9.0600000   1.99457
9.0700000   1.99711
9.0800000   1.99959
9.0900000   2.0021
9.1000000   2.00453
9.1100000   2.00689
9.1200000   2.00928
9.1300000   2.01159
9.1400000   2.01383
9.1500000   2.0165
9.1600000   2.0208
9.1700000   2.02502
9.1800000   2.02917
9.1900000   2.03325
9.2000000   2.03725
9.2100000   2.04108
9.2200000   2.04493
9.2300000   2.04871
9.2400000   2.05242
9.2500000   2.05605
9.2600000   2.05961
9.2700000   2.063
9.2800000   2.06641
9.2900000   2.06974
9.3000000   2.07311
9.3100000   2.07629
9.3200000   2.0794
9.3300000   2.08244
9.3400000   2.0855
9.3500000   2.08839
9.3600000   2.0913
9.3700000   2.09413
9.3800000   2.09689
9.3900000   2.09958
9.4000000   2.10219
9.4100000   2.10482
9.4200000   2.10728
9.4300000   2.10976
9.4400000   2.11216
9.4500000   2.11449
9.4600000   2.11674
9.4700000   2.11902
9.4800000   2.12122
9.4900000   2.12334
9.5000000   2.12539
9.5100000   2.12736
9.5200000   2.12935
9.5300000   2.13127
9.5400000   2.1331
9.5500000   2.13497
9.5600000   2.13665
9.5700000   2.13836
9.5800000   2.14008
9.5900000   2.14164
9.6000000   2.14321
9.6100000   2.14471
9.6200000   2.14622
9.6300000   2.14766
9.6400000   2.14903
9.6500000   2.15031
9.6600000   2.15161
9.6700000   2.15284
9.6800000   2.15409
9.6900000   2.15526
9.7000000   2.15635
9.7100000   2.15737
9.7200000   2.1584
9.7300000   2.15946
9.7400000   2.16033
9.7500000   2.16133
9.7600000   2.16215
9.7700000   2.16299
9.7800000   2.16375
9.7900000   2.16453
9.8000000   2.16523
9.8100000   2.16595
9.8200000   2.1666
9.8300000   2.16716
9.8400000   2.16774
9.8500000   2.16824
9.8600000   2.16877
9.8700000   2.16921
9.8800000   2.16967
9.8900000   2.17005
9.9000000   2.17046
9.9100000   2.17078
9.9200000   2.17102
9.9300000   2.17128
9.9400000   2.17156
9.9500000   2.17176
9.9600000   2.17188
9.9700000   2.17202
9.9800000   2.17218
9.9900000   2.17225
10.0000000   2.17225
10.0100000   2.17226
10.0200000   2.1723
10.0300000   2.17225
10.0400000   2.17212
10.0500000   2.17201
10.0600000   2.17192
10.0700000   2.17174
10.0800000   2.17159
10.0900000   2.17135
10.1000000   2.17113
10.1100000   2.17093
10.1200000   2.17055
10.1300000   2.17028
10.1400000   2.16993
10.1500000   2.16961
10.1600000   2.16919
10.1700000   2.1688
10.1800000   2.16832
10.1900000   2.16787
10.2000000   2.16743
10.2100000   2.1669
10.2200000   2.1664
10.2300000   2.16581
10.2400000   2.16524
10.2500000   2.16468
10.2600000   2.16405
10.2700000   2.16343
10.2800000   2.16272
10.2900000   2.16204
10.3000000   2.16137
10.3100000   2.16061
10.3200000   2.15988
10.3300000   2.15916
10.3400000   2.15836
10.3500000   2.15757
10.3600000   2.1567
10.3700000   2.15585
10.3800000   2.15501
10.3900000   2.15409
10.4000000   2.15329
10.4100000   2.1523
10.4200000   2.15143
10.4300000   2.15047
10.4400000   2.14943
10.4500000   2.1485
10.4600000   2.1475
10.4700000   2.1465
10.4800000   2.14543
10.4900000   2.14437
10.5000000   2.14332
10.5100000   2.14219
10.5200000   2.14117
10.5300000   2.13998
10.5400000   2.13889
10.5500000   2.13772
10.5600000   2.13657
10.5700000   2.13543
10.5800000   2.13421
10.5900000   2.133
10.6000000   2.13181
10.6100000   2.13053
10.6200000   2.12927
10.6300000   2.12802
10.6400000   2.12678
10.6500000   2.12547
10.6600000   2.12416
10.6700000   2.12287
10.6800000   2.1215
10.6900000   2.12024
10.7000000   2.11889
10.7100000   2.11746
10.7200000   2.11614
10.7300000   2.11474
10.7400000   2.11335
10.7500000   2.11188
10.7600000   2.11052
10.7700000   2.10907
10.7800000   2.10764
10.7900000   2.10612
10.8000000   2.10472
10.8100000   2.10323
10.8200000   2.10175
10.8300000   2.10019
10.8400000   2.09874
10.8500000   2.0972
10.8600000   2.09568
10.8700000   2.09417
10.8800000   2.09258
10.8900000   2.091
10.9000000   2.08943
10.9100000   2.08787
10.9200000   2.08633
10.9300000   2.08471
10.9400000   2.08309
10.9500000   2.08149
10.9600000   2.0798
10.9700000   2.07823
10.9800000   2.07657
10.9900000   2.07492
11.0000000   2.07328
11.0100000   2.07156
11.0200000   2.06995
11.0300000   2.06825
11.0400000   2.06656
11.0500000   2.06489
11.0600000   2.06313
11.0700000   2.06149
11.0800000   2.05975
11.0900000   2.05803
11.1000000   2.05632
11.1100000   2.05452
11.1200000   2.05284
11.1300000   2.05107
11.1400000   2.04931
11.1500000   2.04756
11.1600000   2.04573
11.1700000   2.044
11.1800000   2.04219
11.1900000   2.04039
11.2000000   2.03861
11.2100000   2.03683
11.2200000   2.03497
11.2300000   2.03312
11.2400000   2.03138
11.2500000   2.02955
11.2600000   2.02764
11.2700000   2.02583
11.2800000   2.02404
11.2900000   2.02216
11.3000000   2.02029
11.3100000   2.01844
11.3200000   2.01659
11.3300000   2.01476
11.3400000   2.01283
11.3500000   2.01092
11.3600000   2.00912
11.3700000   2.00723
11.3800000   2.00526
11.3900000   2.00339
11.4000000   2.00154
11.4100000   1.99959
11.4200000   1.99766
11.4300000   1.99574
11.4400000   1.99383
11.4500000   1.99193
11.4600000   1.99004
11.4700000   1.98807
11.4800000   1.9862
11.4900000   1.98424
11.5000000   1.9823
11.5100000   1.98037
11.5200000   1.97844
11.5300000   1.97643
11.5400000   1.97453
11.5500000   1.97254
11.5600000   1.97056
11.5700000   1.96859
11.5800000   1.96663
11.5900000   1.96468
11.6000000   1.96274
11.6100000   1.96071
11.6200000   1.9588
11.6300000   1.95679
11.6400000   1.95479
11.6500000   1.95281
11.6600000   1.95083
11.6700000   1.94886
11.6800000   1.94681
11.6900000   1.94486
11.7000000   1.94283
11.7100000   1.9409
11.7200000   1.93889
11.7300000   1.93688
11.7400000   1.93489
11.7500000   1.9328
11.7600000   1.93082
11.7700000   1.92886
11.7800000   1.9268
11.7900000   1.92476
11.8000000   1.92282
11.8100000   1.92079
11.8200000   1.91878
11.8300000   1.91677
11.8400000   1.91467
11.8500000   1.91268
11.8600000   1.91061
11.8700000   1.90864
11.8800000   1.90658
11.8900000   1.90453
11.9000000   1.90249
11.9100000   1.90046
11.9200000   1.89844
11.9300000   1.89642
11.9400000   1.89442
11.9500000   1.89233
11.9600000   1.89034
11.9700000   1.88827
11.9800000   1.8862
11.9900000   1.88415
12.0000000   1.8822
12.0100000   1.88006
12.0200000   1.87803
12.0300000   1.87601
12.0400000   1.874
12.0500000   1.8719
12.0600000   1.8699
12.0700000   1.86782
12.0800000   1.86574
12.0900000   1.86378
12.1000000   1.86172
12.1100000   1.85967
12.1200000   1.85763
12.1300000   1.8555
12.1400000   1.85347
12.1500000   1.85146
12.1600000   1.84936
12.1700000   1.84736
12.1800000   1.84527
12.1900000   1.84319
12.2000000   1.84122
12.2100000   1.83916
12.2200000   1.8371
12.2300000   1.83506
12.2400000   1.83302
12.2500000   1.83089
12.2600000   1.82887
12.2700000   1.82686
12.2800000   1.82476
12.2900000   1.82276
12.3000000   1.82067
12.3100000   1.8186
12.3200000   1.81662
12.3300000   1.81456
12.3400000   1.81251
12.3500000   1.81046
12.3600000   1.80842
12.3700000   1.80629
12.3800000   1.80427
12.3900000   1.80226
12.4000000   1.80015
12.4100000   1.79816
12.4200000   1.79607
12.4300000   1.79408
12.4400000   1.79201
12.4500000   1.78994
12.4600000   1.78789
12.4700000   1.78584
12.4800000   1.78379
12.4900000   1.78176
12.5000000   1.77973
12.5100000   1.77771
12.5200000   1.7757
12.5300000   1.7736
12.5400000   1.7716
12.5500000   1.76951
12.5600000   1.76753
12.5700000   1.76546
12.5800000   1.76349
12.5900000   1.76143
12.6000000   1.75938
12.6100000   1.75734
12.6200000   1.7553
12.6300000   1.75328
12.6400000   1.75126
12.6500000   1.74924
12.6600000   1.74724
12.6700000   1.74514
12.6800000   1.74315
12.6900000   1.74116
12.7000000   1.73908
12.7100000   1.73711
12.7200000   1.73505
12.7300000   1.733
12.7400000   1.73105
12.7500000   1.72901
12.7600000   1.72697
12.7700000   1.72495
12.7800000   1.72293
12.7900000   1.72092
12.8000000   1.71891
12.8100000   1.71691
12.8200000   1.71492
12.8300000   1.71294
12.8400000   1.71096
12.8500000   1.70889
12.8600000   1.70693
12.8700000   1.70487
12.8800000   1.70292
12.8900000   1.70088
12.9000000   1.69894
12.9100000   1.69691
12.9200000   1.69489
12.9300000   1.69298
12.9400000   1.69097
12.9500000   1.68896
12.9600000   1.68697
12.9700000   1.68498
12.9800000   1.683
12.9900000   1.68102
13.0000000   1.67906
13.0100000   1.67709
13.0200000   1.67504
13.0300000   1.67309
13.0400000   1.67115
13.0500000   1.66911
13.0600000   1.66718
13.0700000   1.66526
13.0800000   1.66324
13.0900000   1.66123
13.1000000   1.65933
13.1100000   1.65733
13.1200000   1.65544
13.1300000   1.65346
13.1400000   1.65148
13.1500000   1.64951
13.1600000   1.64754
13.1700000   1.64558
13.1800000   1.64363
13.1900000   1.64168
13.2000000   1.63974
13.2100000   1.63781
13.2200000   1.63588
13.2300000   1.63396
13.2400000   1.63205
13.2500000   1.63004
13.2600000   1.62813
13.2700000   1.62624
13.2800000   1.62425
13.2900000   1.62236
13.3000000   1.62038
13.3100000   1.61851
13.3200000   1.61654
13.3300000   1.61458
13.3400000   1.61273
13.3500000   1.61078
13.3600000   1.60884
13.3700000   1.607
13.3800000   1.60507
13.3900000   1.60314
13.4000000   1.60122
13.4100000   1.59931
13.4200000   1.5974
13.4300000   1.5955
13.4400000   1.5936
13.4500000   1.59171
13.4600000   1.58983
13.4700000   1.58795
13.4800000   1.58598
13.4900000   1.58411
13.5000000   1.58225
13.5100000   1.58039
13.5200000   1.57844
13.5300000   1.5766
13.5400000   1.57466
13.5500000   1.57283
13.5600000   1.5709
13.5700000   1.56908
13.5800000   1.56716
13.5900000   1.56535
13.6000000   1.56345
13.6100000   1.56155
13.6200000   1.55975
13.6300000   1.55786
13.6400000   1.55598
13.6500000   1.5541
13.6600000   1.55233
13.6700000   1.55046
13.6800000   1.5486
13.6900000   1.54674
13.7000000   1.54489
13.7100000   1.54305
13.7200000   1.54121
13.7300000   1.53937
13.7400000   1.53754
13.7500000   1.53572
13.7600000   1.5339
13.7700000   1.53199
13.7800000   1.53018
13.7900000   1.52838
13.8000000   1.52658
13.8100000   1.52468
13.8200000   1.5229
13.8300000   1.52111
13.8400000   1.51924
13.8500000   1.51747
13.8600000   1.5156
13.8700000   1.51384
13.8800000   1.51198
13.8900000   1.51023
13.9000000   1.50838
13.9100000   1.50664
13.9200000   1.5048
13.9300000   1.50297
13.9400000   1.50125
13.9500000   1.49942
13.9600000   1.49761
13.9700000   1.4958
13.9800000   1.49409
13.9900000   1.49229
14.0000000   1.49049
14.0100000   1.4887
14.0200000   1.48691
14.0300000   1.48513
14.0400000   1.48336
14.0500000   1.48158
14.0600000   1.47982
14.0700000   1.47805
14.0800000   1.4763
14.0900000   1.47454
14.1000000   1.47279
14.1100000   1.47105
14.1200000   1.46931
14.1300000   1.46758
14.1400000   1.46575
14.1500000   1.46403
14.1600000   1.46231
14.1700000   1.46059
14.1800000   1.45878
14.1900000   1.45708
14.2000000   1.45537
14.2100000   1.45358
14.2200000   1.45189
14.2300000   1.4501
14.2400000   1.44842
14.2500000   1.44664
14.2600000   1.44497
14.2700000   1.4432
14.2800000   1.44153
14.2900000   1.43977
14.3000000   1.43812
14.3100000   1.43637
14.3200000   1.43462
14.3300000   1.43298
14.3400000   1.43124
14.3500000   1.42951
14.3600000   1.42788
14.3700000   1.42616
14.3800000   1.42444
14.3900000   1.42273
14.4000000   1.42112
14.4100000   1.41941
14.4200000   1.41771
14.4300000   1.41601
14.4400000   1.41432
14.4500000   1.41263
14.4600000   1.41094
14.4700000   1.40926
14.4800000   1.40759
14.4900000   1.40592
14.5000000   1.40425
14.5100000   1.40259
14.5200000   1.40093
14.5300000   1.39928
14.5400000   1.39763
14.5500000   1.39598
14.5600000   1.39434
14.5700000   1.3927
14.5800000   1.39107
14.5900000   1.38934
14.6000000   1.38771
14.6100000   1.38609
14.6200000   1.38448
14.6300000   1.38276
14.6400000   1.38116
14.6500000   1.37955
14.6600000   1.37785
14.6700000   1.37626
14.6800000   1.37466
14.6900000   1.37298
14.7000000   1.37139
14.7100000   1.36981
14.7200000   1.36814
14.7300000   1.36656
14.7400000   1.3649
14.7500000   1.36333
14.7600000   1.36167
14.7700000   1.36012
14.7800000   1.35847
14.7900000   1.35692
14.8000000   1.35527
14.8100000   1.35373
14.8200000   1.3521
14.8300000   1.35047
14.8400000   1.34894
14.8500000   1.34731
14.8600000   1.34569
14.8700000   1.34418
14.8800000   1.34256
14.8900000   1.34096
14.9000000   1.33945
14.9100000   1.33785
14.9200000   1.33625
14.9300000   1.33466
14.9400000   1.33307
14.9500000   1.33158
14.9600000   1.33
14.9700000   1.32842
14.9800000   1.32685
14.9900000   1.32528
15.0000000   1.32371
15.0100000   1.32215
15.0200000   1.32069
15.0300000   1.31913
15.0400000   1.31758
15.0500000   1.31603
15.0600000   1.31449
15.0700000   1.31295
15.0800000   1.31141
15.0900000   1.30987
15.1000000   1.30834
15.1100000   1.30682
15.1200000   1.30529
15.1300000   1.30377
15.1400000   1.30216
15.1500000   1.30065
15.1600000   1.29914
15.1700000   1.29763
15.1800000   1.29613
15.1900000   1.29463
15.2000000   1.29314
15.2100000   1.29155
15.2200000   1.29006
15.2300000   1.28858
15.2400000   1.2871
15.2500000   1.28562
15.2600000   1.28405
15.2700000   1.28258
15.2800000   1.28111
15.2900000   1.27955
15.3000000   1.27809
15.3100000   1.27663
15.3200000   1.27508
15.3300000   1.27363
15.3400000   1.27219
15.3500000   1.27064
15.3600000   1.26921
15.3700000   1.26777
15.3800000   1.26624
15.3900000   1.26481
15.4000000   1.26328
15.4100000   1.26186
15.4200000   1.26044
15.4300000   1.25893
15.4400000   1.25752
15.4500000   1.25601
15.4600000   1.2546
15.4700000   1.2531
15.4800000   1.2517
15.4900000   1.25021
15.5000000   1.24871
15.5100000   1.24733
15.5200000   1.24584
15.5300000   1.24446
15.5400000   1.24298
15.5500000   1.2416
15.5600000   1.24013
15.5700000   1.23866
15.5800000   1.23729
15.5900000   1.23583
15.6000000   1.23437
15.6100000   1.23301
15.6200000   1.23156
15.6300000   1.23011
15.6400000   1.22876
15.6500000   1.22732
15.6600000   1.22588
15.6700000   1.22454
15.6800000   1.22311
15.6900000   1.22168
15.7000000   1.22025
15.7100000   1.21882
15.7200000   1.2175
15.7300000   1.21608
15.7400000   1.21467
15.7500000   1.21325
15.7600000   1.21184
15.7700000   1.21054
15.7800000   1.20913
15.7900000   1.20773
15.8000000   1.20634
15.8100000   1.20494
15.8200000   1.20355
15.8300000   1.20216
15.8400000   1.20078
15.8500000   1.19949
15.8600000   1.19811
15.8700000   1.19674
15.8800000   1.19536
15.8900000   1.19399
15.9000000   1.19263
15.9100000   1.19126
15.9200000   1.1899
15.9300000   1.18854
15.9400000   1.18718
15.9500000   1.18583
15.9600000   1.18448
15.9700000   1.18314
15.9800000   1.18179
15.9900000   1.18045
16.0000000   1.17911
16.0100000   1.17778
16.0200000   1.17644
16.0300000   1.17511
16.0400000   1.17369
16.0500000   1.17236
16.0600000   1.17104
16.0700000   1.16972
16.0800000   1.16841
16.0900000   1.1671
16.1000000   1.16579
16.1100000   1.16448
16.1200000   1.16317
16.1300000   1.16177
16.1400000   1.16047
16.1500000   1.15918
16.1600000   1.15789
16.1700000   1.15659
16.1800000   1.15521
16.1900000   1.15392
16.2000000   1.15264
16.2100000   1.15136
16.2200000   1.15008
16.2300000   1.14871
16.2400000   1.14744
16.2500000   1.14617
16.2600000   1.14491
16.2700000   1.14354
16.2800000   1.14228
16.2900000   1.14102
16.3000000   1.13967
16.3100000   1.13842
16.3200000   1.13717
16.3300000   1.13582
16.3400000   1.13458
16.3500000   1.13334
16.3600000   1.132
16.3700000   1.13076
16.3800000   1.12953
16.3900000   1.1282
16.4000000   1.12697
16.4100000   1.12574
16.4200000   1.12442
16.4300000   1.1232
16.4400000   1.12188
16.4500000   1.12066
16.4600000   1.11945
16.4700000   1.11814
16.4800000   1.11693
16.4900000   1.11563
16.5000000   1.11442
16.5100000   1.11312
16.5200000   1.11193
16.5300000   1.11073
16.5400000   1.10944
16.5500000   1.10825
16.5600000   1.10696
16.5700000   1.10578
16.5800000   1.10449
16.5900000   1.10331
16.6000000   1.10204
16.6100000   1.10086
16.6200000   1.09959
16.6300000   1.09842
16.6400000   1.09715
16.6500000   1.09599
16.6600000   1.09472
16.6700000   1.09346
16.6800000   1.09231
16.6900000   1.09105
16.7000000   1.0899
16.7100000   1.08865
16.7200000   1.0875
16.7300000   1.08625
16.7400000   1.08501
16.7500000   1.08387
16.7600000   1.08263
16.7700000   1.0815
16.7800000   1.08026
16.7900000   1.07903
16.8000000   1.0779
16.8100000   1.07668
16.8200000   1.07545
16.8300000   1.07433
16.8400000   1.07311
16.8500000   1.07199
16.8600000   1.07078
16.8700000   1.06957
16.8800000   1.06846
16.8900000   1.06725
16.9000000   1.06604
16.9100000   1.06484
16.9200000   1.06374
16.9300000   1.06254
16.9400000   1.06135
16.9500000   1.06025
16.9600000   1.05906
16.9700000   1.05787
16.9800000   1.05668
16.9900000   1.0556
17.0000000   1.05442
17.0100000   1.05324
17.0200000   1.05206
17.0300000   1.05098
17.0400000   1.04981
17.0500000   1.04864
17.0600000   1.04747
17.0700000   1.0464
17.0800000   1.04524
17.0900000   1.04408
17.1000000   1.04292
17.1100000   1.04176
17.1200000   1.0407
17.1300000   1.03955
17.1400000   1.0384
17.1500000   1.03725
17.1600000   1.0361
17.1700000   1.03506
17.1800000   1.03391
17.1900000   1.03277
17.2000000   1.03164
17.2100000   1.0305
17.2200000   1.02937
17.2300000   1.02823
17.2400000   1.0272
17.2500000   1.02608
17.2600000   1.02495
17.2700000   1.02383
17.2800000   1.02271
17.2900000   1.02159
17.3000000   1.02047
17.3100000   1.01936
17.3200000   1.01834
17.3300000   1.01723
17.3400000   1.01613
17.3500000   1.01502
17.3600000   1.01391
17.3700000   1.01281
17.3800000   1.01171
17.3900000   1.01061
17.4000000   1.00952
17.4100000   1.00842
17.4200000   1.00733
17.4300000   1.00624
17.4400000   1.00516
17.4500000   1.00407
17.4600000   1.00309
17.4700000   1.002
17.4800000   1.00092
17.4900000   0.999847
17.5000000   0.998771
17.5100000   0.997698
17.5200000   0.996626
17.5300000   0.995556
17.5400000   0.994489
17.5500000   0.993423
17.5600000   0.99236
17.5700000   0.991298
17.5800000   0.990238
17.5900000   0.989181
17.6000000   0.988125
17.6100000   0.987071
17.6200000   0.98602
17.6300000   0.98497
17.6400000   0.983822
17.6500000   0.982776
17.6600000   0.981732
17.6700000   0.98069
17.6800000   0.97965
17.6900000   0.978612
17.7000000   0.977576
17.7100000   0.976542
17.7200000   0.975509
17.7300000   0.974479
17.7400000   0.97345
17.7500000   0.972424
17.7600000   0.971399
17.7700000   0.970376
17.7800000   0.969355
17.7900000   0.968236
17.8000000   0.967219
17.8100000   0.966204
17.8200000   0.96519
17.8300000   0.964179
17.8400000   0.963169
17.8500000   0.962162
17.8600000   0.961156
17.8700000   0.960152
17.8800000   0.959049
17.8900000   0.958049
17.9000000   0.95705
17.9100000   0.956054
17.9200000   0.955059
17.9300000   0.954066
17.9400000   0.953075
17.9500000   0.952085
17.9600000   0.950998
17.9700000   0.950012
17.9800000   0.949028
17.9900000   0.948046
18.0000000   0.947066
18.0100000   0.946087
18.0200000   0.945011
18.0300000   0.944036
18.0400000   0.943062
18.0500000   0.942091
18.0600000   0.941122
18.0700000   0.940054
18.0800000   0.939088
18.0900000   0.938123
18.1000000   0.937161
18.1100000   0.9362
18.1200000   0.935141
18.1300000   0.934184
18.1400000   0.933229
18.1500000   0.932275
18.1600000   0.931323
18.1700000   0.930273
18.1800000   0.929324
18.1900000   0.928377
18.2000000   0.927432
18.2100000   0.926389
18.2200000   0.925447
18.2300000   0.924507
18.2400000   0.923569
18.2500000   0.922633
18.2600000   0.921598
18.2700000   0.920665
18.2800000   0.919733
18.2900000   0.918804
18.3000000   0.917775
18.3100000   0.916849
18.3200000   0.915924
18.3300000   0.914901
18.3400000   0.91398
18.3500000   0.913061
18.3600000   0.912143
18.3700000   0.911126
18.3800000   0.910212
18.3900000   0.909299
18.4000000   0.908387
18.4100000   0.907378
18.4200000   0.906469
18.4300000   0.905563
18.4400000   0.904558
18.4500000   0.903655
18.4600000   0.902754
18.4700000   0.901754
18.4800000   0.900855
18.4900000   0.899959
18.5000000   0.898964
18.5100000   0.89807
18.5200000   0.897178
18.5300000   0.896288
18.5400000   0.8953
18.5500000   0.894413
18.5600000   0.893527
18.5700000   0.892543
18.5800000   0.891661
18.5900000   0.890781
18.6000000   0.889801
18.6100000   0.888924
18.6200000   0.888048
18.6300000   0.887074
18.6400000   0.886201
18.6500000   0.88523
18.6600000   0.88436
18.6700000   0.883492
18.6800000   0.882525
18.6900000   0.88166
18.7000000   0.880797
18.7100000   0.879835
18.7200000   0.878975
18.7300000   0.878116
18.7400000   0.877159
18.7500000   0.876303
18.7600000   0.875349
18.7700000   0.874496
18.7800000   0.873645
18.7900000   0.872695
18.8000000   0.871847
18.8100000   0.8709
18.8200000   0.870055
18.8300000   0.869212
18.8400000   0.868269
18.8500000   0.867429
18.8600000   0.86649
18.8700000   0.865652
18.8800000   0.864816
18.8900000   0.863881
18.9000000   0.863048
18.9100000   0.862116
18.9200000   0.861286
18.9300000   0.860457
18.9400000   0.85953
18.9500000   0.858704
18.9600000   0.85778
18.9700000   0.856957
18.9800000   0.856036
18.9900000   0.855216
19.0000000   0.854397
19.0100000   0.85348
19.0200000   0.852665
19.0300000   0.85175
19.0400000   0.850938
19.0500000   0.850026
19.0600000   0.849216
19.0700000   0.848408
19.0800000   0.847501
19.0900000   0.846695
19.1000000   0.845791
19.1100000   0.844989
19.1200000   0.844087
19.1300000   0.843287
19.1400000   0.842389
19.1500000   0.841592
19.1600000   0.840696
19.1700000   0.839902
19.1800000   0.839009
19.1900000   0.838217
19.2000000   0.837327
19.2100000   0.836539
19.2200000   0.835751
19.2300000   0.834865
19.2400000   0.834081
19.2500000   0.833198
19.2600000   0.832416
19.2700000   0.831535
19.2800000   0.830756
19.2900000   0.829879
19.3000000   0.829102
19.3100000   0.828227
19.3200000   0.827454
19.3300000   0.826581
19.3400000   0.825811
19.3500000   0.824941
19.3600000   0.824173
19.3700000   0.823306
19.3800000   0.82254
19.3900000   0.821676
19.4000000   0.820913
19.4100000   0.820052
19.4200000   0.819292
19.4300000   0.818433
19.4400000   0.817675
19.4500000   0.816819
19.4600000   0.815964
19.4700000   0.815211
19.4800000   0.814358
19.4900000   0.813607
19.5000000   0.812758
19.5100000   0.812009
19.5200000   0.811162
19.5300000   0.810417
19.5400000   0.809572
19.5500000   0.808829
19.5600000   0.807987
19.5700000   0.807247
19.5800000   0.806408
19.5900000   0.80567
19.6000000   0.804833
19.6100000   0.803997
19.6200000   0.803263
19.6300000   0.80243
19.6400000   0.801699
19.6500000   0.800869
19.6600000   0.800139
19.6700000   0.799312
19.6800000   0.798585
19.6900000   0.79776
19.7000000   0.796936
19.7100000   0.796213
19.7200000   0.795392
19.7300000   0.794671
19.7400000   0.793852
19.7500000   0.793135
19.7600000   0.792318
19.7700000   0.791503
19.7800000   0.790789
19.7900000   0.789976
19.8000000   0.789264
19.8100000   0.788454
19.8200000   0.787745
19.8300000   0.786937
19.8400000   0.78613
19.8500000   0.785425
19.8600000   0.78462
19.8700000   0.783917
19.8800000   0.783116
19.8900000   0.782315
19.9000000   0.781616
19.9100000   0.780817
19.9200000   0.78012
19.9300000   0.779325
19.9400000   0.77853
19.9500000   0.777836
19.9600000   0.777044
19.9700000   0.776353
19.9800000   0.775563
19.9900000   0.774775
20.0000000   0.774087
20.0100000   0.773301
20.0200000   0.772616
20.0300000   0.771832
20.0400000   0.771049
20.0500000   0.770368
20.0600000   0.769587
20.0700000   0.768908
20.0800000   0.76813
20.0900000   0.767353
