   2.0000000000000000                0   1.8654961982699689     
   2.0000000000000000                1   2.8119617044464320     
   2.0000000000000000                2   3.1556409370855927     
   2.0000000000000000                3   3.1644272774475821     
   2.0000000000000000                4   3.2532391570968461E-002
   2.0000000000000000                5   8.2990683495098895E-003
   2.0000000000000000                6   3.3309494988014855E-003
 
   2.1000000000000001                0   1.8248517804775002     
   2.1000000000000001                1   2.7837097020852872     
   2.1000000000000001                2   3.1468777217418222     
   2.1000000000000001                3   3.1635582134630376     
   2.1000000000000001                4   3.7210876560824363E-002
   2.1000000000000001                5   9.1835935059718047E-003
   2.1000000000000001                6   3.6779442977504300E-003
 
   2.2000000000000002                0   1.7851810594354127     
   2.2000000000000002                1   2.7556158833241828     
   2.2000000000000002                2   3.1374463590507524     
   2.2000000000000002                3   3.1623632094723177     
   2.2000000000000002                4   4.2499119300702909E-002
   2.2000000000000002                5   1.0117094346048374E-002
   2.2000000000000002                6   4.0432301209723260E-003
 
   2.3000000000000003                0   1.7464259577299770     
   2.3000000000000003                1   2.7277054109687877     
   2.3000000000000003                2   3.1274060751945663     
   2.3000000000000003                3   3.1608432490375975     
   2.3000000000000003                4   4.8498074469190584E-002
   2.3000000000000003                5   1.1100583544133513E-002
   2.3000000000000003                6   4.4266139060686249E-003
 
   2.4000000000000004                0   1.7085340323431426     
   2.4000000000000004                1   2.6999977741744008     
   2.4000000000000004                2   3.1168120884726767     
   2.4000000000000004                3   3.1590014013380179     
   2.4000000000000004                4   5.5331417506381673E-002
   2.4000000000000004                5   1.2135403194294592E-002
   2.4000000000000004                6   4.8278183993433798E-003
 
   2.5000000000000000                0   1.6714577819500760     
   2.5000000000000000                1   2.6725080647852613     
   2.5000000000000000                2   3.1057155412220454     
   2.5000000000000000                3   3.1568424692345958     
   2.5000000000000000                4   6.3152441869938056E-002
   2.5000000000000000                5   1.3222987573804230E-002
   2.5000000000000000                6   5.2467158755036634E-003
 
   2.6000000000000001                0   1.6351539558889983     
   2.6000000000000001                1   2.6452478950522726     
   2.6000000000000001                2   3.0941636955887204     
   2.6000000000000001                3   3.1543725345104265     
   2.6000000000000001                4   7.2153488728625648E-002
   2.6000000000000001                5   1.4364666970058162E-002
   2.6000000000000001                6   5.6834297996381867E-003
 
   2.6999999999999997                0   1.5995829295724211     
   2.6999999999999997                1   2.6182260209443466     
   2.6999999999999997                2   3.0822002354788238     
   2.6999999999999997                3   3.1515985507819186     
   2.6999999999999997                4   8.2578873095904323E-002
   2.6999999999999997                5   1.5561610477969046E-002
   2.6999999999999997                6   6.1382842768713435E-003
 
   2.7999999999999998                0   1.5647081999749319     
   2.7999999999999998                1   2.5914487776471531     
   2.7999999999999998                2   3.0698655440849354     
   2.7999999999999998                3   3.1485280781075669     
   2.7999999999999998                4   9.4742970429113463E-002
   2.7999999999999998                5   1.6814905923355529E-002
   2.7999999999999998                6   6.6116640505913676E-003
 
   2.8999999999999999                0   1.5304960168345725     
   2.8999999999999999                1   2.5649204292709133     
   2.8999999999999999                2   3.0571968993902190     
   2.8999999999999999                3   3.1451691650437619     
   2.8999999999999999                4  0.10905621659181822     
   2.8999999999999999                5   1.8125705505423414E-002
   2.8999999999999999                6   7.1038753867589278E-003
 
   3.0000000000000000                0   1.4969151260478395     
   3.0000000000000000                1   2.5386434972778131     
   3.0000000000000000                2   3.0442285998625578     
   3.0000000000000000                3   3.1415303185492238     
   3.0000000000000000                4  0.12606348883630822     
   3.0000000000000000                5   1.9495352021276311E-002
   3.0000000000000000                6   7.6150745541548881E-003
 
   3.1000000000000001                0   1.4639365805110580     
   3.1000000000000001                1   2.5126190875084395     
   3.1000000000000001                2   3.0309920691654320     
   3.1000000000000001                3   3.1376204849462872     
   3.1000000000000001                4  0.14650220005265643     
   3.1000000000000001                5   2.0925431136652392E-002
   3.1000000000000001                6   8.1452824353396222E-003
 
   3.2000000000000002                0   1.4315335735160604     
   3.2000000000000002                1   2.4868472022526849     
   3.2000000000000002                2   3.0175159880146509     
   3.2000000000000002                3   3.1334489886977042     
   3.2000000000000002                4  0.17139243388285283     
   3.2000000000000002                5   2.2417743577666193E-002
   3.2000000000000002                6   8.6944602089976935E-003
 
   3.3000000000000003                0   1.3996812653104649     
   3.3000000000000003                1   2.4613270111797863     
   3.3000000000000003                2   3.0038264765678058     
   3.3000000000000003                3   3.1290254163460136     
   3.3000000000000003                4  0.20218050199024071     
   3.3000000000000003                5   2.3974228746995379E-002
   3.3000000000000003                6   9.2625998552864301E-003
 
   3.4000000000000004                0   1.3683565942190559     
   3.4000000000000004                1   2.4360570604770673     
   3.4000000000000004                2   2.9899473210652490     
   3.4000000000000004                3   3.1243594674237283     
   3.4000000000000004                4  0.24097390526416382     
   3.4000000000000004                5   2.5596886043992201E-002
   3.4000000000000004                6   9.8497874869646878E-003
 
   3.5000000000000000                0   1.3375380807319370     
   3.5000000000000000                1   2.4110354148611739     
   3.5000000000000000                2   2.9759002182821597     
   3.5000000000000000                3   3.1194608094443694     
   3.5000000000000000                4  0.29093595201356098     
   3.5000000000000000                5   2.7287730724683067E-002
   3.5000000000000000                6   1.0456218265730415E-002
 
   3.5999999999999996                0   1.3072056413560436     
   3.5999999999999996                1   2.3862597431458963     
   3.5999999999999996                2   2.9617050065613268     
   3.5999999999999996                3   3.1143389686204541     
   3.5999999999999996                4  0.35696018732473972     
   3.5999999999999996                5   2.9048798708333719E-002
   3.5999999999999996                6   1.1082166175589329E-002
 
   3.6999999999999997                0   1.2773404281697833     
   3.6999999999999997                1   2.3617273678035611     
   3.6999999999999997                2   2.9473798604584229     
   3.6999999999999997                3   3.1090032707726043     
   3.6999999999999997                4  0.44681218612048923     
   3.6999999999999997                5   3.0882191732847605E-002
   3.6999999999999997                6   1.1727929314531600E-002
 
   3.8000000000000003                0   1.2479247029880334     
   3.8000000000000003                1   2.3374353006992008     
   3.8000000000000003                2   2.9329414408901271     
   3.8000000000000003                3   3.1034628273148868     
   3.8000000000000003                4  0.57288694896592696     
   3.8000000000000003                5   3.2790139838727035E-002
   3.8000000000000003                6   1.2393776685527890E-002
 
   3.8999999999999995                0   1.2189417459092926     
   3.8999999999999995                1   2.3133802817156166     
   3.8999999999999995                2   2.9184050068806000     
   3.8999999999999995                3   3.0977265480909200     
   3.8999999999999995                4  0.75384710957096712     
   3.8999999999999995                5   3.4775056313582901E-002
   3.8999999999999995                6   1.3079916667531577E-002
 
   4.0000000000000000                0   1.1903757904311552     
   4.0000000000000000                1   2.2895588280941053     
   4.0000000000000000                2   2.9037845036006678     
   4.0000000000000000                3   3.0918031592569708     
   4.0000000000000000                4   1.0108916021109009     
   4.0000000000000000                5   3.6839568089856195E-002
   4.0000000000000000                6   1.3786495237553261E-002
 
   4.0999999999999996                0   1.1622119735355059     
   4.0999999999999996                1   2.2659672935538433     
   4.0999999999999996                2   2.8890926429825714     
   4.0999999999999996                3   3.0857012093828833     
   4.0999999999999996                4   1.3440519185237203     
   4.0999999999999996                5   3.8986517275175547E-002
   4.0999999999999996                6   1.4513619604604469E-002
 
   4.2000000000000002                0   1.1344362894107538     
   4.2000000000000002                1   2.2426019303453018     
   4.2000000000000002                2   2.8743409890088949     
   4.2000000000000002                3   3.0794290567496012     
   4.2000000000000002                4   1.6972311381115999     
   4.2000000000000002                5   4.1218941183633069E-002
   4.2000000000000002                6   1.5261394573567615E-002
 
   4.3000000000000007                0   1.1070355389614850     
   4.3000000000000007                1   2.2194589454536535     
   4.3000000000000007                2   2.8595400525748915     
   4.3000000000000007                3   3.0729948402065981     
   4.3000000000000007                4   1.9938261368612284     
   4.3000000000000007                5   4.3540044752691368E-002
   4.3000000000000007                6   1.6029956896937227E-002
 
   4.4000000000000004                0   1.0799972720167224     
   4.4000000000000004                1   2.1965345436705270     
   4.4000000000000004                2   2.8446993938735163     
   4.4000000000000004                3   3.0664064429796758     
   4.4000000000000004                4   2.2090082406747511     
   4.4000000000000004                5   4.5953179664534730E-002
   4.4000000000000004                6   1.6819496144139620E-002
 
   4.5000000000000000                0   1.0533097237468647     
   4.5000000000000000                1   2.1738249542223373     
   4.5000000000000000                2   2.8298277256068460     
   4.5000000000000000                3   3.0596714601762680     
   4.5000000000000000                4   2.3585107478475740     
   4.5000000000000000                5   4.8461839832942333E-002
   4.5000000000000000                6   1.7630257247807531E-002
 
   4.6000000000000005                0   1.0269617497096304     
   4.6000000000000005                1   2.1513264416475795     
   4.6000000000000005                2   2.8149330089531661     
   4.6000000000000005                3   3.0527971787916304     
   4.6000000000000005                4   2.4634864505300218     
   4.6000000000000005                5   5.1069676114438384E-002
   4.6000000000000005                6   1.8462526714038172E-002
 
   4.7000000000000002                0   1.0009427649809426     
   4.7000000000000002                1   2.1290353052942330     
   4.7000000000000002                2   2.8000225358630528     
   4.7000000000000002                3   3.0457905739395263     
   4.7000000000000002                4   2.5392590769830132     
   4.7000000000000002                5   5.3780526227166975E-002
   4.7000000000000002                6   1.9316609534776770E-002
 
   4.8000000000000007                0  0.97524269185929824     
   4.8000000000000007                1   2.1069478732927718     
   4.8000000000000007                2   2.7851029944933470     
   4.8000000000000007                3   3.0386583201863018     
   4.8000000000000007                4   2.5955749572122739     
   4.8000000000000007                5   5.6598452003034823E-002
   4.8000000000000007                6   2.0192805519778017E-002
 
   4.9000000000000004                0  0.94985191867317942     
   4.9000000000000004                1   2.0850604967795046     
   4.9000000000000004                2   2.7701805185814079     
   4.9000000000000004                3   3.0314068125937785     
   4.9000000000000004                4   2.6385340116125326     
   4.9000000000000004                5   5.9527775309036329E-002
   4.9000000000000004                6   2.1091392621459225E-002
 
   5.0000000000000000                0  0.92476126955050864     
   5.0000000000000000                1   2.0633695485094474     
   5.0000000000000000                2   2.7552607243858032     
   5.0000000000000000                3   3.0240421907864174     
   5.0000000000000000                4   2.6720272100982290     
   5.0000000000000000                5   6.2573105855794009E-002
   5.0000000000000000                6   2.2012621431501581E-002
 
   5.0999999999999996                0  0.89996198311897235     
   5.0999999999999996                1   2.0418714276659480     
   5.0999999999999996                2   2.7403487404663598     
   5.0999999999999996                3   3.0165703597810496     
   5.0999999999999996                4   2.6986096126219059     
   5.0999999999999996                5   6.5739358260058417E-002
   5.0999999999999996                6   2.2956721033311422E-002
 
   5.2000000000000002                0  0.87544569668231942     
   5.2000000000000002                1   2.0205625703313252     
   5.2000000000000002                2   2.7254492354362041     
   5.2000000000000002                3   3.0089970035318321     
   5.2000000000000002                4   2.7200107230084303     
   5.2000000000000002                5   6.9031759448057270E-002
   5.2000000000000002                6   2.3923912963729588E-002
 
   5.2999999999999998                0  0.85120443220782294     
   5.2999999999999998                1   1.9994394633749437     
   5.2999999999999998                2   2.7105664474810820     
   5.2999999999999998                3   3.0013275901898790     
   5.2999999999999998                4   2.7374352269479099     
   5.2999999999999998                5   7.2455850784523837E-002
   5.2999999999999998                6   2.4914428270341508E-002
 
   5.3999999999999995                0  0.82723058115788328     
   5.3999999999999995                1   1.9784986587214046     
   5.3999999999999995                2   2.6957042174069081     
   5.3999999999999995                3   2.9935673705731358     
   5.3999999999999995                4   2.7517443577485601     
   5.3999999999999995                5   7.6017490438420821E-002
   5.3999999999999995                6   2.5928522378009078E-002
 
   5.5000000000000000                0  0.80351688635457874     
   5.5000000000000000                1   1.9577367850835035     
   5.5000000000000000                2   2.6808660249202778     
   5.5000000000000000                3   2.9857213731821495     
   5.5000000000000000                4   2.7635683218155891     
   5.5000000000000000                5   7.9722861169019082E-002
   5.5000000000000000                6   2.6966483976625339E-002
 
   5.6000000000000005                0  0.78005642050563240     
   5.6000000000000005                1   1.9371505551495158     
   5.6000000000000005                2   2.6660550263025673     
   5.6000000000000005                3   2.9777943995560388     
   5.6000000000000005                4   2.7733779546277391     
   5.6000000000000005                5   8.3578486736057583E-002
   5.6000000000000005                6   2.8028636281091472E-002
 
   5.7000000000000002                0  0.75684256227244018     
   5.7000000000000002                1   1.9167367674123525     
   5.7000000000000002                2   2.6512740908806358     
   5.7000000000000002                3   2.9697910230918465     
   5.7000000000000002                4   2.7815316022729957     
   5.7000000000000002                5   8.7591257915621071E-002
   5.7000000000000002                6   2.9115331318947561E-002
 
   5.7999999999999998                0  0.73386897151373587     
   5.7999999999999998                1   1.8964923031705738     
   5.7999999999999998                2   2.6365258337734536     
   5.7999999999999998                3   2.9617155932361041     
   5.7999999999999998                4   2.7883065545971126     
   5.7999999999999998                5   9.1768466535424503E-002
   5.7999999999999998                6   3.0226939741338870E-002
 
   5.8999999999999995                0  0.71112956564465579     
   5.8999999999999995                1   1.8764141200614015     
   5.8999999999999995                2   2.6218126431190640     
   5.8999999999999995                3   2.9535722451569044     
   5.8999999999999995                4   2.7939205899786836     
   5.8999999999999995                5   9.6117844777527967E-002
   5.8999999999999995                6   3.1363839397972701E-002
 
   6.0000000000000000                0  0.68861849878679149     
   6.0000000000000000                1   1.8564992441497088     
   6.0000000000000000                2   2.6071367010873665     
   6.0000000000000000                3   2.9453649138202165     
   6.0000000000000000                4   2.7985470467958877     
   6.0000000000000000                5  0.10064760625925716     
   6.0000000000000000                6   3.2526405893237804E-002
 
