       0.1000000     875.2339568
       0.1100000     875.2339568
       0.1200000     875.2339568
       0.1300000     875.2339568
       0.1400000     875.2339568
       0.1500000     875.2339568
       0.1600000     875.2339568
       0.1700000     875.2339568
       0.1800000     875.2339568
       0.1900000     875.2339568
       0.2000000     875.2339568
       0.2100000     875.2339568
       0.2200000     875.2339568
       0.2300000     875.2339568
       0.2400000     875.2339568
       0.2500000     875.2339568
       0.2600000     875.2339568
       0.2700000     875.2339568
       0.2800000     875.2339568
       0.2900000     875.2339568
       0.3000000     875.2339568
       0.3100000     875.2339568
       0.3200000     875.2339568
       0.3300000     875.2339568
       0.3400000     875.2339568
       0.3500000     875.2339568
       0.3600000     875.2339568
       0.3700000     875.2339568
       0.3800000     875.2339568
       0.3900000     875.2339568
       0.4000000     875.2339568
       0.4100000     875.2339568
       0.4200000     875.2339568
       0.4300000     875.2339568
       0.4400000     875.2339568
       0.4500000     875.2339568
       0.4600000     875.2339568
       0.4700000     875.2339568
       0.4800000     875.2339568
       0.4900000     875.2339568
       0.5000000     875.2339568
       0.5100000     875.2339568
       0.5200000     875.2339568
       0.5300000     875.2339568
       0.5400000     875.2339568
       0.5500000     875.2339568
       0.5600000     875.2339568
       0.5700000     875.2339568
       0.5800000     875.2339568
       0.5900000     875.2339568
       0.6000000     875.2339568
       0.6100000     875.2339568
       0.6200000     875.2339568
       0.6300000     875.2339568
       0.6400000     875.2339568
       0.6500000     875.2339568
       0.6600000     875.2339568
       0.6700000     875.2339568
       0.6800000     875.2339568
       0.6900000     875.2339568
       0.7000000     875.2339568
       0.7100000     875.2339568
       0.7200000     875.2339568
       0.7300000     875.2339568
       0.7400000     875.2339568
       0.7500000     875.2339568
       0.7600000     875.2339568
       0.7700000     875.2339568
       0.7800000     875.2339568
       0.7900000     875.2339568
       0.8000000     875.2339568
       0.8100000     875.2339568
       0.8200000     875.2339568
       0.8300000     875.2339568
       0.8400000     875.2339568
       0.8500000     875.2339568
       0.8600000     875.2339568
       0.8700000     875.2339568
       0.8800000     875.2339568
       0.8900000     875.2339568
       0.9000000     875.2339568
       0.9100000     875.2339568
       0.9200000     875.2339568
       0.9300000     875.2339568
       0.9400000     875.2339568
       0.9500000     875.2339568
       0.9600000     875.2339568
       0.9700000     875.2339568
       0.9800000     875.2339568
       0.9900000     875.2339568
       1.0000000     875.2339568
       1.0100000     875.2339568
       1.0200000     875.2339568
       1.0300000     875.2339568
       1.0400000     875.2339568
       1.0500000     875.2339568
       1.0600000     875.2339568
       1.0700000     875.2339568
       1.0800000     875.2339568
       1.0900000     875.2339568
       1.1000000     875.2339568
       1.1100000     875.2339568
       1.1200000     875.2339568
       1.1300000     875.2339568
       1.1400000     875.2339568
       1.1500000     875.2339568
       1.1600000     875.2339568
       1.1700000     875.2339568
       1.1800000     875.2339568
       1.1900000     875.2339568
       1.2000000     875.2339568
       1.2100000     875.2339568
       1.2200000     875.2339568
       1.2300000     875.2339568
       1.2400000     875.2339568
       1.2500000     875.2339568
       1.2600000     875.2339568
       1.2700000     875.2339568
       1.2800000     875.2339568
       1.2900000     875.2339568
       1.3000000     875.2339568
       1.3100000     875.2339568
       1.3200000     875.2339568
       1.3300000     875.2339568
       1.3400000     875.2339568
       1.3500000     875.2339568
       1.3600000     875.2339568
       1.3700000     875.2339568
       1.3800000     875.2339568
       1.3900000     875.2339568
       1.4000000     875.2339568
       1.4100000     875.2339568
       1.4200000     875.2339568
       1.4300000     875.2339568
       1.4400000     875.2339568
       1.4500000     875.2339568
       1.4600000     875.2339568
       1.4700000     875.2339568
       1.4800000     875.2339568
       1.4900000     875.2339568
       1.5000000     875.2339568
       1.5100000     875.2339568
       1.5200000     875.2339568
       1.5300000     875.2339568
       1.5400000     875.2339568
       1.5500000     875.2339568
       1.5600000     875.2339568
       1.5700000     875.2339568
       1.5800000     875.2339568
       1.5900000     875.2339568
       1.6000000     875.2339568
       1.6100000     875.2339568
       1.6200000     875.2339568
       1.6300000     875.2339568
       1.6400000     875.2339568
       1.6500000     875.2339568
       1.6600000     875.2339568
       1.6700000     875.2339568
       1.6800000     875.2339568
       1.6900000     875.2339568
       1.7000000     875.2339568
       1.7100000     875.2339568
       1.7200000     875.2339568
       1.7300000     875.2339568
       1.7400000     875.2339568
       1.7500000     875.2339568
       1.7600000     875.2339568
       1.7700000     875.2339568
       1.7800000     875.2339568
       1.7900000     875.2339568
       1.8000000     875.2339568
       1.8100000     875.2339568
       1.8200000     875.2339568
       1.8300000     875.2339568
       1.8400000     875.2339568
       1.8500000     875.2339568
       1.8600000     875.2339568
       1.8700000     875.2339568
       1.8800000     875.2339568
       1.8900000     875.2339568
       1.9000000     875.2339568
       1.9100000     875.2339568
       1.9200000     875.2339568
       1.9300000     875.2339568
       1.9400000     875.2339568
       1.9500000     875.2339568
       1.9600000     875.2339568
       1.9700000     875.2339568
       1.9800000     875.2339568
       1.9900000     875.2339568
       2.0000000     875.2339568
       2.0100000     875.2339568
       2.0200000     875.2339568
       2.0300000     875.2339568
       2.0400000     875.2339568
       2.0500000     875.2339568
       2.0600000     875.2339568
       2.0700000     875.2339568
       2.0800000     875.2339568
       2.0900000     875.2339568
       2.1000000     875.2339568
       2.1100000     875.2339568
       2.1200000     875.2339568
       2.1300000     875.2339568
       2.1400000     875.2339568
       2.1500000     875.2339568
       2.1600000     875.2339568
       2.1700000     875.2339568
       2.1800000     875.2339568
       2.1900000     875.2339568
       2.2000000     875.2339568
       2.2100000     875.2339568
       2.2200000     875.2339568
       2.2300000     875.2339568
       2.2400000     875.2339568
       2.2500000     875.2339568
       2.2600000     875.2339568
       2.2700000     875.2339568
       2.2800000     875.2339568
       2.2900000     875.2339568
       2.3000000     875.2339568
       2.3100000     875.2339568
       2.3200000     875.2339568
       2.3300000     875.2339568
       2.3400000     875.2339568
       2.3500000     875.2339568
       2.3600000     875.2339568
       2.3700000     875.2339568
       2.3800000     875.2339568
       2.3900000     875.2339568
       2.4000000     875.2339568
       2.4100000     875.2339568
       2.4200000     875.2339568
       2.4300000     875.2339568
       2.4400000     875.2339568
       2.4500000     875.2339568
       2.4600000     875.2339568
       2.4700000     875.2339568
       2.4800000     875.2339568
       2.4900000     875.2339568
       2.5000000     875.2339568
       2.5100000     834.1896385
       2.5200000     795.2195267
       2.5300000     758.2112411
       2.5400000     723.0588983
       2.5500000     689.6627124
       2.5600000     657.9286221
       2.5700000     627.7679415
       2.5800000     599.0970343
       2.5900000     571.8370077
       2.6000000     545.9134270
       2.6100000     521.2560476
       2.6200000     497.7985648
       2.6300000     475.4783786
       2.6400000     454.2363741
       2.6500000     434.0167150
       2.6600000     414.7666506
       2.6700000     396.4363349
       2.6800000     378.9786559
       2.6900000     362.3490771
       2.7000000     346.5054872
       2.7100000     331.4080602
       2.7200000     317.0191236
       2.7300000     303.3030345
       2.7400000     290.2260633
       2.7500000     277.7562850
       2.7600000     265.8634761
       2.7700000     254.5190186
       2.7800000     243.6958093
       2.7900000     233.3681744
       2.8000000     223.5117896
       2.8100000     214.1036047
       2.8200000     205.1217726
       2.8300000     196.5455826
       2.8400000     188.3553976
       2.8500000     180.5325948
       2.8600000     173.0595104
       2.8700000     165.9193868
       2.8800000     159.0963233
       2.8900000     152.5752294
       2.9000000     146.3417811
       2.9100000     140.3823796
       2.9200000     134.6841121
       2.9300000     129.2347148
       2.9400000     124.0225390
       2.9500000     119.0365174
       2.9600000     114.2661339
       2.9700000     109.7013941
       2.9800000     105.3327980
       2.9900000     101.1513138
       3.0000000      97.1483536
       3.0100000      93.3157501
       3.0200000      89.6457346
       3.0300000      86.1309166
       3.0400000      82.7642638
       3.0500000      79.5390842
       3.0600000      76.4490081
       3.0700000      73.4879720
       3.0800000      70.6502027
       3.0900000      67.9302026
       3.1000000      65.3227357
       3.1100000      62.8228143
       3.1200000      60.4256868
       3.1300000      58.1268255
       3.1400000      55.9219154
       3.1500000      53.8068438
       3.1600000      51.7776900
       3.1700000      49.8307158
       3.1800000      47.9623567
       3.1900000      46.1692131
       3.2000000      44.4480422
       3.2100000      42.7957504
       3.2200000      41.2093858
       3.2300000      39.6861318
       3.2400000      38.2232999
       3.2500000      36.8183239
       3.2600000      35.4687538
       3.2700000      34.1722504
       3.2800000      32.9265797
       3.2900000      31.7296082
       3.3000000      30.5792978
       3.3100000      29.4737014
       3.3200000      28.4109586
       3.3300000      27.3892916
       3.3400000      26.4070011
       3.3500000      25.4624631
       3.3600000      24.5541248
       3.3700000      23.6805015
       3.3800000      22.8401735
       3.3900000      22.0317832
       3.4000000      21.2540319
       3.4100000      20.5056771
       3.4200000      19.7855302
       3.4300000      19.0924538
       3.4400000      18.4253595
       3.4500000      17.7832054
       3.4600000      17.1649942
       3.4700000      16.5697713
       3.4800000      15.9966225
       3.4900000      15.4446724
       3.5000000      14.9130827
       3.5100000      14.4010503
       3.5200000      13.9078060
       3.5300000      13.4326129
       3.5400000      12.9747647
       3.5500000      12.5335848
       3.5600000      12.1084246
       3.5700000      11.6986624
       3.5800000      11.3037023
       3.5900000      10.9229730
       3.6000000      10.5559266
       3.6100000      10.2020377
       3.6200000       9.8608026
       3.6300000       9.5317377
       3.6400000       9.2143797
       3.6500000       8.9082836
       3.6600000       8.6130228
       3.6700000       8.3281875
       3.6800000       8.0533848
       3.6900000       7.7882375
       3.7000000       7.5323833
       3.7100000       7.2854746
       3.7200000       7.0471776
       3.7300000       6.8171717
       3.7400000       6.5951492
       3.7500000       6.3808143
       3.7600000       6.1738831
       3.7700000       5.9740828
       3.7800000       5.7811512
       3.7900000       5.5948366
       3.8000000       5.4148968
       3.8100000       5.2410994
       3.8200000       5.0732208
       3.8300000       4.9110461
       3.8400000       4.7543687
       3.8500000       4.6029901
       3.8600000       4.4567193
       3.8700000       4.3153726
       3.8800000       4.1787734
       3.8900000       4.0467519
       3.9000000       3.9191447
       3.9100000       3.7957945
       3.9200000       3.6765502
       3.9300000       3.5612663
       3.9400000       3.4498028
       3.9500000       3.3420248
       3.9600000       3.2378027
       3.9700000       3.1370116
       3.9800000       3.0395315
       3.9900000       2.9452465
       4.0000000       2.8540454
       4.0100000       2.7658208
       4.0200000       2.6804694
       4.0300000       2.5978918
       4.0400000       2.5179922
       4.0500000       2.4406782
       4.0600000       2.3658609
       4.0700000       2.2934548
       4.0800000       2.2233772
       4.0900000       2.1555486
       4.1000000       2.0898923
       4.1100000       2.0263346
       4.1200000       1.9648042
       4.1300000       1.9052325
       4.1400000       1.8475533
       4.1500000       1.7917029
       4.1600000       1.7376197
       4.1700000       1.6852444
       4.1800000       1.6345199
       4.1900000       1.5853910
       4.2000000       1.5378044
       4.2100000       1.4917090
       4.2200000       1.4470552
       4.2300000       1.4037952
       4.2400000       1.3618830
       4.2500000       1.3212741
       4.2600000       1.2819256
       4.2700000       1.2437961
       4.2800000       1.2068457
       4.2900000       1.1710357
       4.3000000       1.1363290
       4.3100000       1.1026897
       4.3200000       1.0700830
       4.3300000       1.0384754
       4.3400000       1.0078346
       4.3500000       0.9781294
       4.3600000       0.9493296
       4.3700000       0.9214060
       4.3800000       0.8943305
       4.3900000       0.8680760
       4.4000000       0.8426161
       4.4100000       0.8179256
       4.4200000       0.7939799
       4.4300000       0.7707553
       4.4400000       0.7482289
       4.4500000       0.7263787
       4.4600000       0.7051832
       4.4700000       0.6846218
       4.4800000       0.6646746
       4.4900000       0.6453222
       4.5000000       0.6265460
       4.5100000       0.6083279
       4.5200000       0.5906506
       4.5300000       0.5734971
       4.5400000       0.5568511
       4.5500000       0.5406968
       4.5600000       0.5250191
       4.5700000       0.5098032
       4.5800000       0.4950348
       4.5900000       0.4807000
       4.6000000       0.4667856
       4.6100000       0.4532786
       4.6200000       0.4401666
       4.6300000       0.4274374
       4.6400000       0.4150793
       4.6500000       0.4030810
       4.6600000       0.3914316
       4.6700000       0.3801205
       4.6800000       0.3691374
       4.6900000       0.3584723
       4.7000000       0.3481156
       4.7100000       0.3380581
       4.7200000       0.3282906
       4.7300000       0.3188046
       4.7400000       0.3095915
       4.7500000       0.3006432
       4.7600000       0.2919516
       4.7700000       0.2835093
       4.7800000       0.2753086
       4.7900000       0.2673425
       4.8000000       0.2596039
       4.8100000       0.2520861
       4.8200000       0.2447826
       4.8300000       0.2376870
       4.8400000       0.2307931
       4.8500000       0.2240951
       4.8600000       0.2175872
       4.8700000       0.2112637
       4.8800000       0.2051193
       4.8900000       0.1991486
       4.9000000       0.1933468
       4.9100000       0.1877087
       4.9200000       0.1822296
       4.9300000       0.1769049
       4.9400000       0.1717301
       4.9500000       0.1667009
       4.9600000       0.1618130
       4.9700000       0.1570623
       4.9800000       0.1524449
       4.9900000       0.1479569
       5.0000000       0.1435946
       5.0100000       0.1393544
       5.0200000       0.1352328
       5.0300000       0.1312263
       5.0400000       0.1273317
       5.0500000       0.1235458
       5.0600000       0.1198655
       5.0700000       0.1162876
       5.0800000       0.1128095
       5.0900000       0.1094281
       5.1000000       0.1061407
       5.1100000       0.1029448
       5.1200000       0.0998376
       5.1300000       0.0968167
       5.1400000       0.0938796
       5.1500000       0.0910240
       5.1600000       0.0882476
       5.1700000       0.0855481
       5.1800000       0.0829234
       5.1900000       0.0803714
       5.2000000       0.0778900
       5.2100000       0.0754773
       5.2200000       0.0731314
       5.2300000       0.0708503
       5.2400000       0.0686322
       5.2500000       0.0664755
       5.2600000       0.0643784
       5.2700000       0.0623393
       5.2800000       0.0603564
       5.2900000       0.0584284
       5.3000000       0.0565536
       5.3100000       0.0547306
       5.3200000       0.0529579
       5.3300000       0.0512342
       5.3400000       0.0495581
       5.3500000       0.0479283
       5.3600000       0.0463435
       5.3700000       0.0448025
       5.3800000       0.0433040
       5.3900000       0.0418470
       5.4000000       0.0404303
       5.4100000       0.0390527
       5.4200000       0.0377133
       5.4300000       0.0364109
       5.4400000       0.0351445
       5.4500000       0.0339132
       5.4600000       0.0327160
       5.4700000       0.0315520
       5.4800000       0.0304203
       5.4900000       0.0293199
       5.5000000       0.0282501
       5.5100000       0.0272101
       5.5200000       0.0261989
       5.5300000       0.0252159
       5.5400000       0.0242602
       5.5500000       0.0233311
       5.5600000       0.0224280
       5.5700000       0.0215501
       5.5800000       0.0206967
       5.5900000       0.0198671
       5.6000000       0.0190608
       5.6100000       0.0182771
       5.6200000       0.0175153
       5.6300000       0.0167750
       5.6400000       0.0160555
       5.6500000       0.0153562
       5.6600000       0.0146767
       5.6700000       0.0140163
       5.6800000       0.0133746
       5.6900000       0.0127511
       5.7000000       0.0121453
       5.7100000       0.0115567
       5.7200000       0.0109849
       5.7300000       0.0104293
       5.7400000       0.0098896
       5.7500000       0.0093654
       5.7600000       0.0088562
       5.7700000       0.0083617
       5.7800000       0.0078813
       5.7900000       0.0074149
       5.8000000       0.0069619
       5.8100000       0.0065221
       5.8200000       0.0060950
       5.8300000       0.0056804
       5.8400000       0.0052779
       5.8500000       0.0048872
       5.8600000       0.0045080
       5.8700000       0.0041399
       5.8800000       0.0037827
       5.8900000       0.0034361
       5.9000000       0.0030998
       5.9100000       0.0027735
       5.9200000       0.0024569
       5.9300000       0.0021499
       5.9400000       0.0018521
       5.9500000       0.0015634
       5.9600000       0.0012834
       5.9700000       0.0010119
       5.9800000       0.0007487
       5.9900000       0.0004936
       6.0000000       0.0002464
       6.0100000       0.0000068
       6.0200000      -0.0002253
       6.0300000      -0.0004502
       6.0400000      -0.0006680
       6.0500000      -0.0008789
       6.0600000      -0.0010832
       6.0700000      -0.0012809
       6.0800000      -0.0014723
       6.0900000      -0.0016575
       6.1000000      -0.0018367
       6.1100000      -0.0020100
       6.1200000      -0.0021777
       6.1300000      -0.0023398
       6.1400000      -0.0024966
       6.1500000      -0.0026481
       6.1600000      -0.0027945
       6.1700000      -0.0029359
       6.1800000      -0.0030725
       6.1900000      -0.0032044
       6.2000000      -0.0033317
       6.2100000      -0.0034545
       6.2200000      -0.0035730
       6.2300000      -0.0036873
       6.2400000      -0.0037975
       6.2500000      -0.0039037
       6.2600000      -0.0040060
       6.2700000      -0.0041045
       6.2800000      -0.0041993
       6.2900000      -0.0042906
       6.3000000      -0.0043784
       6.3100000      -0.0044627
       6.3200000      -0.0045438
       6.3300000      -0.0046217
       6.3400000      -0.0046964
       6.3500000      -0.0047682
       6.3600000      -0.0048369
       6.3700000      -0.0049028
       6.3800000      -0.0049659
       6.3900000      -0.0050263
       6.4000000      -0.0050840
       6.4100000      -0.0051392
       6.4200000      -0.0051919
       6.4300000      -0.0052421
       6.4400000      -0.0052900
       6.4500000      -0.0053356
       6.4600000      -0.0053789
       6.4700000      -0.0054201
       6.4800000      -0.0054592
       6.4900000      -0.0054962
       6.5000000      -0.0055312
       6.5100000      -0.0055643
       6.5200000      -0.0055955
       6.5300000      -0.0056249
       6.5400000      -0.0056525
       6.5500000      -0.0056783
       6.5600000      -0.0057025
       6.5700000      -0.0057251
       6.5800000      -0.0057460
       6.5900000      -0.0057655
       6.6000000      -0.0057834
       6.6100000      -0.0057999
       6.6200000      -0.0058150
       6.6300000      -0.0058287
       6.6400000      -0.0058411
       6.6500000      -0.0058521
       6.6600000      -0.0058620
       6.6700000      -0.0058706
       6.6800000      -0.0058781
       6.6900000      -0.0058844
       6.7000000      -0.0058895
       6.7100000      -0.0058937
       6.7200000      -0.0058967
       6.7300000      -0.0058988
       6.7400000      -0.0058999
       6.7500000      -0.0059000
       6.7600000      -0.0058992
       6.7700000      -0.0058975
       6.7800000      -0.0058949
       6.7900000      -0.0058915
       6.8000000      -0.0058873
       6.8100000      -0.0058823
       6.8200000      -0.0058766
       6.8300000      -0.0058701
       6.8400000      -0.0058628
       6.8500000      -0.0058549
       6.8600000      -0.0058464
       6.8700000      -0.0058371
       6.8800000      -0.0058273
       6.8900000      -0.0058168
       6.9000000      -0.0058058
       6.9100000      -0.0057942
       6.9200000      -0.0057820
       6.9300000      -0.0057693
       6.9400000      -0.0057561
       6.9500000      -0.0057424
       6.9600000      -0.0057283
       6.9700000      -0.0057136
       6.9800000      -0.0056986
       6.9900000      -0.0056831
       7.0000000      -0.0056672
       7.0100000      -0.0056509
       7.0200000      -0.0056342
       7.0300000      -0.0056172
       7.0400000      -0.0055998
       7.0500000      -0.0055820
       7.0600000      -0.0055640
       7.0700000      -0.0055456
       7.0800000      -0.0055269
       7.0900000      -0.0055080
       7.1000000      -0.0054887
       7.1100000      -0.0054692
       7.1200000      -0.0054494
       7.1300000      -0.0054294
       7.1400000      -0.0054092
       7.1500000      -0.0053887
       7.1600000      -0.0053681
       7.1700000      -0.0053472
       7.1800000      -0.0053261
       7.1900000      -0.0053049
       7.2000000      -0.0052834
       7.2100000      -0.0052618
       7.2200000      -0.0052401
       7.2300000      -0.0052182
       7.2400000      -0.0051961
       7.2500000      -0.0051740
       7.2600000      -0.0051517
       7.2700000      -0.0051292
       7.2800000      -0.0051067
       7.2900000      -0.0050841
       7.3000000      -0.0050613
       7.3100000      -0.0050385
       7.3200000      -0.0050156
       7.3300000      -0.0049926
       7.3400000      -0.0049696
       7.3500000      -0.0049464
       7.3600000      -0.0049232
       7.3700000      -0.0049000
       7.3800000      -0.0048767
       7.3900000      -0.0048534
       7.4000000      -0.0048300
       7.4100000      -0.0048066
       7.4200000      -0.0047831
       7.4300000      -0.0047597
       7.4400000      -0.0047362
       7.4500000      -0.0047127
       7.4600000      -0.0046892
       7.4700000      -0.0046657
       7.4800000      -0.0046421
       7.4900000      -0.0046186
       7.5000000      -0.0045951
       7.5100000      -0.0045716
       7.5200000      -0.0045481
       7.5300000      -0.0045246
       7.5400000      -0.0045011
       7.5500000      -0.0044777
       7.5600000      -0.0044543
       7.5700000      -0.0044309
       7.5800000      -0.0044075
       7.5900000      -0.0043842
       7.6000000      -0.0043609
       7.6100000      -0.0043376
       7.6200000      -0.0043144
       7.6300000      -0.0042912
       7.6400000      -0.0042681
       7.6500000      -0.0042450
       7.6600000      -0.0042220
       7.6700000      -0.0041990
       7.6800000      -0.0041761
       7.6900000      -0.0041532
       7.7000000      -0.0041304
       7.7100000      -0.0041076
       7.7200000      -0.0040850
       7.7300000      -0.0040623
       7.7400000      -0.0040398
       7.7500000      -0.0040173
       7.7600000      -0.0039949
       7.7700000      -0.0039725
       7.7800000      -0.0039502
       7.7900000      -0.0039280
       7.8000000      -0.0039059
       7.8100000      -0.0038839
       7.8200000      -0.0038619
       7.8300000      -0.0038400
       7.8400000      -0.0038182
       7.8500000      -0.0037964
       7.8600000      -0.0037748
       7.8700000      -0.0037532
       7.8800000      -0.0037317
       7.8900000      -0.0037103
       7.9000000      -0.0036890
       7.9100000      -0.0036677
       7.9200000      -0.0036466
       7.9300000      -0.0036255
       7.9400000      -0.0036046
       7.9500000      -0.0035837
       7.9600000      -0.0035629
       7.9700000      -0.0035422
       7.9800000      -0.0035216
       7.9900000      -0.0035011
       8.0000000      -0.0034806
       8.0100000      -0.0034603
       8.0200000      -0.0034401
       8.0300000      -0.0034199
       8.0400000      -0.0033999
       8.0500000      -0.0033799
       8.0600000      -0.0033600
       8.0700000      -0.0033403
       8.0800000      -0.0033206
       8.0900000      -0.0033010
       8.1000000      -0.0032815
       8.1100000      -0.0032621
       8.1200000      -0.0032428
       8.1300000      -0.0032236
       8.1400000      -0.0032045
       8.1500000      -0.0031855
       8.1600000      -0.0031666
       8.1700000      -0.0031478
       8.1800000      -0.0031291
       8.1900000      -0.0031105
       8.2000000      -0.0030920
       8.2100000      -0.0030735
       8.2200000      -0.0030552
       8.2300000      -0.0030370
       8.2400000      -0.0030188
       8.2500000      -0.0030008
       8.2600000      -0.0029829
       8.2700000      -0.0029650
       8.2800000      -0.0029473
       8.2900000      -0.0029296
       8.3000000      -0.0029121
       8.3100000      -0.0028946
       8.3200000      -0.0028773
       8.3300000      -0.0028600
       8.3400000      -0.0028428
       8.3500000      -0.0028257
       8.3600000      -0.0028088
       8.3700000      -0.0027919
       8.3800000      -0.0027751
       8.3900000      -0.0027584
       8.4000000      -0.0027418
       8.4100000      -0.0027253
       8.4200000      -0.0027089
       8.4300000      -0.0026926
       8.4400000      -0.0026764
       8.4500000      -0.0026602
       8.4600000      -0.0026442
       8.4700000      -0.0026283
       8.4800000      -0.0026124
       8.4900000      -0.0025967
       8.5000000      -0.0025810
       8.5100000      -0.0025654
       8.5200000      -0.0025500
       8.5300000      -0.0025346
       8.5400000      -0.0025193
       8.5500000      -0.0025041
       8.5600000      -0.0024890
       8.5700000      -0.0024739
       8.5800000      -0.0024590
       8.5900000      -0.0024441
       8.6000000      -0.0024294
       8.6100000      -0.0024147
       8.6200000      -0.0024001
       8.6300000      -0.0023856
       8.6400000      -0.0023712
       8.6500000      -0.0023569
       8.6600000      -0.0023427
       8.6700000      -0.0023285
       8.6800000      -0.0023145
       8.6900000      -0.0023005
       8.7000000      -0.0022866
       8.7100000      -0.0022728
       8.7200000      -0.0022591
       8.7300000      -0.0022455
       8.7400000      -0.0022319
       8.7500000      -0.0022184
       8.7600000      -0.0022051
       8.7700000      -0.0021917
       8.7800000      -0.0021785
       8.7900000      -0.0021654
       8.8000000      -0.0021523
       8.8100000      -0.0021394
       8.8200000      -0.0021265
       8.8300000      -0.0021136
       8.8400000      -0.0021009
       8.8500000      -0.0020882
       8.8600000      -0.0020757
       8.8700000      -0.0020632
       8.8800000      -0.0020507
       8.8900000      -0.0020384
       8.9000000      -0.0020261
       8.9100000      -0.0020139
       8.9200000      -0.0020018
       8.9300000      -0.0019898
       8.9400000      -0.0019778
       8.9500000      -0.0019659
       8.9600000      -0.0019541
       8.9700000      -0.0019424
       8.9800000      -0.0019307
       8.9900000      -0.0019191
       9.0000000      -0.0019076
       9.0100000      -0.0018962
       9.0200000      -0.0018848
       9.0300000      -0.0018735
       9.0400000      -0.0018623
       9.0500000      -0.0018511
       9.0600000      -0.0018400
       9.0700000      -0.0018290
       9.0800000      -0.0018181
       9.0900000      -0.0018072
       9.1000000      -0.0017964
       9.1100000      -0.0017857
       9.1200000      -0.0017750
       9.1300000      -0.0017644
       9.1400000      -0.0017539
       9.1500000      -0.0017430
       9.1600000      -0.0017305
       9.1700000      -0.0017181
       9.1800000      -0.0017058
       9.1900000      -0.0016936
       9.2000000      -0.0016815
       9.2100000      -0.0016696
       9.2200000      -0.0016577
       9.2300000      -0.0016459
       9.2400000      -0.0016342
       9.2500000      -0.0016226
       9.2600000      -0.0016111
       9.2700000      -0.0015998
       9.2800000      -0.0015885
       9.2900000      -0.0015773
       9.3000000      -0.0015661
       9.3100000      -0.0015551
       9.3200000      -0.0015442
       9.3300000      -0.0015334
       9.3400000      -0.0015226
       9.3500000      -0.0015120
       9.3600000      -0.0015014
       9.3700000      -0.0014909
       9.3800000      -0.0014805
       9.3900000      -0.0014702
       9.4000000      -0.0014600
       9.4100000      -0.0014498
       9.4200000      -0.0014398
       9.4300000      -0.0014298
       9.4400000      -0.0014199
       9.4500000      -0.0014101
       9.4600000      -0.0014004
       9.4700000      -0.0013907
       9.4800000      -0.0013811
       9.4900000      -0.0013716
       9.5000000      -0.0013622
       9.5100000      -0.0013529
       9.5200000      -0.0013436
       9.5300000      -0.0013344
       9.5400000      -0.0013253
       9.5500000      -0.0013162
       9.5600000      -0.0013073
       9.5700000      -0.0012984
       9.5800000      -0.0012895
       9.5900000      -0.0012808
       9.6000000      -0.0012721
       9.6100000      -0.0012635
       9.6200000      -0.0012549
       9.6300000      -0.0012464
       9.6400000      -0.0012380
       9.6500000      -0.0012297
       9.6600000      -0.0012214
       9.6700000      -0.0012132
       9.6800000      -0.0012050
       9.6900000      -0.0011969
       9.7000000      -0.0011889
       9.7100000      -0.0011810
       9.7200000      -0.0011731
       9.7300000      -0.0011652
       9.7400000      -0.0011575
       9.7500000      -0.0011497
       9.7600000      -0.0011421
       9.7700000      -0.0011345
       9.7800000      -0.0011270
       9.7900000      -0.0011195
       9.8000000      -0.0011121
       9.8100000      -0.0011047
       9.8200000      -0.0010974
       9.8300000      -0.0010902
       9.8400000      -0.0010830
       9.8500000      -0.0010759
       9.8600000      -0.0010688
       9.8700000      -0.0010618
       9.8800000      -0.0010548
       9.8900000      -0.0010479
       9.9000000      -0.0010410
       9.9100000      -0.0010342
       9.9200000      -0.0010275
       9.9300000      -0.0010208
       9.9400000      -0.0010141
       9.9500000      -0.0010075
       9.9600000      -0.0010010
       9.9700000      -0.0009945
       9.9800000      -0.0009880
       9.9900000      -0.0009816
      10.0000000      -0.0009753
      10.0100000      -0.0009690
      10.0200000      -0.0009627
      10.0300000      -0.0009565
      10.0400000      -0.0009504
      10.0500000      -0.0009443
      10.0600000      -0.0009382
      10.0700000      -0.0009322
      10.0800000      -0.0009262
      10.0900000      -0.0009203
      10.1000000      -0.0009144
      10.1100000      -0.0009085
      10.1200000      -0.0009028
      10.1300000      -0.0008970
      10.1400000      -0.0008913
      10.1500000      -0.0008856
      10.1600000      -0.0008800
      10.1700000      -0.0008744
      10.1800000      -0.0008689
      10.1900000      -0.0008634
      10.2000000      -0.0008579
      10.2100000      -0.0008525
      10.2200000      -0.0008471
      10.2300000      -0.0008418
      10.2400000      -0.0008365
      10.2500000      -0.0008312
      10.2600000      -0.0008260
      10.2700000      -0.0008208
      10.2800000      -0.0008157
      10.2900000      -0.0008106
      10.3000000      -0.0008055
      10.3100000      -0.0008005
      10.3200000      -0.0007955
      10.3300000      -0.0007905
      10.3400000      -0.0007856
      10.3500000      -0.0007807
      10.3600000      -0.0007759
      10.3700000      -0.0007711
      10.3800000      -0.0007663
      10.3900000      -0.0007616
      10.4000000      -0.0007568
      10.4100000      -0.0007522
      10.4200000      -0.0007475
      10.4300000      -0.0007429
      10.4400000      -0.0007384
      10.4500000      -0.0007338
      10.4600000      -0.0007293
      10.4700000      -0.0007248
      10.4800000      -0.0007204
      10.4900000      -0.0007160
      10.5000000      -0.0007116
      10.5100000      -0.0007073
      10.5200000      -0.0007029
      10.5300000      -0.0006987
      10.5400000      -0.0006944
      10.5500000      -0.0006902
      10.5600000      -0.0006860
      10.5700000      -0.0006818
      10.5800000      -0.0006777
      10.5900000      -0.0006736
      10.6000000      -0.0006695
      10.6100000      -0.0006655
      10.6200000      -0.0006615
      10.6300000      -0.0006575
      10.6400000      -0.0006535
      10.6500000      -0.0006496
      10.6600000      -0.0006457
      10.6700000      -0.0006418
      10.6800000      -0.0006380
      10.6900000      -0.0006341
      10.7000000      -0.0006303
      10.7100000      -0.0006266
      10.7200000      -0.0006228
      10.7300000      -0.0006191
      10.7400000      -0.0006154
      10.7500000      -0.0006118
      10.7600000      -0.0006081
      10.7700000      -0.0006045
      10.7800000      -0.0006009
      10.7900000      -0.0005974
      10.8000000      -0.0005938
      10.8100000      -0.0005903
      10.8200000      -0.0005868
      10.8300000      -0.0005834
      10.8400000      -0.0005799
      10.8500000      -0.0005765
      10.8600000      -0.0005731
      10.8700000      -0.0005697
      10.8800000      -0.0005664
      10.8900000      -0.0005631
      10.9000000      -0.0005598
      10.9100000      -0.0005565
      10.9200000      -0.0005532
      10.9300000      -0.0005500
      10.9400000      -0.0005468
      10.9500000      -0.0005436
      10.9600000      -0.0005405
      10.9700000      -0.0005373
      10.9800000      -0.0005342
      10.9900000      -0.0005311
      11.0000000      -0.0005280
      11.0100000      -0.0005250
      11.0200000      -0.0005219
      11.0300000      -0.0005189
      11.0400000      -0.0005159
      11.0500000      -0.0005129
      11.0600000      -0.0005100
      11.0700000      -0.0005070
      11.0800000      -0.0005041
      11.0900000      -0.0005012
      11.1000000      -0.0004983
      11.1100000      -0.0004955
      11.1200000      -0.0004926
      11.1300000      -0.0004898
      11.1400000      -0.0004870
      11.1500000      -0.0004842
      11.1600000      -0.0004815
      11.1700000      -0.0004787
      11.1800000      -0.0004760
      11.1900000      -0.0004733
      11.2000000      -0.0004706
      11.2100000      -0.0004679
      11.2200000      -0.0004653
      11.2300000      -0.0004627
      11.2400000      -0.0004600
      11.2500000      -0.0004574
      11.2600000      -0.0004549
      11.2700000      -0.0004523
      11.2800000      -0.0004497
      11.2900000      -0.0004472
      11.3000000      -0.0004447
      11.3100000      -0.0004422
      11.3200000      -0.0004397
      11.3300000      -0.0004372
      11.3400000      -0.0004348
      11.3500000      -0.0004324
      11.3600000      -0.0004299
      11.3700000      -0.0004275
      11.3800000      -0.0004252
      11.3900000      -0.0004228
      11.4000000      -0.0004204
      11.4100000      -0.0004181
      11.4200000      -0.0004158
      11.4300000      -0.0004135
      11.4400000      -0.0004112
      11.4500000      -0.0004089
      11.4600000      -0.0004066
      11.4700000      -0.0004044
      11.4800000      -0.0004021
      11.4900000      -0.0003999
      11.5000000      -0.0003977
      11.5100000      -0.0003955
      11.5200000      -0.0003933
      11.5300000      -0.0003912
      11.5400000      -0.0003890
      11.5500000      -0.0003869
      11.5600000      -0.0003848
      11.5700000      -0.0003827
      11.5800000      -0.0003806
      11.5900000      -0.0003785
      11.6000000      -0.0003764
      11.6100000      -0.0003744
      11.6200000      -0.0003723
      11.6300000      -0.0003703
      11.6400000      -0.0003683
      11.6500000      -0.0003663
      11.6600000      -0.0003643
      11.6700000      -0.0003623
      11.6800000      -0.0003604
      11.6900000      -0.0003584
      11.7000000      -0.0003565
      11.7100000      -0.0003545
      11.7200000      -0.0003526
      11.7300000      -0.0003507
      11.7400000      -0.0003488
      11.7500000      -0.0003470
      11.7600000      -0.0003451
      11.7700000      -0.0003432
      11.7800000      -0.0003414
      11.7900000      -0.0003396
      11.8000000      -0.0003377
      11.8100000      -0.0003359
      11.8200000      -0.0003341
      11.8300000      -0.0003323
      11.8400000      -0.0003306
      11.8500000      -0.0003288
      11.8600000      -0.0003271
      11.8700000      -0.0003253
      11.8800000      -0.0003236
      11.8900000      -0.0003219
      11.9000000      -0.0003202
      11.9100000      -0.0003185
      11.9200000      -0.0003168
      11.9300000      -0.0003151
      11.9400000      -0.0003134
      11.9500000      -0.0003118
      11.9600000      -0.0003101
      11.9700000      -0.0003085
      11.9800000      -0.0003069
      11.9900000      -0.0003053
      12.0000000      -0.0003036
      12.0100000      -0.0003021
      12.0200000      -0.0003005
      12.0300000      -0.0002989
      12.0400000      -0.0002973
      12.0500000      -0.0002958
      12.0600000      -0.0002942
      12.0700000      -0.0002927
      12.0800000      -0.0002912
      12.0900000      -0.0002896
      12.1000000      -0.0002881
      12.1100000      -0.0002866
      12.1200000      -0.0002851
      12.1300000      -0.0002837
      12.1400000      -0.0002822
      12.1500000      -0.0002807
      12.1600000      -0.0002793
      12.1700000      -0.0002778
      12.1800000      -0.0002764
      12.1900000      -0.0002750
      12.2000000      -0.0002735
      12.2100000      -0.0002721
      12.2200000      -0.0002707
      12.2300000      -0.0002693
      12.2400000      -0.0002679
      12.2500000      -0.0002666
      12.2600000      -0.0002652
      12.2700000      -0.0002638
      12.2800000      -0.0002625
      12.2900000      -0.0002611
      12.3000000      -0.0002598
      12.3100000      -0.0002585
      12.3200000      -0.0002571
      12.3300000      -0.0002558
      12.3400000      -0.0002545
      12.3500000      -0.0002532
      12.3600000      -0.0002519
      12.3700000      -0.0002507
      12.3800000      -0.0002494
      12.3900000      -0.0002481
      12.4000000      -0.0002469
      12.4100000      -0.0002456
      12.4200000      -0.0002444
      12.4300000      -0.0002431
      12.4400000      -0.0002419
      12.4500000      -0.0002407
      12.4600000      -0.0002395
      12.4700000      -0.0002383
      12.4800000      -0.0002371
      12.4900000      -0.0002359
      12.5000000      -0.0002347
      12.5100000      -0.0002335
      12.5200000      -0.0002323
      12.5300000      -0.0002312
      12.5400000      -0.0002300
      12.5500000      -0.0002289
      12.5600000      -0.0002277
      12.5700000      -0.0002266
      12.5800000      -0.0002254
      12.5900000      -0.0002243
      12.6000000      -0.0002232
      12.6100000      -0.0002221
      12.6200000      -0.0002210
      12.6300000      -0.0002199
      12.6400000      -0.0002188
      12.6500000      -0.0002177
      12.6600000      -0.0002166
      12.6700000      -0.0002156
      12.6800000      -0.0002145
      12.6900000      -0.0002134
      12.7000000      -0.0002124
      12.7100000      -0.0002113
      12.7200000      -0.0002103
      12.7300000      -0.0002093
      12.7400000      -0.0002082
      12.7500000      -0.0002072
      12.7600000      -0.0002062
      12.7700000      -0.0002052
      12.7800000      -0.0002042
      12.7900000      -0.0002032
      12.8000000      -0.0002022
      12.8100000      -0.0002012
      12.8200000      -0.0002002
      12.8300000      -0.0001992
      12.8400000      -0.0001982
      12.8500000      -0.0001973
      12.8600000      -0.0001963
      12.8700000      -0.0001954
      12.8800000      -0.0001944
      12.8900000      -0.0001935
      12.9000000      -0.0001925
      12.9100000      -0.0001916
      12.9200000      -0.0001907
      12.9300000      -0.0001897
      12.9400000      -0.0001888
      12.9500000      -0.0001879
      12.9600000      -0.0001870
      12.9700000      -0.0001861
      12.9800000      -0.0001852
      12.9900000      -0.0001843
      13.0000000      -0.0001834
      13.0100000      -0.0001825
      13.0200000      -0.0001817
      13.0300000      -0.0001808
      13.0400000      -0.0001799
      13.0500000      -0.0001791
      13.0600000      -0.0001782
      13.0700000      -0.0001773
      13.0800000      -0.0001765
      13.0900000      -0.0001757
      13.1000000      -0.0001748
      13.1100000      -0.0001740
      13.1200000      -0.0001731
      13.1300000      -0.0001723
      13.1400000      -0.0001715
      13.1500000      -0.0001707
      13.1600000      -0.0001699
      13.1700000      -0.0001691
      13.1800000      -0.0001683
      13.1900000      -0.0001675
      13.2000000      -0.0001667
      13.2100000      -0.0001659
      13.2200000      -0.0001651
      13.2300000      -0.0001643
      13.2400000      -0.0001635
      13.2500000      -0.0001628
      13.2600000      -0.0001620
      13.2700000      -0.0001612
      13.2800000      -0.0001605
      13.2900000      -0.0001597
      13.3000000      -0.0001590
      13.3100000      -0.0001582
      13.3200000      -0.0001575
      13.3300000      -0.0001568
      13.3400000      -0.0001560
      13.3500000      -0.0001553
      13.3600000      -0.0001546
      13.3700000      -0.0001538
      13.3800000      -0.0001531
      13.3900000      -0.0001524
      13.4000000      -0.0001517
      13.4100000      -0.0001510
      13.4200000      -0.0001503
      13.4300000      -0.0001496
      13.4400000      -0.0001489
      13.4500000      -0.0001482
      13.4600000      -0.0001475
      13.4700000      -0.0001468
      13.4800000      -0.0001462
      13.4900000      -0.0001455
      13.5000000      -0.0001448
      13.5100000      -0.0001441
      13.5200000      -0.0001435
      13.5300000      -0.0001428
      13.5400000      -0.0001422
      13.5500000      -0.0001415
      13.5600000      -0.0001409
      13.5700000      -0.0001402
      13.5800000      -0.0001396
      13.5900000      -0.0001389
      13.6000000      -0.0001383
      13.6100000      -0.0001377
      13.6200000      -0.0001370
      13.6300000      -0.0001364
      13.6400000      -0.0001358
      13.6500000      -0.0001352
      13.6600000      -0.0001345
      13.6700000      -0.0001339
      13.6800000      -0.0001333
      13.6900000      -0.0001327
      13.7000000      -0.0001321
      13.7100000      -0.0001315
      13.7200000      -0.0001309
      13.7300000      -0.0001303
      13.7400000      -0.0001297
      13.7500000      -0.0001291
      13.7600000      -0.0001285
      13.7700000      -0.0001280
      13.7800000      -0.0001274
      13.7900000      -0.0001268
      13.8000000      -0.0001262
      13.8100000      -0.0001257
      13.8200000      -0.0001251
      13.8300000      -0.0001245
      13.8400000      -0.0001240
      13.8500000      -0.0001234
      13.8600000      -0.0001229
      13.8700000      -0.0001223
      13.8800000      -0.0001218
      13.8900000      -0.0001212
      13.9000000      -0.0001207
      13.9100000      -0.0001201
      13.9200000      -0.0001196
      13.9300000      -0.0001191
      13.9400000      -0.0001185
      13.9500000      -0.0001180
      13.9600000      -0.0001175
      13.9700000      -0.0001170
      13.9800000      -0.0001164
      13.9900000      -0.0001159
      14.0000000      -0.0001154
      14.0100000      -0.0001149
      14.0200000      -0.0001144
      14.0300000      -0.0001139
      14.0400000      -0.0001134
      14.0500000      -0.0001129
      14.0600000      -0.0001124
      14.0700000      -0.0001119
      14.0800000      -0.0001114
      14.0900000      -0.0001109
      14.1000000      -0.0001104
      14.1100000      -0.0001099
      14.1200000      -0.0001094
      14.1300000      -0.0001089
      14.1400000      -0.0001085
      14.1500000      -0.0001080
      14.1600000      -0.0001075
      14.1700000      -0.0001070
      14.1800000      -0.0001066
      14.1900000      -0.0001061
      14.2000000      -0.0001056
      14.2100000      -0.0001052
      14.2200000      -0.0001047
      14.2300000      -0.0001043
      14.2400000      -0.0001038
      14.2500000      -0.0001034
      14.2600000      -0.0001029
      14.2700000      -0.0001025
      14.2800000      -0.0001020
      14.2900000      -0.0001016
      14.3000000      -0.0001011
      14.3100000      -0.0001007
      14.3200000      -0.0001003
      14.3300000      -0.0000998
      14.3400000      -0.0000994
      14.3500000      -0.0000990
      14.3600000      -0.0000985
      14.3700000      -0.0000981
      14.3800000      -0.0000977
      14.3900000      -0.0000973
      14.4000000      -0.0000968
      14.4100000      -0.0000964
      14.4200000      -0.0000960
      14.4300000      -0.0000956
      14.4400000      -0.0000952
      14.4500000      -0.0000948
      14.4600000      -0.0000944
      14.4700000      -0.0000940
      14.4800000      -0.0000936
      14.4900000      -0.0000932
      14.5000000      -0.0000928
      14.5100000      -0.0000924
      14.5200000      -0.0000920
      14.5300000      -0.0000916
      14.5400000      -0.0000912
      14.5500000      -0.0000908
      14.5600000      -0.0000904
      14.5700000      -0.0000900
      14.5800000      -0.0000896
      14.5900000      -0.0000893
      14.6000000      -0.0000889
      14.6100000      -0.0000885
      14.6200000      -0.0000881
      14.6300000      -0.0000878
      14.6400000      -0.0000874
      14.6500000      -0.0000870
      14.6600000      -0.0000867
      14.6700000      -0.0000863
      14.6800000      -0.0000859
      14.6900000      -0.0000856
      14.7000000      -0.0000852
      14.7100000      -0.0000848
      14.7200000      -0.0000845
      14.7300000      -0.0000841
      14.7400000      -0.0000838
      14.7500000      -0.0000834
      14.7600000      -0.0000831
      14.7700000      -0.0000827
      14.7800000      -0.0000824
      14.7900000      -0.0000820
      14.8000000      -0.0000817
      14.8100000      -0.0000813
      14.8200000      -0.0000810
      14.8300000      -0.0000807
      14.8400000      -0.0000803
      14.8500000      -0.0000800
      14.8600000      -0.0000797
      14.8700000      -0.0000793
      14.8800000      -0.0000790
      14.8900000      -0.0000787
      14.9000000      -0.0000783
      14.9100000      -0.0000780
      14.9200000      -0.0000777
      14.9300000      -0.0000774
      14.9400000      -0.0000771
      14.9500000      -0.0000767
      14.9600000      -0.0000764
      14.9700000      -0.0000761
      14.9800000      -0.0000758
      14.9900000      -0.0000755
      15.0000000      -0.0000752
      15.0100000      -0.0000749
      15.0200000      -0.0000745
      15.0300000      -0.0000742
      15.0400000      -0.0000739
      15.0500000      -0.0000736
      15.0600000      -0.0000733
      15.0700000      -0.0000730
      15.0800000      -0.0000727
      15.0900000      -0.0000724
      15.1000000      -0.0000721
      15.1100000      -0.0000718
      15.1200000      -0.0000715
      15.1300000      -0.0000712
      15.1400000      -0.0000710
      15.1500000      -0.0000707
      15.1600000      -0.0000704
      15.1700000      -0.0000701
      15.1800000      -0.0000698
      15.1900000      -0.0000695
      15.2000000      -0.0000692
      15.2100000      -0.0000690
      15.2200000      -0.0000687
      15.2300000      -0.0000684
      15.2400000      -0.0000681
      15.2500000      -0.0000678
      15.2600000      -0.0000676
      15.2700000      -0.0000673
      15.2800000      -0.0000670
      15.2900000      -0.0000668
      15.3000000      -0.0000665
      15.3100000      -0.0000662
      15.3200000      -0.0000660
      15.3300000      -0.0000657
      15.3400000      -0.0000654
      15.3500000      -0.0000652
      15.3600000      -0.0000649
      15.3700000      -0.0000646
      15.3800000      -0.0000644
      15.3900000      -0.0000641
      15.4000000      -0.0000639
      15.4100000      -0.0000636
      15.4200000      -0.0000633
      15.4300000      -0.0000631
      15.4400000      -0.0000628
      15.4500000      -0.0000626
      15.4600000      -0.0000623
      15.4700000      -0.0000621
      15.4800000      -0.0000618
      15.4900000      -0.0000616
      15.5000000      -0.0000614
      15.5100000      -0.0000611
      15.5200000      -0.0000609
      15.5300000      -0.0000606
      15.5400000      -0.0000604
      15.5500000      -0.0000601
      15.5600000      -0.0000599
      15.5700000      -0.0000597
      15.5800000      -0.0000594
      15.5900000      -0.0000592
      15.6000000      -0.0000590
      15.6100000      -0.0000587
      15.6200000      -0.0000585
      15.6300000      -0.0000583
      15.6400000      -0.0000580
      15.6500000      -0.0000578
      15.6600000      -0.0000576
      15.6700000      -0.0000573
      15.6800000      -0.0000571
      15.6900000      -0.0000569
      15.7000000      -0.0000567
      15.7100000      -0.0000565
      15.7200000      -0.0000562
      15.7300000      -0.0000560
      15.7400000      -0.0000558
      15.7500000      -0.0000556
      15.7600000      -0.0000554
      15.7700000      -0.0000551
      15.7800000      -0.0000549
      15.7900000      -0.0000547
      15.8000000      -0.0000545
      15.8100000      -0.0000543
      15.8200000      -0.0000541
      15.8300000      -0.0000539
      15.8400000      -0.0000537
      15.8500000      -0.0000534
      15.8600000      -0.0000532
      15.8700000      -0.0000530
      15.8800000      -0.0000528
      15.8900000      -0.0000526
      15.9000000      -0.0000524
      15.9100000      -0.0000522
      15.9200000      -0.0000520
      15.9300000      -0.0000518
      15.9400000      -0.0000516
      15.9500000      -0.0000514
      15.9600000      -0.0000512
      15.9700000      -0.0000510
      15.9800000      -0.0000508
      15.9900000      -0.0000506
      16.0000000      -0.0000504
      16.0100000      -0.0000502
      16.0200000      -0.0000500
      16.0300000      -0.0000498
      16.0400000      -0.0000497
      16.0500000      -0.0000495
      16.0600000      -0.0000493
      16.0700000      -0.0000491
      16.0800000      -0.0000489
      16.0900000      -0.0000487
      16.1000000      -0.0000485
      16.1100000      -0.0000483
      16.1200000      -0.0000481
      16.1300000      -0.0000480
      16.1400000      -0.0000478
      16.1500000      -0.0000476
      16.1600000      -0.0000474
      16.1700000      -0.0000472
      16.1800000      -0.0000471
      16.1900000      -0.0000469
      16.2000000      -0.0000467
      16.2100000      -0.0000465
      16.2200000      -0.0000463
      16.2300000      -0.0000462
      16.2400000      -0.0000460
      16.2500000      -0.0000458
      16.2600000      -0.0000456
      16.2700000      -0.0000455
      16.2800000      -0.0000453
      16.2900000      -0.0000451
      16.3000000      -0.0000450
      16.3100000      -0.0000448
      16.3200000      -0.0000446
      16.3300000      -0.0000445
      16.3400000      -0.0000443
      16.3500000      -0.0000441
      16.3600000      -0.0000440
      16.3700000      -0.0000438
      16.3800000      -0.0000436
      16.3900000      -0.0000435
      16.4000000      -0.0000433
      16.4100000      -0.0000431
      16.4200000      -0.0000430
      16.4300000      -0.0000428
      16.4400000      -0.0000427
      16.4500000      -0.0000425
      16.4600000      -0.0000423
      16.4700000      -0.0000422
      16.4800000      -0.0000420
      16.4900000      -0.0000419
      16.5000000      -0.0000417
      16.5100000      -0.0000416
      16.5200000      -0.0000414
      16.5300000      -0.0000412
      16.5400000      -0.0000411
      16.5500000      -0.0000409
      16.5600000      -0.0000408
      16.5700000      -0.0000406
      16.5800000      -0.0000405
      16.5900000      -0.0000403
      16.6000000      -0.0000402
      16.6100000      -0.0000400
      16.6200000      -0.0000399
      16.6300000      -0.0000397
      16.6400000      -0.0000396
      16.6500000      -0.0000394
      16.6600000      -0.0000393
      16.6700000      -0.0000392
      16.6800000      -0.0000390
      16.6900000      -0.0000389
      16.7000000      -0.0000387
      16.7100000      -0.0000386
      16.7200000      -0.0000384
      16.7300000      -0.0000383
      16.7400000      -0.0000382
      16.7500000      -0.0000380
      16.7600000      -0.0000379
      16.7700000      -0.0000377
      16.7800000      -0.0000376
      16.7900000      -0.0000375
      16.8000000      -0.0000373
      16.8100000      -0.0000372
      16.8200000      -0.0000371
      16.8300000      -0.0000369
      16.8400000      -0.0000368
      16.8500000      -0.0000366
      16.8600000      -0.0000365
      16.8700000      -0.0000364
      16.8800000      -0.0000362
      16.8900000      -0.0000361
      16.9000000      -0.0000360
      16.9100000      -0.0000359
      16.9200000      -0.0000357
      16.9300000      -0.0000356
      16.9400000      -0.0000355
      16.9500000      -0.0000353
      16.9600000      -0.0000352
      16.9700000      -0.0000351
      16.9800000      -0.0000350
      16.9900000      -0.0000348
      17.0000000      -0.0000347
      17.0100000      -0.0000346
      17.0200000      -0.0000345
      17.0300000      -0.0000343
      17.0400000      -0.0000342
      17.0500000      -0.0000341
      17.0600000      -0.0000340
      17.0700000      -0.0000338
      17.0800000      -0.0000337
      17.0900000      -0.0000336
      17.1000000      -0.0000335
      17.1100000      -0.0000334
      17.1200000      -0.0000332
      17.1300000      -0.0000331
      17.1400000      -0.0000330
      17.1500000      -0.0000329
      17.1600000      -0.0000328
      17.1700000      -0.0000326
      17.1800000      -0.0000325
      17.1900000      -0.0000324
      17.2000000      -0.0000323
      17.2100000      -0.0000322
      17.2200000      -0.0000321
      17.2300000      -0.0000320
      17.2400000      -0.0000318
      17.2500000      -0.0000317
      17.2600000      -0.0000316
      17.2700000      -0.0000315
      17.2800000      -0.0000314
      17.2900000      -0.0000313
      17.3000000      -0.0000312
      17.3100000      -0.0000311
      17.3200000      -0.0000309
      17.3300000      -0.0000308
      17.3400000      -0.0000307
      17.3500000      -0.0000306
      17.3600000      -0.0000305
      17.3700000      -0.0000304
      17.3800000      -0.0000303
      17.3900000      -0.0000302
      17.4000000      -0.0000301
      17.4100000      -0.0000300
      17.4200000      -0.0000299
      17.4300000      -0.0000298
      17.4400000      -0.0000297
      17.4500000      -0.0000296
      17.4600000      -0.0000294
      17.4700000      -0.0000293
      17.4800000      -0.0000292
      17.4900000      -0.0000291
      17.5000000      -0.0000290
      17.5100000      -0.0000289
      17.5200000      -0.0000288
      17.5300000      -0.0000287
      17.5400000      -0.0000286
      17.5500000      -0.0000285
      17.5600000      -0.0000284
      17.5700000      -0.0000283
      17.5800000      -0.0000282
      17.5900000      -0.0000281
      17.6000000      -0.0000280
      17.6100000      -0.0000279
      17.6200000      -0.0000278
      17.6300000      -0.0000277
      17.6400000      -0.0000277
      17.6500000      -0.0000276
      17.6600000      -0.0000275
      17.6700000      -0.0000274
      17.6800000      -0.0000273
      17.6900000      -0.0000272
      17.7000000      -0.0000271
      17.7100000      -0.0000270
      17.7200000      -0.0000269
      17.7300000      -0.0000268
      17.7400000      -0.0000267
      17.7500000      -0.0000266
      17.7600000      -0.0000265
      17.7700000      -0.0000264
      17.7800000      -0.0000263
      17.7900000      -0.0000263
      17.8000000      -0.0000262
      17.8100000      -0.0000261
      17.8200000      -0.0000260
      17.8300000      -0.0000259
      17.8400000      -0.0000258
      17.8500000      -0.0000257
      17.8600000      -0.0000256
      17.8700000      -0.0000255
      17.8800000      -0.0000255
      17.8900000      -0.0000254
      17.9000000      -0.0000253
      17.9100000      -0.0000252
      17.9200000      -0.0000251
      17.9300000      -0.0000250
      17.9400000      -0.0000249
      17.9500000      -0.0000248
      17.9600000      -0.0000248
      17.9700000      -0.0000247
      17.9800000      -0.0000246
      17.9900000      -0.0000245
      18.0000000      -0.0000244
      18.0100000      -0.0000243
      18.0200000      -0.0000243
      18.0300000      -0.0000242
      18.0400000      -0.0000241
      18.0500000      -0.0000240
      18.0600000      -0.0000239
      18.0700000      -0.0000239
      18.0800000      -0.0000238
      18.0900000      -0.0000237
      18.1000000      -0.0000236
      18.1100000      -0.0000235
      18.1200000      -0.0000235
      18.1300000      -0.0000234
      18.1400000      -0.0000233
      18.1500000      -0.0000232
      18.1600000      -0.0000231
      18.1700000      -0.0000231
      18.1800000      -0.0000230
      18.1900000      -0.0000229
      18.2000000      -0.0000228
      18.2100000      -0.0000228
      18.2200000      -0.0000227
      18.2300000      -0.0000226
      18.2400000      -0.0000225
      18.2500000      -0.0000224
      18.2600000      -0.0000224
      18.2700000      -0.0000223
      18.2800000      -0.0000222
      18.2900000      -0.0000221
      18.3000000      -0.0000221
      18.3100000      -0.0000220
      18.3200000      -0.0000219
      18.3300000      -0.0000219
      18.3400000      -0.0000218
      18.3500000      -0.0000217
      18.3600000      -0.0000216
      18.3700000      -0.0000216
      18.3800000      -0.0000215
      18.3900000      -0.0000214
      18.4000000      -0.0000213
      18.4100000      -0.0000213
      18.4200000      -0.0000212
      18.4300000      -0.0000211
      18.4400000      -0.0000211
      18.4500000      -0.0000210
      18.4600000      -0.0000209
      18.4700000      -0.0000209
      18.4800000      -0.0000208
      18.4900000      -0.0000207
      18.5000000      -0.0000207
      18.5100000      -0.0000206
      18.5200000      -0.0000205
      18.5300000      -0.0000204
      18.5400000      -0.0000204
      18.5500000      -0.0000203
      18.5600000      -0.0000202
      18.5700000      -0.0000202
      18.5800000      -0.0000201
      18.5900000      -0.0000200
      18.6000000      -0.0000200
      18.6100000      -0.0000199
      18.6200000      -0.0000198
      18.6300000      -0.0000198
      18.6400000      -0.0000197
      18.6500000      -0.0000197
      18.6600000      -0.0000196
      18.6700000      -0.0000195
      18.6800000      -0.0000195
      18.6900000      -0.0000194
      18.7000000      -0.0000193
      18.7100000      -0.0000193
      18.7200000      -0.0000192
      18.7300000      -0.0000191
      18.7400000      -0.0000191
      18.7500000      -0.0000190
      18.7600000      -0.0000190
      18.7700000      -0.0000189
      18.7800000      -0.0000188
      18.7900000      -0.0000188
      18.8000000      -0.0000187
      18.8100000      -0.0000187
      18.8200000      -0.0000186
      18.8300000      -0.0000185
      18.8400000      -0.0000185
      18.8500000      -0.0000184
      18.8600000      -0.0000184
      18.8700000      -0.0000183
      18.8800000      -0.0000182
      18.8900000      -0.0000182
      18.9000000      -0.0000181
      18.9100000      -0.0000181
      18.9200000      -0.0000180
      18.9300000      -0.0000179
      18.9400000      -0.0000179
      18.9500000      -0.0000178
      18.9600000      -0.0000178
      18.9700000      -0.0000177
      18.9800000      -0.0000177
      18.9900000      -0.0000176
      19.0000000      -0.0000175
      19.0100000      -0.0000175
      19.0200000      -0.0000174
      19.0300000      -0.0000174
      19.0400000      -0.0000173
      19.0500000      -0.0000173
      19.0600000      -0.0000172
      19.0700000      -0.0000171
      19.0800000      -0.0000171
      19.0900000      -0.0000170
      19.1000000      -0.0000170
      19.1100000      -0.0000169
      19.1200000      -0.0000169
      19.1300000      -0.0000168
      19.1400000      -0.0000168
      19.1500000      -0.0000167
      19.1600000      -0.0000167
      19.1700000      -0.0000166
      19.1800000      -0.0000166
      19.1900000      -0.0000165
      19.2000000      -0.0000165
      19.2100000      -0.0000164
      19.2200000      -0.0000163
      19.2300000      -0.0000163
      19.2400000      -0.0000162
      19.2500000      -0.0000162
      19.2600000      -0.0000161
      19.2700000      -0.0000161
      19.2800000      -0.0000160
      19.2900000      -0.0000160
      19.3000000      -0.0000159
      19.3100000      -0.0000159
      19.3200000      -0.0000158
      19.3300000      -0.0000158
      19.3400000      -0.0000157
      19.3500000      -0.0000157
      19.3600000      -0.0000156
      19.3700000      -0.0000156
      19.3800000      -0.0000155
      19.3900000      -0.0000155
      19.4000000      -0.0000154
      19.4100000      -0.0000154
      19.4200000      -0.0000153
      19.4300000      -0.0000153
      19.4400000      -0.0000152
      19.4500000      -0.0000152
      19.4600000      -0.0000152
      19.4700000      -0.0000151
      19.4800000      -0.0000151
      19.4900000      -0.0000150
      19.5000000      -0.0000150
      19.5100000      -0.0000149
      19.5200000      -0.0000149
      19.5300000      -0.0000148
      19.5400000      -0.0000148
      19.5500000      -0.0000147
      19.5600000      -0.0000147
      19.5700000      -0.0000146
      19.5800000      -0.0000146
      19.5900000      -0.0000145
      19.6000000      -0.0000145
      19.6100000      -0.0000145
      19.6200000      -0.0000144
      19.6300000      -0.0000144
      19.6400000      -0.0000143
      19.6500000      -0.0000143
      19.6600000      -0.0000142
      19.6700000      -0.0000142
      19.6800000      -0.0000141
      19.6900000      -0.0000141
      19.7000000      -0.0000141
      19.7100000      -0.0000140
      19.7200000      -0.0000140
      19.7300000      -0.0000139
      19.7400000      -0.0000139
      19.7500000      -0.0000138
      19.7600000      -0.0000138
      19.7700000      -0.0000138
      19.7800000      -0.0000137
      19.7900000      -0.0000137
      19.8000000      -0.0000136
      19.8100000      -0.0000136
      19.8200000      -0.0000135
      19.8300000      -0.0000135
      19.8400000      -0.0000135
      19.8500000      -0.0000134
      19.8600000      -0.0000134
      19.8700000      -0.0000133
      19.8800000      -0.0000133
      19.8900000      -0.0000133
      19.9000000      -0.0000132
      19.9100000      -0.0000132
      19.9200000      -0.0000131
      19.9300000      -0.0000131
      19.9400000      -0.0000131
      19.9500000      -0.0000130
      19.9600000      -0.0000130
      19.9700000      -0.0000129
      19.9800000      -0.0000129
      19.9900000      -0.0000129
      20.0000000      -0.0000128
      20.0100000      -0.0000128
      20.0200000      -0.0000127
      20.0300000      -0.0000127
      20.0400000      -0.0000127
      20.0500000      -0.0000126
      20.0600000      -0.0000126
      20.0700000      -0.0000125
      20.0800000      -0.0000125
      20.0900000      -0.0000125
