0.0000000E+00   0.0368383
1.0000000E+00   0.0368156
2.0000000E+00   0.0367476
3.0000000E+00   0.0366346
4.0000000E+00   0.036477
5.0000000E+00   0.0362754
6.0000000E+00   0.0360306
7.0000000E+00   0.0357435
8.0000000E+00   0.0354152
9.0000000E+00   0.0350468
1.0000000E+01   0.0346398
1.1000000E+01   0.0341955
1.2000000E+01   0.0337155
1.3000000E+01   0.0332014
1.4000000E+01   0.0326549
1.5000000E+01   0.0320778
1.6000000E+01   0.0314719
1.7000000E+01   0.030839
1.8000000E+01   0.0301811
1.9000000E+01   0.0295
2.0000000E+01   0.0287977
2.1000000E+01   0.0280761
2.2000000E+01   0.0273372
2.3000000E+01   0.0265828
2.4000000E+01   0.025815
2.5000000E+01   0.0250358
2.6000000E+01   0.024247
2.7000000E+01   0.0234508
2.8000000E+01   0.022649
2.9000000E+01   0.0218439
3.0000000E+01   0.0210374
3.1000000E+01   -0.00494271
3.2000000E+01   -0.00514686
3.3000000E+01   -0.00536703
3.4000000E+01   -0.00560442
3.5000000E+01   -0.0058602
3.6000000E+01   -0.00613553
3.7000000E+01   -0.00643145
3.8000000E+01   -0.00674882
3.9000000E+01   -0.00708821
4.0000000E+01   -0.00744972
4.1000000E+01   -0.00783281
4.2000000E+01   -0.00823605
4.3000000E+01   -0.00865681
4.4000000E+01   -0.00909084
4.5000000E+01   -0.00953176
4.6000000E+01   -0.00997039
4.7000000E+01   -0.0103938
4.8000000E+01   -0.0107842
4.9000000E+01   -0.0111168
5.0000000E+01   -0.011358
5.1000000E+01   -0.0114613
5.2000000E+01   -0.0113632
5.3000000E+01   -0.0109777
5.4000000E+01   -0.0101948
5.5000000E+01   -0.00889612
5.6000000E+01   -0.00703404
5.7000000E+01   -0.00481914
5.8000000E+01   -0.00278596
5.9000000E+01   -0.00132651
6.0000000E+01   -0.000406549
6.1000000E+01   0.000154506
6.2000000E+01   0.000497066
6.3000000E+01   0.000706214
6.4000000E+01   0.000831658
6.5000000E+01   0.000903052
6.6000000E+01   0.00093871
6.7000000E+01   0.000950349
6.8000000E+01   0.000945707
6.9000000E+01   0.000930038
7.0000000E+01   0.000906997
7.1000000E+01   -0.113742
7.2000000E+01   -0.117857
7.3000000E+01   -0.122506
7.4000000E+01   -0.127611
7.5000000E+01   -0.133098
7.6000000E+01   -0.13889
7.7000000E+01   -0.144898
7.8000000E+01   -0.151016
7.9000000E+01   -0.157118
8.0000000E+01   -0.163048
8.1000000E+01   -0.168628
8.2000000E+01   -0.173652
8.3000000E+01   -0.177895
8.4000000E+01   -0.18112
8.5000000E+01   -0.1831
8.6000000E+01   -0.18363
8.7000000E+01   -0.182552
8.8000000E+01   -0.179775
8.9000000E+01   -0.175288
9.0000000E+01   -0.169172
9.1000000E+01   -0.161587
9.2000000E+01   -0.152767
9.3000000E+01   -0.142991
9.4000000E+01   -0.13256
9.5000000E+01   -0.12177
9.6000000E+01   -0.110896
9.7000000E+01   -0.100173
9.8000000E+01   -0.0897899
9.9000000E+01   -0.0798925
1.0000000E+02   -0.0705819
1.0100000E+02   -0.0619228
1.0200000E+02   -0.0539503
1.0300000E+02   -0.0466775
1.0400000E+02   -0.0401025
1.0500000E+02   -0.0342142
1.0600000E+02   -0.028997
1.0700000E+02   -0.0244336
1.0800000E+02   -0.0205051
1.0900000E+02   -0.0171881
1.1000000E+02   0.00692134
1.1100000E+02   0.00817361
1.1200000E+02   0.00954214
1.1300000E+02   0.0109814
1.1400000E+02   0.0124431
1.1500000E+02   0.0138852
1.1600000E+02   0.0152758
1.1700000E+02   0.0165929
1.1800000E+02   0.0178233
1.1900000E+02   0.0189601
1.2000000E+02   0.0200004
1.2100000E+02   0.0209445
1.2200000E+02   0.0217941
1.2300000E+02   0.0225519
1.2400000E+02   0.0232212
1.2500000E+02   0.023805
1.2600000E+02   0.0243064
1.2700000E+02   0.0247282
1.2800000E+02   0.0250727
1.2900000E+02   0.0253419
1.3000000E+02   0.025537
1.3100000E+02   0.025659
1.3200000E+02   0.0257081
1.3300000E+02   0.0256841
1.3400000E+02   0.0255862
1.3500000E+02   0.0254127
1.3600000E+02   0.0251617
1.3700000E+02   0.0248305
1.3800000E+02   0.0244155
1.3900000E+02   0.0239129
1.4000000E+02   0.0233178
1.4100000E+02   0.0226251
1.4200000E+02   0.0218289
1.4300000E+02   0.0209232
1.4400000E+02   0.0199021
1.4500000E+02   0.0187605
1.4600000E+02   0.0174951
1.4700000E+02   0.0161065
1.4800000E+02   0.014602
1.4900000E+02   0.0129998
1.5000000E+02   -0.00882285
1.5100000E+02   -0.0103527
1.5200000E+02   -0.0124268
1.5300000E+02   -0.0152126
1.5400000E+02   -0.0188835
1.5500000E+02   -0.0236107
1.5600000E+02   -0.029578
1.5700000E+02   -0.0370148
1.5800000E+02   -0.04624
1.5900000E+02   -0.0577152
1.6000000E+02   -0.0721221
1.6100000E+02   -0.0904917
1.6200000E+02   -0.114439
1.6300000E+02   -0.14662
1.6400000E+02   -0.191711
1.6500000E+02   -0.258747
1.6600000E+02   -0.367706
1.6700000E+02   -0.573182
1.6800000E+02   -1.09639
1.6900000E+02   -5.00236
1.7000000E+02   2.44339
1.7100000E+02   1.07608
1.7200000E+02   0.729243
1.7300000E+02   0.573354
1.7400000E+02   0.48663
1.7500000E+02   0.433004
1.7600000E+02   0.398073
1.7700000E+02   0.375044
1.7800000E+02   0.360388
1.7900000E+02   0.352218
1.8000000E+02   0.34959
