0.0000000E+00   0.0736766
1.0000000E+00   0.0736312
2.0000000E+00   0.0734952
3.0000000E+00   0.0732692
4.0000000E+00   0.072954
5.0000000E+00   0.0725508
6.0000000E+00   0.0720612
7.0000000E+00   0.071487
8.0000000E+00   0.0708304
9.0000000E+00   0.0700937
1.0000000E+01   0.0692796
1.1000000E+01   0.068391
1.2000000E+01   0.067431
1.3000000E+01   0.0664028
1.4000000E+01   0.0653099
1.5000000E+01   0.0641557
1.6000000E+01   0.0629438
1.7000000E+01   0.0616781
1.8000000E+01   0.0603622
1.9000000E+01   0.0590001
2.0000000E+01   0.0575954
2.1000000E+01   0.0561522
2.2000000E+01   0.0546743
2.3000000E+01   0.0531656
2.4000000E+01   0.0516301
2.5000000E+01   0.0500716
2.6000000E+01   0.048494
2.7000000E+01   0.0469015
2.8000000E+01   0.0452981
2.9000000E+01   0.0436878
3.0000000E+01   0.0420749
3.1000000E+01   -0.00988541
3.2000000E+01   -0.0102937
3.3000000E+01   -0.0107341
3.4000000E+01   -0.0112088
3.5000000E+01   -0.0117204
3.6000000E+01   -0.0122711
3.7000000E+01   -0.0128629
3.8000000E+01   -0.0134976
3.9000000E+01   -0.0141764
4.0000000E+01   -0.0148994
4.1000000E+01   -0.0156656
4.2000000E+01   -0.0164721
4.3000000E+01   -0.0173136
4.4000000E+01   -0.0181817
4.5000000E+01   -0.0190635
4.6000000E+01   -0.0199408
4.7000000E+01   -0.0207876
4.8000000E+01   -0.0215683
4.9000000E+01   -0.0222336
5.0000000E+01   -0.022716
5.1000000E+01   -0.0229227
5.2000000E+01   -0.0227264
5.3000000E+01   -0.0219555
5.4000000E+01   -0.0203895
5.5000000E+01   -0.0177922
5.6000000E+01   -0.0140681
5.7000000E+01   -0.00963828
5.8000000E+01   -0.00557191
5.9000000E+01   -0.00265301
6.0000000E+01   -0.000813097
6.1000000E+01   0.000309013
6.2000000E+01   0.000994132
6.3000000E+01   0.00141243
6.4000000E+01   0.00166332
6.5000000E+01   0.0018061
6.6000000E+01   0.00187742
6.7000000E+01   0.0019007
6.8000000E+01   0.00189141
6.9000000E+01   0.00186008
7.0000000E+01   0.00181399
7.1000000E+01   -0.227483
7.2000000E+01   -0.235715
7.3000000E+01   -0.245013
7.4000000E+01   -0.255222
7.5000000E+01   -0.266196
7.6000000E+01   -0.27778
7.7000000E+01   -0.289796
7.8000000E+01   -0.302033
7.9000000E+01   -0.314235
8.0000000E+01   -0.326097
8.1000000E+01   -0.337257
8.2000000E+01   -0.347304
8.3000000E+01   -0.355789
8.4000000E+01   -0.362241
8.5000000E+01   -0.366201
8.6000000E+01   -0.367261
8.7000000E+01   -0.365105
8.8000000E+01   -0.35955
8.9000000E+01   -0.350577
9.0000000E+01   -0.338343
9.1000000E+01   -0.323174
9.2000000E+01   -0.305534
9.3000000E+01   -0.285982
9.4000000E+01   -0.265119
9.5000000E+01   -0.243541
9.6000000E+01   -0.221792
9.7000000E+01   -0.200345
9.8000000E+01   -0.17958
9.9000000E+01   -0.159785
1.0000000E+02   -0.141164
1.0100000E+02   -0.123846
1.0200000E+02   -0.107901
1.0300000E+02   -0.093355
1.0400000E+02   -0.080205
1.0500000E+02   -0.0684284
1.0600000E+02   -0.057994
1.0700000E+02   -0.0488672
1.0800000E+02   -0.0410103
1.0900000E+02   -0.0343761
1.1000000E+02   0.0138427
1.1100000E+02   0.0163472
1.1200000E+02   0.0190843
1.1300000E+02   0.0219627
1.1400000E+02   0.0248862
1.1500000E+02   0.0277705
1.1600000E+02   0.0305516
1.1700000E+02   0.0331858
1.1800000E+02   0.0356467
1.1900000E+02   0.0379201
1.2000000E+02   0.0400008
1.2100000E+02   0.041889
1.2200000E+02   0.0435882
1.2300000E+02   0.0451039
1.2400000E+02   0.0464423
1.2500000E+02   0.0476099
1.2600000E+02   0.0486128
1.2700000E+02   0.0494564
1.2800000E+02   0.0501454
1.2900000E+02   0.0506837
1.3000000E+02   0.051074
1.3100000E+02   0.051318
1.3200000E+02   0.0514163
1.3300000E+02   0.0513683
1.3400000E+02   0.0511723
1.3500000E+02   0.0508254
1.3600000E+02   0.0503235
1.3700000E+02   0.0496609
1.3800000E+02   0.048831
1.3900000E+02   0.0478257
1.4000000E+02   0.0466356
1.4100000E+02   0.0452501
1.4200000E+02   0.0436578
1.4300000E+02   0.0418464
1.4400000E+02   0.0398043
1.4500000E+02   0.037521
1.4600000E+02   0.0349902
1.4700000E+02   0.032213
1.4800000E+02   0.029204
1.4900000E+02   0.0259997
1.5000000E+02   -0.0176457
1.5100000E+02   -0.0207054
1.5200000E+02   -0.0248536
1.5300000E+02   -0.0304252
1.5400000E+02   -0.037767
1.5500000E+02   -0.0472214
1.5600000E+02   -0.0591559
1.5700000E+02   -0.0740296
1.5800000E+02   -0.0924801
1.5900000E+02   -0.11543
1.6000000E+02   -0.144244
1.6100000E+02   -0.180983
1.6200000E+02   -0.228878
1.6300000E+02   -0.29324
1.6400000E+02   -0.383421
1.6500000E+02   -0.517494
1.6600000E+02   -0.735412
1.6700000E+02   -1.14636
1.6800000E+02   -2.19279
1.6900000E+02   -10.0047
1.7000000E+02   4.88677
1.7100000E+02   2.15216
1.7200000E+02   1.45849
1.7300000E+02   1.14671
1.7400000E+02   0.97326
1.7500000E+02   0.866008
1.7600000E+02   0.796147
1.7700000E+02   0.750087
1.7800000E+02   0.720776
1.7900000E+02   0.704435
1.8000000E+02   0.69918
   0
0.0000000E+00   0.000736766
1.0000000E+00   0.000736312
2.0000000E+00   0.000734952
3.0000000E+00   0.000732692
4.0000000E+00   0.00072954
5.0000000E+00   0.000725508
6.0000000E+00   0.000720612
7.0000000E+00   0.00071487
8.0000000E+00   0.000708304
9.0000000E+00   0.000700936
1.0000000E+01   0.000692796
1.1000000E+01   0.00068391
1.2000000E+01   0.00067431
1.3000000E+01   0.000664028
1.4000000E+01   0.000653098
1.5000000E+01   0.000641556
1.6000000E+01   0.000629438
1.7000000E+01   0.00061678
1.8000000E+01   0.000603622
1.9000000E+01   0.00059
2.0000000E+01   0.000575954
2.1000000E+01   0.000561522
2.2000000E+01   0.000546744
2.3000000E+01   0.000531656
2.4000000E+01   0.0005163
2.5000000E+01   0.000500716
2.6000000E+01   0.00048494
2.7000000E+01   0.000469016
2.8000000E+01   0.00045298
2.9000000E+01   0.000436878
3.0000000E+01   0.000420748
3.1000000E+01   -9.88542e-05
3.2000000E+01   -0.000102937
3.3000000E+01   -0.000107341
3.4000000E+01   -0.000112088
3.5000000E+01   -0.000117204
3.6000000E+01   -0.000122711
3.7000000E+01   -0.000128629
3.8000000E+01   -0.000134976
3.9000000E+01   -0.000141764
4.0000000E+01   -0.000148994
4.1000000E+01   -0.000156656
4.2000000E+01   -0.000164721
4.3000000E+01   -0.000173136
4.4000000E+01   -0.000181817
4.5000000E+01   -0.000190635
4.6000000E+01   -0.000199408
4.7000000E+01   -0.000207876
4.8000000E+01   -0.000215684
4.9000000E+01   -0.000222336
5.0000000E+01   -0.00022716
5.1000000E+01   -0.000229226
5.2000000E+01   -0.000227264
5.3000000E+01   -0.000219554
5.4000000E+01   -0.000203896
5.5000000E+01   -0.000177922
5.6000000E+01   -0.000140681
5.7000000E+01   -9.63828e-05
5.8000000E+01   -5.57192e-05
5.9000000E+01   -2.65302e-05
6.0000000E+01   -8.13098e-06
6.1000000E+01   3.09012e-06
6.2000000E+01   9.94132e-06
6.3000000E+01   1.41243e-05
6.4000000E+01   1.66332e-05
6.5000000E+01   1.8061e-05
6.6000000E+01   1.87742e-05
6.7000000E+01   1.9007e-05
6.8000000E+01   1.89141e-05
6.9000000E+01   1.86008e-05
7.0000000E+01   1.81399e-05
7.1000000E+01   -0.00227484
7.2000000E+01   -0.00235714
7.3000000E+01   -0.00245012
7.4000000E+01   -0.00255222
7.5000000E+01   -0.00266196
7.6000000E+01   -0.0027778
7.7000000E+01   -0.00289796
7.8000000E+01   -0.00302032
7.9000000E+01   -0.00314236
8.0000000E+01   -0.00326096
8.1000000E+01   -0.00337256
8.2000000E+01   -0.00347304
8.3000000E+01   -0.0035579
8.4000000E+01   -0.0036224
8.5000000E+01   -0.003662
8.6000000E+01   -0.0036726
8.7000000E+01   -0.00365104
8.8000000E+01   -0.0035955
8.9000000E+01   -0.00350576
9.0000000E+01   -0.00338344
9.1000000E+01   -0.00323174
9.2000000E+01   -0.00305534
9.3000000E+01   -0.00285982
9.4000000E+01   -0.0026512
9.5000000E+01   -0.0024354
9.6000000E+01   -0.00221792
9.7000000E+01   -0.00200346
9.8000000E+01   -0.0017958
9.9000000E+01   -0.00159785
1.0000000E+02   -0.00141164
1.0100000E+02   -0.00123846
1.0200000E+02   -0.00107901
1.0300000E+02   -0.00093355
1.0400000E+02   -0.00080205
1.0500000E+02   -0.000684284
1.0600000E+02   -0.00057994
1.0700000E+02   -0.000488672
1.0800000E+02   -0.000410102
1.0900000E+02   -0.000343762
1.1000000E+02   0.000138427
1.1100000E+02   0.000163472
1.1200000E+02   0.000190843
1.1300000E+02   0.000219628
1.1400000E+02   0.000248862
1.1500000E+02   0.000277704
1.1600000E+02   0.000305516
1.1700000E+02   0.000331858
1.1800000E+02   0.000356466
1.1900000E+02   0.000379202
1.2000000E+02   0.000400008
1.2100000E+02   0.00041889
1.2200000E+02   0.000435882
1.2300000E+02   0.000451038
1.2400000E+02   0.000464424
1.2500000E+02   0.0004761
1.2600000E+02   0.000486128
1.2700000E+02   0.000494564
1.2800000E+02   0.000501454
1.2900000E+02   0.000506838
1.3000000E+02   0.00051074
1.3100000E+02   0.00051318
1.3200000E+02   0.000514162
1.3300000E+02   0.000513682
1.3400000E+02   0.000511724
1.3500000E+02   0.000508254
1.3600000E+02   0.000503234
1.3700000E+02   0.00049661
1.3800000E+02   0.00048831
1.3900000E+02   0.000478258
1.4000000E+02   0.000466356
1.4100000E+02   0.000452502
1.4200000E+02   0.000436578
1.4300000E+02   0.000418464
1.4400000E+02   0.000398042
1.4500000E+02   0.00037521
1.4600000E+02   0.000349902
1.4700000E+02   0.00032213
1.4800000E+02   0.00029204
1.4900000E+02   0.000259996
1.5000000E+02   -0.000176457
1.5100000E+02   -0.000207054
1.5200000E+02   -0.000248536
1.5300000E+02   -0.000304252
1.5400000E+02   -0.00037767
1.5500000E+02   -0.000472214
1.5600000E+02   -0.00059156
1.5700000E+02   -0.000740296
1.5800000E+02   -0.0009248
1.5900000E+02   -0.0011543
1.6000000E+02   -0.00144244
1.6100000E+02   -0.00180983
1.6200000E+02   -0.00228878
1.6300000E+02   -0.0029324
1.6400000E+02   -0.00383422
1.6500000E+02   -0.00517494
1.6600000E+02   -0.00735412
1.6700000E+02   -0.0114636
1.6800000E+02   -0.0219278
1.6900000E+02   -0.100047
1.7000000E+02   0.0488678
1.7100000E+02   0.0215216
1.7200000E+02   0.0145849
1.7300000E+02   0.0114671
1.7400000E+02   0.0097326
1.7500000E+02   0.00866008
1.7600000E+02   0.00796146
1.7700000E+02   0.00750088
1.7800000E+02   0.00720776
1.7900000E+02   0.00704436
1.8000000E+02   0.0069918
