0.0000000E+00   0.368383
1.0000000E+00   0.368156
2.0000000E+00   0.367476
3.0000000E+00   0.366346
4.0000000E+00   0.36477
5.0000000E+00   0.362754
6.0000000E+00   0.360306
7.0000000E+00   0.357435
8.0000000E+00   0.354152
9.0000000E+00   0.350468
1.0000000E+01   0.346398
1.1000000E+01   0.341955
1.2000000E+01   0.337155
1.3000000E+01   0.332014
1.4000000E+01   0.326549
1.5000000E+01   0.320778
1.6000000E+01   0.314719
1.7000000E+01   0.308391
1.8000000E+01   0.301811
1.9000000E+01   0.295
2.0000000E+01   0.287977
2.1000000E+01   0.280761
2.2000000E+01   0.273372
2.3000000E+01   0.265828
2.4000000E+01   0.25815
2.5000000E+01   0.250358
2.6000000E+01   0.24247
2.7000000E+01   0.234508
2.8000000E+01   0.22649
2.9000000E+01   0.218439
3.0000000E+01   0.210374
3.1000000E+01   -0.0494271
3.2000000E+01   -0.0514686
3.3000000E+01   -0.0536703
3.4000000E+01   -0.0560442
3.5000000E+01   -0.058602
3.6000000E+01   -0.0613553
3.7000000E+01   -0.0643145
3.8000000E+01   -0.0674882
3.9000000E+01   -0.0708821
4.0000000E+01   -0.0744972
4.1000000E+01   -0.0783281
4.2000000E+01   -0.0823605
4.3000000E+01   -0.0865681
4.4000000E+01   -0.0909084
4.5000000E+01   -0.0953176
4.6000000E+01   -0.0997039
4.7000000E+01   -0.103938
4.8000000E+01   -0.107842
4.9000000E+01   -0.111168
5.0000000E+01   -0.11358
5.1000000E+01   -0.114613
5.2000000E+01   -0.113632
5.3000000E+01   -0.109777
5.4000000E+01   -0.101948
5.5000000E+01   -0.0889612
5.6000000E+01   -0.0703404
5.7000000E+01   -0.0481914
5.8000000E+01   -0.0278596
5.9000000E+01   -0.0132651
6.0000000E+01   -0.00406549
6.1000000E+01   0.00154506
6.2000000E+01   0.00497066
6.3000000E+01   0.00706214
6.4000000E+01   0.00831658
6.5000000E+01   0.00903052
6.6000000E+01   0.0093871
6.7000000E+01   0.00950349
6.8000000E+01   0.00945707
6.9000000E+01   0.00930038
7.0000000E+01   0.00906997
7.1000000E+01   -1.13742
7.2000000E+01   -1.17857
7.3000000E+01   -1.22506
7.4000000E+01   -1.27611
7.5000000E+01   -1.33098
7.6000000E+01   -1.3889
7.7000000E+01   -1.44898
7.8000000E+01   -1.51016
7.9000000E+01   -1.57118
8.0000000E+01   -1.63048
8.1000000E+01   -1.68628
8.2000000E+01   -1.73652
8.3000000E+01   -1.77895
8.4000000E+01   -1.8112
8.5000000E+01   -1.831
8.6000000E+01   -1.8363
8.7000000E+01   -1.82552
8.8000000E+01   -1.79775
8.9000000E+01   -1.75288
9.0000000E+01   -1.69172
9.1000000E+01   -1.61587
9.2000000E+01   -1.52767
9.3000000E+01   -1.42991
9.4000000E+01   -1.3256
9.5000000E+01   -1.2177
9.6000000E+01   -1.10896
9.7000000E+01   -1.00173
9.8000000E+01   -0.897899
9.9000000E+01   -0.798925
1.0000000E+02   -0.705819
1.0100000E+02   -0.619228
1.0200000E+02   -0.539503
1.0300000E+02   -0.466775
1.0400000E+02   -0.401025
1.0500000E+02   -0.342142
1.0600000E+02   -0.28997
1.0700000E+02   -0.244336
1.0800000E+02   -0.205051
1.0900000E+02   -0.171881
1.1000000E+02   0.0692134
1.1100000E+02   0.0817361
1.1200000E+02   0.0954214
1.1300000E+02   0.109814
1.1400000E+02   0.124431
1.1500000E+02   0.138852
1.1600000E+02   0.152758
1.1700000E+02   0.165929
1.1800000E+02   0.178233
1.1900000E+02   0.189601
1.2000000E+02   0.200004
1.2100000E+02   0.209445
1.2200000E+02   0.217941
1.2300000E+02   0.225519
1.2400000E+02   0.232212
1.2500000E+02   0.23805
1.2600000E+02   0.243064
1.2700000E+02   0.247282
1.2800000E+02   0.250727
1.2900000E+02   0.253419
1.3000000E+02   0.25537
1.3100000E+02   0.25659
1.3200000E+02   0.257081
1.3300000E+02   0.256841
1.3400000E+02   0.255862
1.3500000E+02   0.254127
1.3600000E+02   0.251617
1.3700000E+02   0.248305
1.3800000E+02   0.244155
1.3900000E+02   0.239129
1.4000000E+02   0.233178
1.4100000E+02   0.226251
1.4200000E+02   0.218289
1.4300000E+02   0.209232
1.4400000E+02   0.199021
1.4500000E+02   0.187605
1.4600000E+02   0.174951
1.4700000E+02   0.161065
1.4800000E+02   0.14602
1.4900000E+02   0.129998
1.5000000E+02   -0.0882285
1.5100000E+02   -0.103527
1.5200000E+02   -0.124268
1.5300000E+02   -0.152126
1.5400000E+02   -0.188835
1.5500000E+02   -0.236107
1.5600000E+02   -0.29578
1.5700000E+02   -0.370148
1.5800000E+02   -0.4624
1.5900000E+02   -0.577152
1.6000000E+02   -0.721221
1.6100000E+02   -0.904917
1.6200000E+02   -1.14439
1.6300000E+02   -1.4662
1.6400000E+02   -1.91711
1.6500000E+02   -2.58747
1.6600000E+02   -3.67706
1.6700000E+02   -5.73182
1.6800000E+02   -10.9639
1.6900000E+02   -50.0236
1.7000000E+02   24.4339
1.7100000E+02   10.7608
1.7200000E+02   7.29243
1.7300000E+02   5.73354
1.7400000E+02   4.8663
1.7500000E+02   4.33004
1.7600000E+02   3.98073
1.7700000E+02   3.75044
1.7800000E+02   3.60388
1.7900000E+02   3.52218
1.8000000E+02   3.4959
   0
0.0000000E+00   0.00368383
1.0000000E+00   0.00368156
2.0000000E+00   0.00367476
3.0000000E+00   0.00366346
4.0000000E+00   0.0036477
5.0000000E+00   0.00362754
6.0000000E+00   0.00360306
7.0000000E+00   0.00357435
8.0000000E+00   0.00354152
9.0000000E+00   0.00350468
1.0000000E+01   0.00346398
1.1000000E+01   0.00341955
1.2000000E+01   0.00337155
1.3000000E+01   0.00332014
1.4000000E+01   0.00326549
1.5000000E+01   0.00320778
1.6000000E+01   0.00314719
1.7000000E+01   0.0030839
1.8000000E+01   0.00301811
1.9000000E+01   0.00295
2.0000000E+01   0.00287977
2.1000000E+01   0.00280761
2.2000000E+01   0.00273372
2.3000000E+01   0.00265828
2.4000000E+01   0.0025815
2.5000000E+01   0.00250358
2.6000000E+01   0.0024247
2.7000000E+01   0.00234508
2.8000000E+01   0.0022649
2.9000000E+01   0.00218439
3.0000000E+01   0.00210374
3.1000000E+01   -0.000494271
3.2000000E+01   -0.000514686
3.3000000E+01   -0.000536703
3.4000000E+01   -0.000560442
3.5000000E+01   -0.00058602
3.6000000E+01   -0.000613553
3.7000000E+01   -0.000643145
3.8000000E+01   -0.000674882
3.9000000E+01   -0.000708821
4.0000000E+01   -0.000744972
4.1000000E+01   -0.000783281
4.2000000E+01   -0.000823605
4.3000000E+01   -0.000865681
4.4000000E+01   -0.000909084
4.5000000E+01   -0.000953176
4.6000000E+01   -0.000997039
4.7000000E+01   -0.00103938
4.8000000E+01   -0.00107842
4.9000000E+01   -0.00111168
5.0000000E+01   -0.0011358
5.1000000E+01   -0.00114613
5.2000000E+01   -0.00113632
5.3000000E+01   -0.00109777
5.4000000E+01   -0.00101948
5.5000000E+01   -0.000889612
5.6000000E+01   -0.000703404
5.7000000E+01   -0.000481914
5.8000000E+01   -0.000278596
5.9000000E+01   -0.000132651
6.0000000E+01   -4.06549e-05
6.1000000E+01   1.54506e-05
6.2000000E+01   4.97066e-05
6.3000000E+01   7.06214e-05
6.4000000E+01   8.31658e-05
6.5000000E+01   9.03052e-05
6.6000000E+01   9.3871e-05
6.7000000E+01   9.50349e-05
6.8000000E+01   9.45707e-05
6.9000000E+01   9.30038e-05
7.0000000E+01   9.06997e-05
7.1000000E+01   -0.0113742
7.2000000E+01   -0.0117857
7.3000000E+01   -0.0122506
7.4000000E+01   -0.0127611
7.5000000E+01   -0.0133098
7.6000000E+01   -0.013889
7.7000000E+01   -0.0144898
7.8000000E+01   -0.0151016
7.9000000E+01   -0.0157118
8.0000000E+01   -0.0163048
8.1000000E+01   -0.0168628
8.2000000E+01   -0.0173652
8.3000000E+01   -0.0177895
8.4000000E+01   -0.018112
8.5000000E+01   -0.01831
8.6000000E+01   -0.018363
8.7000000E+01   -0.0182552
8.8000000E+01   -0.0179775
8.9000000E+01   -0.0175288
9.0000000E+01   -0.0169172
9.1000000E+01   -0.0161587
9.2000000E+01   -0.0152767
9.3000000E+01   -0.0142991
9.4000000E+01   -0.013256
9.5000000E+01   -0.012177
9.6000000E+01   -0.0110896
9.7000000E+01   -0.0100173
9.8000000E+01   -0.00897899
9.9000000E+01   -0.00798925
1.0000000E+02   -0.00705819
1.0100000E+02   -0.00619228
1.0200000E+02   -0.00539503
1.0300000E+02   -0.00466775
1.0400000E+02   -0.00401025
1.0500000E+02   -0.00342142
1.0600000E+02   -0.0028997
1.0700000E+02   -0.00244336
1.0800000E+02   -0.00205051
1.0900000E+02   -0.00171881
1.1000000E+02   0.000692134
1.1100000E+02   0.000817361
1.1200000E+02   0.000954214
1.1300000E+02   0.00109814
1.1400000E+02   0.00124431
1.1500000E+02   0.00138852
1.1600000E+02   0.00152758
1.1700000E+02   0.00165929
1.1800000E+02   0.00178233
1.1900000E+02   0.00189601
1.2000000E+02   0.00200004
1.2100000E+02   0.00209445
1.2200000E+02   0.00217941
1.2300000E+02   0.00225519
1.2400000E+02   0.00232212
1.2500000E+02   0.0023805
1.2600000E+02   0.00243064
1.2700000E+02   0.00247282
1.2800000E+02   0.00250727
1.2900000E+02   0.00253419
1.3000000E+02   0.0025537
1.3100000E+02   0.0025659
1.3200000E+02   0.00257081
1.3300000E+02   0.00256841
1.3400000E+02   0.00255862
1.3500000E+02   0.00254127
1.3600000E+02   0.00251617
1.3700000E+02   0.00248305
1.3800000E+02   0.00244155
1.3900000E+02   0.00239129
1.4000000E+02   0.00233178
1.4100000E+02   0.00226251
1.4200000E+02   0.00218289
1.4300000E+02   0.00209232
1.4400000E+02   0.00199021
1.4500000E+02   0.00187605
1.4600000E+02   0.00174951
1.4700000E+02   0.00161065
1.4800000E+02   0.0014602
1.4900000E+02   0.00129998
1.5000000E+02   -0.000882285
1.5100000E+02   -0.00103527
1.5200000E+02   -0.00124268
1.5300000E+02   -0.00152126
1.5400000E+02   -0.00188835
1.5500000E+02   -0.00236107
1.5600000E+02   -0.0029578
1.5700000E+02   -0.00370148
1.5800000E+02   -0.004624
1.5900000E+02   -0.00577152
1.6000000E+02   -0.00721221
1.6100000E+02   -0.00904917
1.6200000E+02   -0.0114439
1.6300000E+02   -0.014662
1.6400000E+02   -0.0191711
1.6500000E+02   -0.0258747
1.6600000E+02   -0.0367706
1.6700000E+02   -0.0573182
1.6800000E+02   -0.109639
1.6900000E+02   -0.500236
1.7000000E+02   0.244339
1.7100000E+02   0.107608
1.7200000E+02   0.0729243
1.7300000E+02   0.0573354
1.7400000E+02   0.048663
1.7500000E+02   0.0433004
1.7600000E+02   0.0398073
1.7700000E+02   0.0375044
1.7800000E+02   0.0360388
1.7900000E+02   0.0352218
1.8000000E+02   0.034959
0.0000000E+00   0.00736766
1.0000000E+00   0.00736312
2.0000000E+00   0.00734952
3.0000000E+00   0.00732692
4.0000000E+00   0.0072954
5.0000000E+00   0.00725508
6.0000000E+00   0.00720612
7.0000000E+00   0.0071487
8.0000000E+00   0.00708304
9.0000000E+00   0.00700937
1.0000000E+01   0.00692796
1.1000000E+01   0.0068391
1.2000000E+01   0.0067431
1.3000000E+01   0.00664028
1.4000000E+01   0.00653099
1.5000000E+01   0.00641557
1.6000000E+01   0.00629438
1.7000000E+01   0.00616781
1.8000000E+01   0.00603622
1.9000000E+01   0.00590001
2.0000000E+01   0.00575954
2.1000000E+01   0.00561522
2.2000000E+01   0.00546743
2.3000000E+01   0.00531656
2.4000000E+01   0.00516301
2.5000000E+01   0.00500716
2.6000000E+01   0.0048494
2.7000000E+01   0.00469015
2.8000000E+01   0.00452981
2.9000000E+01   0.00436878
3.0000000E+01   0.00420749
3.1000000E+01   -0.000988541
3.2000000E+01   -0.00102937
3.3000000E+01   -0.00107341
3.4000000E+01   -0.00112088
3.5000000E+01   -0.00117204
3.6000000E+01   -0.00122711
3.7000000E+01   -0.00128629
3.8000000E+01   -0.00134976
3.9000000E+01   -0.00141764
4.0000000E+01   -0.00148994
4.1000000E+01   -0.00156656
4.2000000E+01   -0.00164721
4.3000000E+01   -0.00173136
4.4000000E+01   -0.00181817
4.5000000E+01   -0.00190635
4.6000000E+01   -0.00199408
4.7000000E+01   -0.00207876
4.8000000E+01   -0.00215683
4.9000000E+01   -0.00222336
5.0000000E+01   -0.0022716
5.1000000E+01   -0.00229227
5.2000000E+01   -0.00227264
5.3000000E+01   -0.00219555
5.4000000E+01   -0.00203895
5.5000000E+01   -0.00177922
5.6000000E+01   -0.00140681
5.7000000E+01   -0.000963828
5.8000000E+01   -0.000557191
5.9000000E+01   -0.000265301
6.0000000E+01   -8.13097e-05
6.1000000E+01   3.09013e-05
6.2000000E+01   9.94132e-05
6.3000000E+01   0.000141243
6.4000000E+01   0.000166332
6.5000000E+01   0.00018061
6.6000000E+01   0.000187742
6.7000000E+01   0.00019007
6.8000000E+01   0.000189141
6.9000000E+01   0.000186008
7.0000000E+01   0.000181399
7.1000000E+01   -0.0227483
7.2000000E+01   -0.0235715
7.3000000E+01   -0.0245013
7.4000000E+01   -0.0255222
7.5000000E+01   -0.0266196
7.6000000E+01   -0.027778
7.7000000E+01   -0.0289796
7.8000000E+01   -0.0302033
7.9000000E+01   -0.0314235
8.0000000E+01   -0.0326097
8.1000000E+01   -0.0337257
8.2000000E+01   -0.0347304
8.3000000E+01   -0.0355789
8.4000000E+01   -0.0362241
8.5000000E+01   -0.0366201
8.6000000E+01   -0.0367261
8.7000000E+01   -0.0365105
8.8000000E+01   -0.035955
8.9000000E+01   -0.0350577
9.0000000E+01   -0.0338343
9.1000000E+01   -0.0323174
9.2000000E+01   -0.0305534
9.3000000E+01   -0.0285982
9.4000000E+01   -0.0265119
9.5000000E+01   -0.0243541
9.6000000E+01   -0.0221792
9.7000000E+01   -0.0200345
9.8000000E+01   -0.017958
9.9000000E+01   -0.0159785
1.0000000E+02   -0.0141164
1.0100000E+02   -0.0123846
1.0200000E+02   -0.0107901
1.0300000E+02   -0.0093355
1.0400000E+02   -0.0080205
1.0500000E+02   -0.00684284
1.0600000E+02   -0.0057994
1.0700000E+02   -0.00488672
1.0800000E+02   -0.00410103
1.0900000E+02   -0.00343761
1.1000000E+02   0.00138427
1.1100000E+02   0.00163472
1.1200000E+02   0.00190843
1.1300000E+02   0.00219627
1.1400000E+02   0.00248862
1.1500000E+02   0.00277705
1.1600000E+02   0.00305516
1.1700000E+02   0.00331858
1.1800000E+02   0.00356467
1.1900000E+02   0.00379201
1.2000000E+02   0.00400008
1.2100000E+02   0.0041889
1.2200000E+02   0.00435882
1.2300000E+02   0.00451039
1.2400000E+02   0.00464423
1.2500000E+02   0.00476099
1.2600000E+02   0.00486128
1.2700000E+02   0.00494564
1.2800000E+02   0.00501454
1.2900000E+02   0.00506837
1.3000000E+02   0.0051074
1.3100000E+02   0.0051318
1.3200000E+02   0.00514163
1.3300000E+02   0.00513683
1.3400000E+02   0.00511723
1.3500000E+02   0.00508254
1.3600000E+02   0.00503235
1.3700000E+02   0.00496609
1.3800000E+02   0.0048831
1.3900000E+02   0.00478257
1.4000000E+02   0.00466356
1.4100000E+02   0.00452501
1.4200000E+02   0.00436578
1.4300000E+02   0.00418464
1.4400000E+02   0.00398043
1.4500000E+02   0.0037521
1.4600000E+02   0.00349902
1.4700000E+02   0.0032213
1.4800000E+02   0.0029204
1.4900000E+02   0.00259997
1.5000000E+02   -0.00176457
1.5100000E+02   -0.00207054
1.5200000E+02   -0.00248536
1.5300000E+02   -0.00304252
1.5400000E+02   -0.0037767
1.5500000E+02   -0.00472214
1.5600000E+02   -0.00591559
1.5700000E+02   -0.00740296
1.5800000E+02   -0.00924801
1.5900000E+02   -0.011543
1.6000000E+02   -0.0144244
1.6100000E+02   -0.0180983
1.6200000E+02   -0.0228878
1.6300000E+02   -0.029324
1.6400000E+02   -0.0383421
1.6500000E+02   -0.0517494
1.6600000E+02   -0.0735412
1.6700000E+02   -0.114636
1.6800000E+02   -0.219279
1.6900000E+02   -1.00047
1.7000000E+02   0.488677
1.7100000E+02   0.215216
1.7200000E+02   0.145849
1.7300000E+02   0.114671
1.7400000E+02   0.097326
1.7500000E+02   0.0866008
1.7600000E+02   0.0796147
1.7700000E+02   0.0750087
1.7800000E+02   0.0720776
1.7900000E+02   0.0704435
1.8000000E+02   0.069918
0   0
0.0000000E+00   7.36766e-05
1.0000000E+00   7.36312e-05
2.0000000E+00   7.34952e-05
3.0000000E+00   7.32692e-05
4.0000000E+00   7.2954e-05
5.0000000E+00   7.25508e-05
6.0000000E+00   7.20612e-05
7.0000000E+00   7.1487e-05
8.0000000E+00   7.08304e-05
9.0000000E+00   7.00936e-05
1.0000000E+01   6.92796e-05
1.1000000E+01   6.8391e-05
1.2000000E+01   6.7431e-05
1.3000000E+01   6.64028e-05
1.4000000E+01   6.53098e-05
1.5000000E+01   6.41556e-05
1.6000000E+01   6.29438e-05
1.7000000E+01   6.1678e-05
1.8000000E+01   6.03622e-05
1.9000000E+01   5.9e-05
2.0000000E+01   5.75954e-05
2.1000000E+01   5.61522e-05
2.2000000E+01   5.46744e-05
2.3000000E+01   5.31656e-05
2.4000000E+01   5.163e-05
2.5000000E+01   5.00716e-05
2.6000000E+01   4.8494e-05
2.7000000E+01   4.69016e-05
2.8000000E+01   4.5298e-05
2.9000000E+01   4.36878e-05
3.0000000E+01   4.20748e-05
3.1000000E+01   -9.88542e-06
3.2000000E+01   -1.02937e-05
3.3000000E+01   -1.07341e-05
3.4000000E+01   -1.12088e-05
3.5000000E+01   -1.17204e-05
3.6000000E+01   -1.22711e-05
3.7000000E+01   -1.28629e-05
3.8000000E+01   -1.34976e-05
3.9000000E+01   -1.41764e-05
4.0000000E+01   -1.48994e-05
4.1000000E+01   -1.56656e-05
4.2000000E+01   -1.64721e-05
4.3000000E+01   -1.73136e-05
4.4000000E+01   -1.81817e-05
4.5000000E+01   -1.90635e-05
4.6000000E+01   -1.99408e-05
4.7000000E+01   -2.07876e-05
4.8000000E+01   -2.15684e-05
4.9000000E+01   -2.22336e-05
5.0000000E+01   -2.2716e-05
5.1000000E+01   -2.29226e-05
5.2000000E+01   -2.27264e-05
5.3000000E+01   -2.19554e-05
5.4000000E+01   -2.03896e-05
5.5000000E+01   -1.77922e-05
5.6000000E+01   -1.40681e-05
5.7000000E+01   -9.63828e-06
5.8000000E+01   -5.57192e-06
5.9000000E+01   -2.65302e-06
6.0000000E+01   -8.13098e-07
6.1000000E+01   3.09012e-07
6.2000000E+01   9.94132e-07
6.3000000E+01   1.41243e-06
6.4000000E+01   1.66332e-06
6.5000000E+01   1.8061e-06
6.6000000E+01   1.87742e-06
6.7000000E+01   1.9007e-06
6.8000000E+01   1.89141e-06
6.9000000E+01   1.86008e-06
7.0000000E+01   1.81399e-06
7.1000000E+01   -0.000227484
7.2000000E+01   -0.000235714
7.3000000E+01   -0.000245012
7.4000000E+01   -0.000255222
7.5000000E+01   -0.000266196
7.6000000E+01   -0.00027778
7.7000000E+01   -0.000289796
7.8000000E+01   -0.000302032
7.9000000E+01   -0.000314236
8.0000000E+01   -0.000326096
8.1000000E+01   -0.000337256
8.2000000E+01   -0.000347304
8.3000000E+01   -0.00035579
8.4000000E+01   -0.00036224
8.5000000E+01   -0.0003662
8.6000000E+01   -0.00036726
8.7000000E+01   -0.000365104
8.8000000E+01   -0.00035955
8.9000000E+01   -0.000350576
9.0000000E+01   -0.000338344
9.1000000E+01   -0.000323174
9.2000000E+01   -0.000305534
9.3000000E+01   -0.000285982
9.4000000E+01   -0.00026512
9.5000000E+01   -0.00024354
9.6000000E+01   -0.000221792
9.7000000E+01   -0.000200346
9.8000000E+01   -0.00017958
9.9000000E+01   -0.000159785
1.0000000E+02   -0.000141164
1.0100000E+02   -0.000123846
1.0200000E+02   -0.000107901
1.0300000E+02   -9.3355e-05
1.0400000E+02   -8.0205e-05
1.0500000E+02   -6.84284e-05
1.0600000E+02   -5.7994e-05
1.0700000E+02   -4.88672e-05
1.0800000E+02   -4.10102e-05
1.0900000E+02   -3.43762e-05
1.1000000E+02   1.38427e-05
1.1100000E+02   1.63472e-05
1.1200000E+02   1.90843e-05
1.1300000E+02   2.19628e-05
1.1400000E+02   2.48862e-05
1.1500000E+02   2.77704e-05
1.1600000E+02   3.05516e-05
1.1700000E+02   3.31858e-05
1.1800000E+02   3.56466e-05
1.1900000E+02   3.79202e-05
1.2000000E+02   4.00008e-05
1.2100000E+02   4.1889e-05
1.2200000E+02   4.35882e-05
1.2300000E+02   4.51038e-05
1.2400000E+02   4.64424e-05
1.2500000E+02   4.761e-05
1.2600000E+02   4.86128e-05
1.2700000E+02   4.94564e-05
1.2800000E+02   5.01454e-05
1.2900000E+02   5.06838e-05
1.3000000E+02   5.1074e-05
1.3100000E+02   5.1318e-05
1.3200000E+02   5.14162e-05
1.3300000E+02   5.13682e-05
1.3400000E+02   5.11724e-05
1.3500000E+02   5.08254e-05
1.3600000E+02   5.03234e-05
1.3700000E+02   4.9661e-05
1.3800000E+02   4.8831e-05
1.3900000E+02   4.78258e-05
1.4000000E+02   4.66356e-05
1.4100000E+02   4.52502e-05
1.4200000E+02   4.36578e-05
1.4300000E+02   4.18464e-05
1.4400000E+02   3.98042e-05
1.4500000E+02   3.7521e-05
1.4600000E+02   3.49902e-05
1.4700000E+02   3.2213e-05
1.4800000E+02   2.9204e-05
1.4900000E+02   2.59996e-05
1.5000000E+02   -1.76457e-05
1.5100000E+02   -2.07054e-05
1.5200000E+02   -2.48536e-05
1.5300000E+02   -3.04252e-05
1.5400000E+02   -3.7767e-05
1.5500000E+02   -4.72214e-05
1.5600000E+02   -5.9156e-05
1.5700000E+02   -7.40296e-05
1.5800000E+02   -9.248e-05
1.5900000E+02   -0.00011543
1.6000000E+02   -0.000144244
1.6100000E+02   -0.000180983
1.6200000E+02   -0.000228878
1.6300000E+02   -0.00029324
1.6400000E+02   -0.000383422
1.6500000E+02   -0.000517494
1.6600000E+02   -0.000735412
1.6700000E+02   -0.00114636
1.6800000E+02   -0.00219278
1.6900000E+02   -0.0100047
1.7000000E+02   0.00488678
1.7100000E+02   0.00215216
1.7200000E+02   0.00145849
1.7300000E+02   0.00114671
1.7400000E+02   0.00097326
1.7500000E+02   0.000866008
1.7600000E+02   0.000796146
1.7700000E+02   0.000750088
1.7800000E+02   0.000720776
1.7900000E+02   0.000704436
1.8000000E+02   0.00069918
