  1.2091092E+02 -7.0866210E+01  0.0000000E+00
  1.2059711E+02 -7.0732783E+01  1.0000000E+00
  1.1965942E+02 -7.0333400E+01  2.0000000E+00
  1.1810911E+02 -6.9670746E+01  3.0000000E+00
  1.1596471E+02 -6.8749286E+01  4.0000000E+00
  1.1325176E+02 -6.7575238E+01  5.0000000E+00
  1.1000240E+02 -6.6156548E+01  6.0000000E+00
  1.0625486E+02 -6.4502843E+01  7.0000000E+00
  1.0205287E+02 -6.2625388E+01  8.0000000E+00
  9.7444966E+01 -6.0537019E+01  9.0000000E+00
  9.2483745E+01 -5.8252067E+01  1.0000000E+01
  8.7225053E+01 -5.5786277E+01  1.1000000E+01
  8.1727130E+01 -5.3156701E+01  1.2000000E+01
  7.6049730E+01 -5.0381589E+01  1.3000000E+01
  7.0253225E+01 -4.7480254E+01  1.4000000E+01
  6.4397716E+01 -4.4472932E+01  1.5000000E+01
  5.8542157E+01 -4.1380622E+01  1.6000000E+01
  5.2743520E+01 -3.8224917E+01  1.7000000E+01
  4.7056000E+01 -3.5027815E+01  1.8000000E+01
  4.1530282E+01 -3.1811528E+01  1.9000000E+01
  3.6212885E+01 -2.8598272E+01  2.0000000E+01
  3.1145583E+01 -2.5410059E+01  2.1000000E+01
  2.6364921E+01 -2.2268474E+01  2.2000000E+01
  2.1901831E+01 -1.9194458E+01  2.3000000E+01
  1.7781346E+01 -1.6208086E+01  2.4000000E+01
  1.4022427E+01 -1.3328356E+01  2.5000000E+01
  1.0637898E+01 -1.0572976E+01  2.6000000E+01
  7.6344814E+00 -7.9581736E+00  2.7000000E+01
  5.0129467E+00 -5.4985097E+00  2.8000000E+01
  2.7683523E+00 -3.2067192E+00  2.9000000E+01
  8.9038321E-01 -1.0935683E+00  3.0000000E+01
 -6.3622733E-01  8.3226119E-01  3.1000000E+01
 -1.8312009E+00  2.5642614E+00  3.2000000E+01
 -2.7181527E+00  4.0981569E+00  3.3000000E+01
 -3.3239787E+00  5.4319329E+00  3.4000000E+01
 -3.6782021E+00  6.5658300E+00  3.5000000E+01
 -3.8122945E+00  7.5023061E+00  3.6000000E+01
 -3.7589841E+00  8.2459648E+00  3.7000000E+01
 -3.5515646E+00  8.8034518E+00  3.8000000E+01
 -3.2232177E+00  9.1833200E+00  3.9000000E+01
 -2.8063630E+00  9.3958656E+00  4.0000000E+01
 -2.3320462E+00  9.4529387E+00  4.1000000E+01
 -1.8293772E+00  9.3677295E+00  4.2000000E+01
 -1.3250271E+00  9.1545375E+00  4.3000000E+01
 -8.4279442E-01  8.8285240E+00  4.4000000E+01
 -4.0324437E-01  8.4054554E+00  4.5000000E+01
 -2.3429873E-02  7.9014410E+00  4.6000000E+01
  2.8330448E-01  7.3326705E+00  4.7000000E+01
  5.0743254E-01  6.7151556E+00  4.8000000E+01
  6.4327092E-01  6.0644825E+00  4.9000000E+01
  6.8891919E-01  5.3955772E+00  5.0000000E+01
  6.4611904E-01  4.7224912E+00  5.1000000E+01
  5.2003748E-01  4.0582088E+00  5.2000000E+01
  3.1898023E-01  3.4144817E+00  5.3000000E+01
  5.4042933E-02  2.8016920E+00  5.4000000E+01
 -2.6129095E-01  2.2287472E+00  5.5000000E+01
 -6.1159601E-01  1.7030083E+00  5.6000000E+01
 -9.7998395E-01  1.2302510E+00  5.7000000E+01
 -1.3486051E+00  8.1466138E-01  5.8000000E+01
 -1.6991607E+00  4.5886395E-01  5.9000000E+01
 -2.0134155E+00  1.6398130E-01  6.0000000E+01
 -2.2736988E+00 -7.0277010E-02  6.1000000E+01
 -2.4633833E+00 -2.4549950E-01  6.2000000E+01
 -2.5673320E+00 -3.6443489E-01  6.3000000E+01
 -2.5723045E+00 -4.3083548E-01  6.4000000E+01
 -2.4673120E+00 -4.4928605E-01  6.5000000E+01
 -2.2439174E+00 -4.2502279E-01  6.6000000E+01
 -1.8964714E+00 -3.6374730E-01  6.7000000E+01
 -1.4222820E+00 -2.7144008E-01  6.8000000E+01
 -8.2171400E-01 -1.5417860E-01  6.9000000E+01
 -9.8216428E-02 -1.7964189E-02  7.0000000E+01
  7.4172125E-01  1.3143798E-01  7.1000000E+01
  1.6886833E+00  2.8864201E-01  7.2000000E+01
  2.7305091E+00  4.4876441E-01  7.3000000E+01
  3.8525369E+00  6.0752437E-01  7.4000000E+01
  5.0379052E+00  7.6131943E-01  7.5000000E+01
  6.2679043E+00  9.0727512E-01  7.6000000E+01
  7.5223698E+00  1.0432681E+00  7.7000000E+01
  8.7801112E+00  1.1679229E+00  7.8000000E+01
  1.0019363E+01  1.2805834E+00  7.9000000E+01
  1.1218254E+01  1.3812601E+00  8.0000000E+01
  1.2355275E+01  1.4705565E+00  8.1000000E+01
  1.3409750E+01  1.5495762E+00  8.2000000E+01
  1.4362281E+01  1.6198148E+00  8.3000000E+01
  1.5195179E+01  1.6830400E+00  8.4000000E+01
  1.5892854E+01  1.7411643E+00  8.5000000E+01
  1.6442160E+01  1.7961144E+00  8.6000000E+01
  1.6832699E+01  1.8497005E+00  8.7000000E+01
  1.7057063E+01  1.9034920E+00  8.8000000E+01
  1.7111011E+01  1.9587013E+00  8.9000000E+01
  1.6993589E+01  2.0160806E+00  9.0000000E+01
  1.6707175E+01  2.0758355E+00  9.1000000E+01
  1.6257457E+01  2.1375574E+00  9.2000000E+01
  1.5653341E+01  2.2001770E+00  9.3000000E+01
  1.4906797E+01  2.2619421E+00  9.4000000E+01
  1.4032627E+01  2.3204192E+00  9.5000000E+01
  1.3048191E+01  2.3725195E+00  9.6000000E+01
  1.1973059E+01  2.4145498E+00  9.7000000E+01
  1.0828636E+01  2.4422870E+00  9.8000000E+01
  9.6377275E+00  2.4510739E+00  9.9000000E+01
  8.4240857E+00  2.4359343E+00  1.0000000E+02
  7.2119298E+00  2.3917049E+00  1.0100000E+02
  6.0254528E+00  2.3131804E+00  1.0200000E+02
  4.8883272E+00  2.1952676E+00  1.0300000E+02
  3.8232180E+00  2.0331450E+00  1.0400000E+02
  2.8513129E+00  1.8224232E+00  1.0500000E+02
  1.9918806E+00  1.5593017E+00  1.0600000E+02
  1.2618648E+00  1.2407187E+00  1.0700000E+02
  6.7552468E-01  8.6448780E-01  1.0800000E+02
  2.4412687E-01  4.2941987E-01  1.0900000E+02
 -2.4302082E-02 -6.4575451E-02  1.1000000E+02
 -1.2515857E-01 -6.1641047E-01  1.1100000E+02
 -5.7375345E-02 -1.2237656E+00  1.1200000E+02
  1.7653735E-01 -1.8830627E+00  1.1300000E+02
  5.7052431E-01 -2.5894676E+00  1.1400000E+02
  1.1150917E+00 -3.3369212E+00  1.1500000E+02
  1.7974855E+00 -4.1182007E+00  1.1600000E+02
  2.6019397E+00 -4.9250091E+00  1.1700000E+02
  3.5099893E+00 -5.7480918E+00  1.1800000E+02
  4.5008424E+00 -6.5773783E+00  1.1900000E+02
  5.5518054E+00 -7.4021469E+00  1.2000000E+02
  6.6387524E+00 -8.2112074E+00  1.2100000E+02
  7.7366300E+00 -8.9931000E+00  1.2200000E+02
  8.8199879E+00 -9.7363054E+00  1.2300000E+02
  9.8635253E+00 -1.0429461E+01  1.2400000E+02
  1.0842641E+01 -1.1061580E+01  1.2500000E+02
  1.1733979E+01 -1.1622269E+01  1.2600000E+02
  1.2515954E+01 -1.2101934E+01  1.2700000E+02
  1.3169252E+01 -1.2491983E+01  1.2800000E+02
  1.3677286E+01 -1.2785001E+01  1.2900000E+02
  1.4026617E+01 -1.2974918E+01  1.3000000E+02
  1.4207301E+01 -1.3057141E+01  1.3100000E+02
  1.4213183E+01 -1.3028672E+01  1.3200000E+02
  1.4042117E+01 -1.2888181E+01  1.3300000E+02
  1.3696103E+01 -1.2636067E+01  1.3400000E+02
  1.3181355E+01 -1.2274469E+01  1.3500000E+02
  1.2508274E+01 -1.1807257E+01  1.3600000E+02
  1.1691344E+01 -1.1239980E+01  1.3700000E+02
  1.0748942E+01 -1.0579794E+01  1.3800000E+02
  9.7030664E+00 -9.8353478E+00  1.3900000E+02
  8.5789941E+00 -9.0166452E+00  1.4000000E+02
  7.4048581E+00 -8.1348846E+00  1.4100000E+02
  6.2111669E+00 -7.2022707E+00  1.4200000E+02
  5.0302655E+00 -6.2318096E+00  1.4300000E+02
  3.8957502E+00 -5.2370887E+00  1.4400000E+02
  2.8418474E+00 -4.2320450E+00  1.4500000E+02
  1.9027679E+00 -3.2307272E+00  1.4600000E+02
  1.1120474E+00 -2.2470560E+00  1.4700000E+02
  5.0188724E-01 -1.2945862E+00  1.4800000E+02
  1.0250666E-01 -3.8627663E-01  1.4900000E+02
 -5.8480897E-02  4.6573015E-01  1.5000000E+02
  4.3344781E-02  1.2503115E+00  1.5100000E+02
  4.2867098E-01  1.9575508E+00  1.5200000E+02
  1.1139707E+00  2.5789004E+00  1.5300000E+02
  2.1110895E+00  3.1073205E+00  1.5400000E+02
  3.4269091E+00  3.5373901E+00  1.5500000E+02
  5.0630947E+00  3.8653890E+00  1.5600000E+02
  7.0159325E+00  4.0893495E+00  1.5700000E+02
  9.2762602E+00  4.2090766E+00  1.5800000E+02
  1.1829495E+01  4.2261372E+00  1.5900000E+02
  1.4655756E+01  4.1438184E+00  1.6000000E+02
  1.7730087E+01  3.9670557E+00  1.6100000E+02
  2.1022767E+01  3.7023327E+00  1.6200000E+02
  2.4499709E+01  3.3575550E+00  1.6300000E+02
  2.8122949E+01  2.9418991E+00  1.6400000E+02
  3.1851196E+01  2.4656408E+00  1.6500000E+02
  3.5640457E+01  1.9399649E+00  1.6600000E+02
  3.9444712E+01  1.3767608E+00  1.6700000E+02
  4.3216631E+01  7.8840643E-01  1.6800000E+02
  4.6908325E+01  1.8754551E-01  1.6900000E+02
  5.0472106E+01 -4.1313919E-01  1.7000000E+02
  5.3861262E+01 -1.0011516E+00  1.7100000E+02
  5.7030809E+01 -1.5644041E+00  1.7200000E+02
  5.9938234E+01 -2.0914309E+00  1.7300000E+02
  6.2544184E+01 -2.5715899E+00  1.7400000E+02
  6.4813126E+01 -2.9952494E+00  1.7500000E+02
  6.6713925E+01 -3.3539567E+00  1.7600000E+02
  6.8220370E+01 -3.6405857E+00  1.7700000E+02
  6.9311604E+01 -3.8494610E+00  1.7800000E+02
  6.9972477E+01 -3.9764568E+00  1.7900000E+02
  7.0193795E+01 -4.0190686E+00  1.8000000E+02
 
