  0.0000000E+00  2.4005466E-02  7.3285991E+02
  1.0000000E+00  2.3472570E-02  7.3028396E+02
  2.0000000E+00  2.1875747E-02  7.2261336E+02
  3.0000000E+00  1.9220652E-02  7.1001762E+02
  4.0000000E+00  1.5516914E-02  6.9277188E+02
  5.0000000E+00  1.0778434E-02  6.7124619E+02
  6.0000000E+00  5.0237986E-03  6.4589146E+02
  7.0000000E+00 -1.7232143E-03  6.1722266E+02
  8.0000000E+00 -9.4330385E-03  5.8580039E+02
  9.0000000E+00 -1.8069654E-02  5.5221151E+02
  1.0000000E+01 -2.7589869E-02  5.1705006E+02
  1.1000000E+01 -3.7942569E-02  4.8089924E+02
  1.2000000E+01 -4.9067940E-02  4.4431524E+02
  1.3000000E+01 -6.0896686E-02  4.0781363E+02
  1.4000000E+01 -7.3349218E-02  3.7185871E+02
  1.5000000E+01 -8.6334796E-02  3.3685606E+02
  1.6000000E+01 -9.9750562E-02  3.0314832E+02
  1.7000000E+01 -1.1348034E-01  2.7101402E+02
  1.8000000E+01 -1.2739306E-01  2.4066918E+02
  1.9000000E+01 -1.4134046E-01  2.1227112E+02
  2.0000000E+01 -1.5515374E-01  1.8592402E+02
  2.1000000E+01 -1.6863851E-01  1.6168554E+02
  2.2000000E+01  5.5076068E+00  1.3957397E+02
  2.3000000E+01  5.1635134E+00  1.1957546E+02
  2.4000000E+01  4.8875655E+00  1.0165061E+02
  2.5000000E+01  4.6741722E+00  8.5740453E+01
  2.6000000E+01  4.5223675E+00  7.1771261E+01
  2.7000000E+01  4.4372014E+00  5.9658322E+01
  2.8000000E+01  4.4334519E+00  4.9308607E+01
  2.9000000E+01  4.5450386E+00  4.0622465E+01
  3.0000000E+01  4.8515491E+00  3.3494566E+01
  3.1000000E+01  5.5707432E+00  2.7814316E+01
  3.2000000E+01  7.5352613E+00  2.3466009E+01
  3.3000000E+01  1.8954771E+01  2.0328969E+01
  3.4000000E+01 -1.2493404E+01  1.8277887E+01
  3.5000000E+01 -3.5888082E+00  1.7183497E+01
  3.6000000E+01 -1.9607910E+00  1.6913699E+01
  3.7000000E+01 -1.4073507E+00  1.7335118E+01
  3.8000000E+01 -1.1695925E+00  1.8315070E+01
  3.9000000E+01 -1.0514840E+00  1.9723811E+01
  4.0000000E+01 -9.8783789E-01  2.1436930E+01
  4.1000000E+01 -9.5270680E-01  2.3337711E+01
  4.2000000E+01 -9.3417395E-01  2.5319287E+01
  4.3000000E+01 -9.2612448E-01  2.7286435E+01
  4.4000000E+01 -9.2513906E-01  2.9156879E+01
  4.5000000E+01 -9.2917098E-01  3.0862031E+01
  4.6000000E+01 -9.3692413E-01  3.2347126E+01
  4.7000000E+01 -9.4753536E-01  3.3570790E+01
  4.8000000E+01 -9.6040038E-01  3.4504098E+01
  4.9000000E+01  1.0255657E+00  3.5129253E+01
  5.0000000E+01  1.0088843E+00  3.5438002E+01
  5.1000000E+01  9.9160956E-01  3.5429974E+01
  5.2000000E+01  9.7410432E-01  3.5111062E+01
  5.3000000E+01  9.5669915E-01  3.4492010E+01
  5.4000000E+01  9.3971530E-01  3.3587300E+01
  5.5000000E+01  9.2348635E-01  3.2414409E+01
  5.6000000E+01  9.0838212E-01  3.0993464E+01
  5.7000000E+01  8.9483873E-01  2.9347276E+01
  5.8000000E+01  8.8340084E-01  2.7501683E+01
  5.9000000E+01  8.7478632E-01  2.5486117E+01
  6.0000000E+01  8.6999226E-01  2.3334256E+01
  6.1000000E+01  8.7047953E-01  2.1084633E+01
  6.2000000E+01  8.7851452E-01  1.8781062E+01
  6.3000000E+01  8.9784685E-01  1.6472750E+01
  6.4000000E+01  9.3516694E-01  1.4213999E+01
  6.5000000E+01  1.0035616E+00  1.2063418E+01
  6.6000000E+01  1.1317189E+00  1.0082629E+01
  6.7000000E+01  1.3919354E+00  8.3344675E+00
  6.8000000E+01  1.9981333E+00  6.8807458E+00
  6.9000000E+01  3.7354462E+00  5.7796728E+00
  7.0000000E+01  1.2327872E+01  5.0830645E+00
  7.1000000E+01 -2.4297648E+01  4.8335034E+00
  7.2000000E+01 -8.5830078E+00  5.0616205E+00
  7.3000000E+01 -6.1266535E+00  5.7836766E+00
  7.4000000E+01 -5.1892267E+00  6.9996118E+00
  7.5000000E+01 -4.7276828E+00  8.6917118E+00
  7.6000000E+01 -4.4745686E+00  1.0824012E+01
  7.7000000E+01  2.3092443E-01  1.3342517E+01
  7.8000000E+01  2.3530790E-01  1.6176286E+01
  7.9000000E+01  2.3760291E-01  1.9239358E+01
  8.0000000E+01  2.3846800E-01  2.2433482E+01
  8.1000000E+01  2.3836574E-01  2.5651542E+01
  8.2000000E+01  2.3763086E-01  2.8781537E+01
  8.3000000E+01  2.3651324E-01  3.1710959E+01
  8.4000000E+01  2.3520602E-01  3.4331350E+01
  8.5000000E+01  2.3386497E-01  3.6542851E+01
  8.6000000E+01  2.3262239E-01  3.8258513E+01
  8.7000000E+01  2.3159783E-01  3.9408174E+01
  8.8000000E+01  2.3090701E-01  3.9941704E+01
  8.9000000E+01  2.3067006E-01  3.9831465E+01
  9.0000000E+01  2.3101992E-01  3.9073857E+01
  9.1000000E+01  2.3211191E-01  3.7689857E+01
  9.2000000E+01  2.3413552E-01  3.5724528E+01
  9.3000000E+01  2.3733002E-01  3.3245495E+01
  9.4000000E+01  2.4200619E-01  3.0340444E+01
  9.5000000E+01  2.4857786E-01  2.7113758E+01
  9.6000000E+01  2.5760911E-01  2.3682415E+01
  9.7000000E+01  2.6988724E-01  2.0171338E+01
  9.8000000E+01  2.8653866E-01  1.6708386E+01
  9.9000000E+01  3.0921785E-01  1.3419208E+01
  1.0000000E+02  3.4042105E-01  1.0422178E+01
  1.0100000E+02  3.8400943E-01  7.8236335E+00
  1.0200000E+02  4.4605230E-01  5.7136145E+00
  1.0300000E+02  5.3600861E-01  4.1622886E+00
  1.0400000E+02 -1.4978092E+00  3.2172110E+00
  1.0500000E+02 -1.1665873E+00  2.9015325E+00
  1.0600000E+02 -8.9684594E-01  3.2132283E+00
  1.0700000E+02 -6.9738466E-01  4.1253752E+00
  1.0800000E+02 -5.5901822E-01  5.5874627E+00
  1.0900000E+02 -4.6531697E-01  7.5276777E+00
  1.1000000E+02 -4.0180924E-01  9.8560628E+00
  1.1100000E+02 -3.5841157E-01  1.2468414E+01
  1.1200000E+02 -3.2864132E-01  1.5250753E+01
  1.1300000E+02 -3.0839064E-01  1.8084180E+01
  1.1400000E+02 -2.9502438E-01  2.0849908E+01
  1.1500000E+02 -2.8681658E-01  2.3434267E+01
  1.1600000E+02 -2.8261328E-01  2.5733463E+01
  1.1700000E+02 -2.8163078E-01  2.7657890E+01
  1.1800000E+02 -2.8333352E-01  2.9135814E+01
  1.1900000E+02 -2.8735866E-01  3.0116269E+01
  1.2000000E+02 -2.9346914E-01  3.0571030E+01
  1.2100000E+02 -3.0152428E-01  3.0495584E+01
  1.2200000E+02 -3.1146178E-01  2.9909036E+01
  1.2300000E+02 -3.2328763E-01  2.8852957E+01
  1.2400000E+02 -3.3707145E-01  2.7389209E+01
  1.2500000E+02 -3.5294638E-01  2.5596841E+01
  1.2600000E+02 -3.7111264E-01  2.3568175E+01
  1.2700000E+02 -3.9184441E-01  2.1404262E+01
  1.2800000E+02 -4.1549989E-01  1.9209913E+01
  1.2900000E+02 -4.4253411E-01  1.7088521E+01
  1.3000000E+02 -4.7351384E-01  1.5136922E+01
  1.3100000E+02 -5.0913287E-01  1.3440551E+01
  1.3200000E+02  1.8174406E+00  1.2069120E+01
  1.3300000E+02  1.6729004E+00  1.1073050E+01
  1.3400000E+02  1.5317305E+00  1.0480843E+01
  1.3500000E+02  1.3953126E+00  1.0297553E+01
  1.3600000E+02  1.2651479E+00  1.0504453E+01
  1.3700000E+02  1.1427709E+00  1.1059951E+01
  1.3800000E+02  1.0296150E+00  1.1901734E+01
  1.3900000E+02  9.2685567E-01  1.2950074E+01
  1.4000000E+02  8.3527840E-01  1.4112168E+01
  1.4100000E+02  7.5521759E-01  1.5287301E+01
  1.4200000E+02  6.8659334E-01  1.6372631E+01
  1.4300000E+02  6.2903474E-01  1.7269296E+01
  1.4400000E+02  5.8205694E-01  1.7888562E+01
  1.4500000E+02  5.4526185E-01  1.8157712E+01
  1.4600000E+02  5.1855992E-01  1.8025366E+01
  1.4700000E+02  5.0245460E-01  1.7465952E+01
  1.4800000E+02  4.9850400E-01  1.6483098E+01
  1.4900000E+02  5.1023576E-01  1.5111720E+01
  1.5000000E+02  5.4522930E-01  1.3418680E+01
  1.5100000E+02  6.2039482E-01  1.1501927E+01
  1.5200000E+02  7.7634074E-01  9.4881039E+00
  1.5300000E+02  1.1129267E+00  7.5286898E+00
  1.5400000E+02  1.8274772E+00  5.7947882E+00
  1.5500000E+02  3.1465048E+00  4.4707605E+00
  1.5600000E+02  5.2816143E+00  3.7469430E+00
  1.5700000E+02  8.5977691E+00  3.8117364E+00
  1.5800000E+02  1.3873332E+01  4.8433885E+00
  1.5900000E+02 -4.3609846E-02  7.0018091E+00
  1.6000000E+02 -2.4346124E-02  1.0420761E+01
  1.6100000E+02 -1.0778724E-02  1.5200763E+01
  1.6200000E+02 -9.0319833E-04  2.1403008E+01
  1.6300000E+02  6.4878324E-03  2.9044585E+01
  1.6400000E+02  1.2154159E-02  3.8095208E+01
  1.6500000E+02  1.6591102E-02  4.8475637E+01
  1.6600000E+02  2.0130870E-02  6.0057892E+01
  1.6700000E+02  2.3001387E-02  7.2667277E+01
  1.6800000E+02  2.5361869E-02  8.6086199E+01
  1.6900000E+02  2.7325098E-02  1.0005966E+02
  1.7000000E+02  2.8971815E-02  1.1430225E+02
  1.7100000E+02  3.0360254E-02  1.2850640E+02
  1.7200000E+02  3.1532621E-02  1.4235164E+02
  1.7300000E+02  3.2519569E-02  1.5551452E+02
  1.7400000E+02  3.3343347E-02  1.6767876E+02
  1.7500000E+02  3.4020043E-02  1.7854543E+02
  1.7600000E+02  3.4561202E-02  1.8784267E+02
  1.7700000E+02  3.4974981E-02  1.9533455E+02
  1.7800000E+02  3.5266983E-02  2.0082890E+02
  1.7900000E+02  3.5440835E-02  2.0418369E+02
  1.8000000E+02  3.5498567E-02  2.0531175E+02
 
