1.2475000E+01 2.1664999E-01
1.2495000E+01 2.1760046E-01
1.2515000E+01 2.1858065E-01
1.2535000E+01 2.1959160E-01
1.2555000E+01 2.2063445E-01
1.2575000E+01 2.2171036E-01
1.2595000E+01 2.2282056E-01
1.2615000E+01 2.2396634E-01
1.2635000E+01 2.2514905E-01
1.2655000E+01 2.2637012E-01
1.2675000E+01 2.2763104E-01
1.2695000E+01 2.2893340E-01
1.2715000E+01 2.3027885E-01
1.2735000E+01 2.3166914E-01
1.2755000E+01 2.3310612E-01
1.2775000E+01 2.3459172E-01
1.2795000E+01 2.3612801E-01
1.2815000E+01 2.3771715E-01
1.2835000E+01 2.3936144E-01
1.2855000E+01 2.4106329E-01
1.2875000E+01 2.4282527E-01
1.2895000E+01 2.4465011E-01
1.2915000E+01 2.4654068E-01
1.2935000E+01 2.4850003E-01
1.2955000E+01 2.5053142E-01
1.2975000E+01 2.5263829E-01
1.2995000E+01 2.5482430E-01
1.3015000E+01 2.5709336E-01
1.3035000E+01 2.5944962E-01
1.3055000E+01 2.6189751E-01
1.3075000E+01 2.6444176E-01
1.3095000E+01 2.6708742E-01
1.3115000E+01 2.6983988E-01
1.3135000E+01 2.7270493E-01
1.3155000E+01 2.7568874E-01
1.3175000E+01 2.7879797E-01
1.3195000E+01 2.8203973E-01
1.3215000E+01 2.8542169E-01
1.3235000E+01 2.8895208E-01
1.3255000E+01 2.9263979E-01
1.3275000E+01 2.9649438E-01
1.3295000E+01 3.0052622E-01
1.3315000E+01 3.0474647E-01
1.3335000E+01 3.0916726E-01
1.3355000E+01 3.1380172E-01
1.3375000E+01 3.1866411E-01
1.3395000E+01 3.2376996E-01
1.3415000E+01 3.2913616E-01
1.3435000E+01 3.3478117E-01
1.3455000E+01 3.4072513E-01
1.3475000E+01 3.4699011E-01
1.3495000E+01 3.5360032E-01
1.3515000E+01 3.6058235E-01
1.3535000E+01 3.6796549E-01
1.3555000E+01 3.7578204E-01
1.3575000E+01 3.8406771E-01
1.3595000E+01 3.9286207E-01
1.3615000E+01 4.0220907E-01
1.3635000E+01 4.1215763E-01
1.3655000E+01 4.2276234E-01
1.3675000E+01 4.3408427E-01
1.3695000E+01 4.4619197E-01
1.3715000E+01 4.5916253E-01
1.3735000E+01 4.7308299E-01
1.3755000E+01 4.8805185E-01
1.3775000E+01 5.0418102E-01
1.3795000E+01 5.2159807E-01
1.3815000E+01 5.4044892E-01
1.3835000E+01 5.6090116E-01
1.3855000E+01 5.8314808E-01
1.3875000E+01 6.0741352E-01
1.3895000E+01 6.3395795E-01
1.3915000E+01 6.6308588E-01
1.3935000E+01 6.9515520E-01
1.3955000E+01 7.3058884E-01
1.3975000E+01 7.6988948E-01
1.3995000E+01 8.1365842E-01
1.4015000E+01 8.6261962E-01
1.4035000E+01 9.1765109E-01
1.4055000E+01 9.7982576E-01
1.4075000E+01 1.0504656E+00
1.4095000E+01 1.1312140E+00
1.4115000E+01 1.2241332E+00
1.4135000E+01 1.3318380E+00
1.4155000E+01 1.4576802E+00
1.4175000E+01 1.6060084E+00
1.4195000E+01 1.7825362E+00
1.4215000E+01 1.9948742E+00
1.4235000E+01 2.2533068E+00
1.4255000E+01 2.5719426E+00
1.4275000E+01 2.9704305E+00
1.4295000E+01 3.4765291E+00
1.4315000E+01 4.1299020E+00
1.4335000E+01 4.9874735E+00
1.4355000E+01 6.1299938E+00
1.4375000E+01 7.6664400E+00
1.4395000E+01 9.7225481E+00
1.4415000E+01 1.2371739E+01
1.4435000E+01 1.5423490E+01
1.4455000E+01 1.8062992E+01
1.4475000E+01 1.8900152E+01
1.4495000E+01 1.7242463E+01
1.4515000E+01 1.4054895E+01
1.4535000E+01 1.0763719E+01
1.4555000E+01 8.0774685E+00
1.4575000E+01 6.0835207E+00
1.4595000E+01 4.6474558E+00
1.4615000E+01 3.6139575E+00
1.4635000E+01 2.8613285E+00
1.4655000E+01 2.3041069E+00
1.4675000E+01 1.8842252E+00
1.4695000E+01 1.5623685E+00
1.4715000E+01 1.3116785E+00
1.4735000E+01 1.1135429E+00
1.4755000E+01 9.5485297E-01
1.4775000E+01 8.2622291E-01
1.4795000E+01 7.2082362E-01
1.4815000E+01 6.3361024E-01
1.4835000E+01 5.6080251E-01
1.4855000E+01 4.9953002E-01
1.4875000E+01 4.4758633E-01
1.4895000E+01 4.0325599E-01
1.4915000E+01 3.6519122E-01
1.4935000E+01 3.3232273E-01
1.4955000E+01 3.0379452E-01
1.4975000E+01 2.7891553E-01
1.4995000E+01 2.5712357E-01
1.5015000E+01 2.3795787E-01
1.5035000E+01 2.2103830E-01
1.5055000E+01 2.0604922E-01
1.5075000E+01 1.9272701E-01
1.5095000E+01 1.8085027E-01
1.5115000E+01 1.7023207E-01
1.5135000E+01 1.6071383E-01
1.5155000E+01 1.5216037E-01
1.5175000E+01 1.4445600E-01
1.5195000E+01 1.3750125E-01
1.5215000E+01 1.3121030E-01
1.5235000E+01 1.2550882E-01
1.5255000E+01 1.2033220E-01
1.5275000E+01 1.1562411E-01
1.5295000E+01 1.1133527E-01
1.5315000E+01 1.0742243E-01
1.5335000E+01 1.0384755E-01
1.5355000E+01 1.0057706E-01
1.5375000E+01 9.7581266E-02
1.5395000E+01 9.4833833E-02
1.5415000E+01 9.2311354E-02
1.5435000E+01 8.9992973E-02
1.5455000E+01 8.7860069E-02
1.5475000E+01 8.5895983E-02
1.5495000E+01 8.4085777E-02
1.5515000E+01 8.2416036E-02
1.5535000E+01 8.0874687E-02
1.5555000E+01 7.9450845E-02
1.5575000E+01 7.8134684E-02
1.5595000E+01 7.6917314E-02
1.5615000E+01 7.5790682E-02
1.5635000E+01 7.4747481E-02
1.5655000E+01 7.3781075E-02
1.5675000E+01 7.2885422E-02
1.5695000E+01 7.2055019E-02
1.5715000E+01 7.1284846E-02
1.5735000E+01 7.0570316E-02
1.5755000E+01 6.9907236E-02
1.5775000E+01 6.9291765E-02
1.5795000E+01 6.8720382E-02
1.5815000E+01 6.8189857E-02
1.5835000E+01 6.7697221E-02
1.5855000E+01 6.7239746E-02
1.5875000E+01 6.6814919E-02
1.5895000E+01 6.6420426E-02
1.5915000E+01 6.6054130E-02
1.5935000E+01 6.5714062E-02
1.5955000E+01 6.5398401E-02
1.5975000E+01 6.5105464E-02
1.5995000E+01 6.4833692E-02
1.6015000E+01 6.4581642E-02
1.6035000E+01 6.4347978E-02
1.6055000E+01 6.4131459E-02
1.6075000E+01 6.3930933E-02
1.6095000E+01 6.3745331E-02
1.6115000E+01 6.3573660E-02
1.6135000E+01 6.3414994E-02
1.6155000E+01 6.3268474E-02
1.6175000E+01 6.3133299E-02
1.6195000E+01 6.3008721E-02
1.6215000E+01 6.2894045E-02
1.6235000E+01 6.2788622E-02
1.6255000E+01 6.2691847E-02
1.6275000E+01 6.2603152E-02
1.6295000E+01 6.2522011E-02
1.6315000E+01 6.2447929E-02
1.6335000E+01 6.2380443E-02
1.6355000E+01 6.2319123E-02
1.6375000E+01 6.2263563E-02
1.6395000E+01 6.2213385E-02
1.6415000E+01 6.2168234E-02
1.6435000E+01 6.2127778E-02
1.6455000E+01 6.2091705E-02
1.6475000E+01 6.2059723E-02