1.2475000E+01 1.3206421E+01
1.2495000E+01 1.3178214E+01
1.2515000E+01 1.3149957E+01
1.2535000E+01 1.3121645E+01
1.2555000E+01 1.3093274E+01
1.2575000E+01 1.3064840E+01
1.2595000E+01 1.3036338E+01
1.2615000E+01 1.3007764E+01
1.2635000E+01 1.2979113E+01
1.2655000E+01 1.2950380E+01
1.2675000E+01 1.2921559E+01
1.2695000E+01 1.2892646E+01
1.2715000E+01 1.2863635E+01
1.2735000E+01 1.2834519E+01
1.2755000E+01 1.2805293E+01
1.2775000E+01 1.2775950E+01
1.2795000E+01 1.2746484E+01
1.2815000E+01 1.2716887E+01
1.2835000E+01 1.2687153E+01
1.2855000E+01 1.2657273E+01
1.2875000E+01 1.2627240E+01
1.2895000E+01 1.2597046E+01
1.2915000E+01 1.2566682E+01
1.2935000E+01 1.2536138E+01
1.2955000E+01 1.2505406E+01
1.2975000E+01 1.2474474E+01
1.2995000E+01 1.2443333E+01
1.3015000E+01 1.2411971E+01
1.3035000E+01 1.2380377E+01
1.3055000E+01 1.2348538E+01
1.3075000E+01 1.2316441E+01
1.3095000E+01 1.2284074E+01
1.3115000E+01 1.2251421E+01
1.3135000E+01 1.2218467E+01
1.3155000E+01 1.2185196E+01
1.3175000E+01 1.2151591E+01
1.3195000E+01 1.2117635E+01
1.3215000E+01 1.2083307E+01
1.3235000E+01 1.2048589E+01
1.3255000E+01 1.2013458E+01
1.3275000E+01 1.1977891E+01
1.3295000E+01 1.1941866E+01
1.3315000E+01 1.1905354E+01
1.3335000E+01 1.1868331E+01
1.3355000E+01 1.1830765E+01
1.3375000E+01 1.1792626E+01
1.3395000E+01 1.1753880E+01
1.3415000E+01 1.1714492E+01
1.3435000E+01 1.1674422E+01
1.3455000E+01 1.1633631E+01
1.3475000E+01 1.1592074E+01
1.3495000E+01 1.1549703E+01
1.3515000E+01 1.1506468E+01
1.3535000E+01 1.1462313E+01
1.3555000E+01 1.1417178E+01
1.3575000E+01 1.1371000E+01
1.3595000E+01 1.1323708E+01
1.3615000E+01 1.1275228E+01
1.3635000E+01 1.1225476E+01
1.3655000E+01 1.1174365E+01
1.3675000E+01 1.1121795E+01
1.3695000E+01 1.1067662E+01
1.3715000E+01 1.1011848E+01
1.3735000E+01 1.0954227E+01
1.3755000E+01 1.0894658E+01
1.3775000E+01 1.0832989E+01
1.3795000E+01 1.0769049E+01
1.3815000E+01 1.0702651E+01
1.3835000E+01 1.0633589E+01
1.3855000E+01 1.0561632E+01
1.3875000E+01 1.0486525E+01
1.3895000E+01 1.0407985E+01
1.3915000E+01 1.0325694E+01
1.3935000E+01 1.0239297E+01
1.3955000E+01 1.0148396E+01
1.3975000E+01 1.0052546E+01
1.3995000E+01 9.9512436E+00
1.4015000E+01 9.8439240E+00
1.4035000E+01 9.7299504E+00
1.4055000E+01 9.6086053E+00
1.4075000E+01 9.4790815E+00
1.4095000E+01 9.3404734E+00
1.4115000E+01 9.1917712E+00
1.4135000E+01 9.0318605E+00
1.4155000E+01 8.8595329E+00
1.4175000E+01 8.6735185E+00
1.4195000E+01 8.4725583E+00
1.4215000E+01 8.2555508E+00
1.4235000E+01 8.0218367E+00
1.4255000E+01 7.7717372E+00
1.4275000E+01 7.5075732E+00
1.4295000E+01 7.2355956E+00
1.4315000E+01 6.9696700E+00
1.4335000E+01 6.7383502E+00
1.4355000E+01 6.5984097E+00
1.4375000E+01 6.6599558E+00
1.4395000E+01 7.1284924E+00
1.4415000E+01 8.3542107E+00
1.4435000E+01 1.0804699E+01
1.4455000E+01 1.4716871E+01
1.4475000E+01 1.9349929E+01
1.4495000E+01 2.2995344E+01
1.4515000E+01 2.4600768E+01
1.4535000E+01 2.4540378E+01
1.4555000E+01 2.3654162E+01
1.4575000E+01 2.2519727E+01
1.4595000E+01 2.1404982E+01
1.4615000E+01 2.0404165E+01
1.4635000E+01 1.9536061E+01
1.4655000E+01 1.8791643E+01
1.4675000E+01 1.8153940E+01
1.4695000E+01 1.7605550E+01
1.4715000E+01 1.7131102E+01
1.4735000E+01 1.6717771E+01
1.4755000E+01 1.6355101E+01
1.4775000E+01 1.6034647E+01
1.4795000E+01 1.5749590E+01
1.4815000E+01 1.5494412E+01
1.4835000E+01 1.5264626E+01
1.4855000E+01 1.5056560E+01
1.4875000E+01 1.4867190E+01
1.4895000E+01 1.4694011E+01
1.4915000E+01 1.4534934E+01
1.4935000E+01 1.4388205E+01
1.4955000E+01 1.4252342E+01
1.4975000E+01 1.4126088E+01
1.4995000E+01 1.4008368E+01
1.5015000E+01 1.3898260E+01
1.5035000E+01 1.3794968E+01
1.5055000E+01 1.3697802E+01
1.5075000E+01 1.3606162E+01
1.5095000E+01 1.3519521E+01
1.5115000E+01 1.3437419E+01
1.5135000E+01 1.3359448E+01
1.5155000E+01 1.3285251E+01
1.5175000E+01 1.3214506E+01
1.5195000E+01 1.3146930E+01
1.5215000E+01 1.3082270E+01
1.5235000E+01 1.3020297E+01
1.5255000E+01 1.2960808E+01
1.5275000E+01 1.2903619E+01
1.5295000E+01 1.2848562E+01
1.5315000E+01 1.2795489E+01
1.5335000E+01 1.2744262E+01
1.5355000E+01 1.2694757E+01
1.5375000E+01 1.2646861E+01
1.5395000E+01 1.2600471E+01
1.5415000E+01 1.2555493E+01
1.5435000E+01 1.2511839E+01
1.5455000E+01 1.2469430E+01
1.5475000E+01 1.2428193E+01
1.5495000E+01 1.2388060E+01
1.5515000E+01 1.2348969E+01
1.5535000E+01 1.2310863E+01
1.5555000E+01 1.2273689E+01
1.5575000E+01 1.2237396E+01
1.5595000E+01 1.2201939E+01
1.5615000E+01 1.2167276E+01
1.5635000E+01 1.2133366E+01
1.5655000E+01 1.2100173E+01
1.5675000E+01 1.2067663E+01
1.5695000E+01 1.2035802E+01
1.5715000E+01 1.2004561E+01
1.5735000E+01 1.1973911E+01
1.5755000E+01 1.1943827E+01
1.5775000E+01 1.1914282E+01
1.5795000E+01 1.1885255E+01
1.5815000E+01 1.1856722E+01
1.5835000E+01 1.1828664E+01
1.5855000E+01 1.1801060E+01
1.5875000E+01 1.1773893E+01
1.5895000E+01 1.1747146E+01
1.5915000E+01 1.1720801E+01
1.5935000E+01 1.1694843E+01
1.5955000E+01 1.1669258E+01
1.5975000E+01 1.1644033E+01
1.5995000E+01 1.1619153E+01
1.6015000E+01 1.1594606E+01
1.6035000E+01 1.1570382E+01
1.6055000E+01 1.1546468E+01
1.6075000E+01 1.1522853E+01
1.6095000E+01 1.1499529E+01
1.6115000E+01 1.1476484E+01
1.6135000E+01 1.1453711E+01
1.6155000E+01 1.1431200E+01
1.6175000E+01 1.1408943E+01
1.6195000E+01 1.1386931E+01
1.6215000E+01 1.1365159E+01
1.6235000E+01 1.1343618E+01
1.6255000E+01 1.1322301E+01
1.6275000E+01 1.1301201E+01
1.6295000E+01 1.1280314E+01
1.6315000E+01 1.1259631E+01
1.6335000E+01 1.1239149E+01
1.6355000E+01 1.1218860E+01
1.6375000E+01 1.1198761E+01
1.6395000E+01 1.1178845E+01
1.6415000E+01 1.1159108E+01
1.6435000E+01 1.1139545E+01
1.6455000E+01 1.1120152E+01
1.6475000E+01 1.1100924E+01