1.2475000E+01 2.7568697E+01
1.2495000E+01 2.7523923E+01
1.2515000E+01 2.7479273E+01
1.2535000E+01 2.7434744E+01
1.2555000E+01 2.7390335E+01
1.2575000E+01 2.7346045E+01
1.2595000E+01 2.7301872E+01
1.2615000E+01 2.7257815E+01
1.2635000E+01 2.7213872E+01
1.2655000E+01 2.7170042E+01
1.2675000E+01 2.7126322E+01
1.2695000E+01 2.7082711E+01
1.2715000E+01 2.7039207E+01
1.2735000E+01 2.6995808E+01
1.2755000E+01 2.6952513E+01
1.2775000E+01 2.6909318E+01
1.2795000E+01 2.6866223E+01
1.2815000E+01 2.6823225E+01
1.2835000E+01 2.6780321E+01
1.2855000E+01 2.6737509E+01
1.2875000E+01 2.6694787E+01
1.2895000E+01 2.6652152E+01
1.2915000E+01 2.6609601E+01
1.2935000E+01 2.6567132E+01
1.2955000E+01 2.6524741E+01
1.2975000E+01 2.6482425E+01
1.2995000E+01 2.6440181E+01
1.3015000E+01 2.6398005E+01
1.3035000E+01 2.6355894E+01
1.3055000E+01 2.6313843E+01
1.3075000E+01 2.6271849E+01
1.3095000E+01 2.6229906E+01
1.3115000E+01 2.6188011E+01
1.3135000E+01 2.6146158E+01
1.3155000E+01 2.6104341E+01
1.3175000E+01 2.6062556E+01
1.3195000E+01 2.6020795E+01
1.3215000E+01 2.5979052E+01
1.3235000E+01 2.5937320E+01
1.3255000E+01 2.5895592E+01
1.3275000E+01 2.5853859E+01
1.3295000E+01 2.5812112E+01
1.3315000E+01 2.5770343E+01
1.3335000E+01 2.5728539E+01
1.3355000E+01 2.5686691E+01
1.3375000E+01 2.5644786E+01
1.3395000E+01 2.5602811E+01
1.3415000E+01 2.5560752E+01
1.3435000E+01 2.5518591E+01
1.3455000E+01 2.5476313E+01
1.3475000E+01 2.5433899E+01
1.3495000E+01 2.5391327E+01
1.3515000E+01 2.5348574E+01
1.3535000E+01 2.5305616E+01
1.3555000E+01 2.5262424E+01
1.3575000E+01 2.5218968E+01
1.3595000E+01 2.5175212E+01
1.3615000E+01 2.5131119E+01
1.3635000E+01 2.5086645E+01
1.3655000E+01 2.5041743E+01
1.3675000E+01 2.4996358E+01
1.3695000E+01 2.4950431E+01
1.3715000E+01 2.4903892E+01
1.3735000E+01 2.4856664E+01
1.3755000E+01 2.4808658E+01
1.3775000E+01 2.4759774E+01
1.3795000E+01 2.4709897E+01
1.3815000E+01 2.4658893E+01
1.3835000E+01 2.4606611E+01
1.3855000E+01 2.4552872E+01
1.3875000E+01 2.4497472E+01
1.3895000E+01 2.4440169E+01
1.3915000E+01 2.4380679E+01
1.3935000E+01 2.4318670E+01
1.3955000E+01 2.4253743E+01
1.3975000E+01 2.4185423E+01
1.3995000E+01 2.4113141E+01
1.4015000E+01 2.4036206E+01
1.4035000E+01 2.3953775E+01
1.4055000E+01 2.3864813E+01
1.4075000E+01 2.3768037E+01
1.4095000E+01 2.3661843E+01
1.4115000E+01 2.3544206E+01
1.4135000E+01 2.3412541E+01
1.4155000E+01 2.3263515E+01
1.4175000E+01 2.3092774E+01
1.4195000E+01 2.2894556E+01
1.4215000E+01 2.2661133E+01
1.4235000E+01 2.2381979E+01
1.4255000E+01 2.2042536E+01
1.4275000E+01 2.1622344E+01
1.4295000E+01 2.1092211E+01
1.4315000E+01 2.0409945E+01
1.4335000E+01 1.9514147E+01
1.4355000E+01 1.8316132E+01
1.4375000E+01 1.6692948E+01
1.4395000E+01 1.4495084E+01
1.4415000E+01 1.1612775E+01
1.4435000E+01 8.1965801E+00
1.4455000E+01 5.0623636E+00
1.4475000E+01 3.7137168E+00
1.4495000E+01 5.0303641E+00
1.4515000E+01 8.1213759E+00
1.4535000E+01 1.1481671E+01
1.4555000E+01 1.4299757E+01
1.4575000E+01 1.6429316E+01
1.4595000E+01 1.7982617E+01
1.4615000E+01 1.9110390E+01
1.4635000E+01 1.9936109E+01
1.4655000E+01 2.0548651E+01
1.4675000E+01 2.1009461E+01
1.4695000E+01 2.1360718E+01
1.4715000E+01 2.1631575E+01
1.4735000E+01 2.1842448E+01
1.4755000E+01 2.2007853E+01
1.4775000E+01 2.2138279E+01
1.4795000E+01 2.2241422E+01
1.4815000E+01 2.2323015E+01
1.4835000E+01 2.2387386E+01
1.4855000E+01 2.2437851E+01
1.4875000E+01 2.2476974E+01
1.4895000E+01 2.2506767E+01
1.4915000E+01 2.2528821E+01
1.4935000E+01 2.2544407E+01
1.4955000E+01 2.2554551E+01
1.4975000E+01 2.2560087E+01
1.4995000E+01 2.2561698E+01
1.5015000E+01 2.2559949E+01
1.5035000E+01 2.2555307E+01
1.5055000E+01 2.2548166E+01
1.5075000E+01 2.2538854E+01
1.5095000E+01 2.2527651E+01
1.5115000E+01 2.2514794E+01
1.5135000E+01 2.2500485E+01
1.5155000E+01 2.2484899E+01
1.5175000E+01 2.2468184E+01
1.5195000E+01 2.2450472E+01
1.5215000E+01 2.2431875E+01
1.5235000E+01 2.2412490E+01
1.5255000E+01 2.2392405E+01
1.5275000E+01 2.2371696E+01
1.5295000E+01 2.2350427E+01
1.5315000E+01 2.2328660E+01
1.5335000E+01 2.2306445E+01
1.5355000E+01 2.2283829E+01
1.5375000E+01 2.2260853E+01
1.5395000E+01 2.2237554E+01
1.5415000E+01 2.2213966E+01
1.5435000E+01 2.2190118E+01
1.5455000E+01 2.2166036E+01
1.5475000E+01 2.2141745E+01
1.5495000E+01 2.2117265E+01
1.5515000E+01 2.2092618E+01
1.5535000E+01 2.2067820E+01
1.5555000E+01 2.2042887E+01
1.5575000E+01 2.2017835E+01
1.5595000E+01 2.1992676E+01
1.5615000E+01 2.1967423E+01
1.5635000E+01 2.1942087E+01
1.5655000E+01 2.1916677E+01
1.5675000E+01 2.1891204E+01
1.5695000E+01 2.1865676E+01
1.5715000E+01 2.1840100E+01
1.5735000E+01 2.1814484E+01
1.5755000E+01 2.1788835E+01
1.5775000E+01 2.1763158E+01
1.5795000E+01 2.1737459E+01
1.5815000E+01 2.1711743E+01
1.5835000E+01 2.1686015E+01
1.5855000E+01 2.1660280E+01
1.5875000E+01 2.1634542E+01
1.5895000E+01 2.1608804E+01
1.5915000E+01 2.1583070E+01
1.5935000E+01 2.1557343E+01
1.5955000E+01 2.1531626E+01
1.5975000E+01 2.1505922E+01
1.5995000E+01 2.1480234E+01
1.6015000E+01 2.1454564E+01
1.6035000E+01 2.1428915E+01
1.6055000E+01 2.1403288E+01
1.6075000E+01 2.1377685E+01
1.6095000E+01 2.1352109E+01
1.6115000E+01 2.1326560E+01
1.6135000E+01 2.1301041E+01
1.6155000E+01 2.1275553E+01
1.6175000E+01 2.1250097E+01
1.6195000E+01 2.1224675E+01
1.6215000E+01 2.1199288E+01
1.6235000E+01 2.1173937E+01
1.6255000E+01 2.1148623E+01
1.6275000E+01 2.1123347E+01
1.6295000E+01 2.1098110E+01
1.6315000E+01 2.1072912E+01
1.6335000E+01 2.1047755E+01
1.6355000E+01 2.1022640E+01
1.6375000E+01 2.0997566E+01
1.6395000E+01 2.0972535E+01
1.6415000E+01 2.0947547E+01
1.6435000E+01 2.0922603E+01
1.6455000E+01 2.0897704E+01
1.6475000E+01 2.0872849E+01