1.2475000E+01 7.3602897E+00
1.2495000E+01 7.3488979E+00
1.2515000E+01 7.3375505E+00
1.2535000E+01 7.3262476E+00
1.2555000E+01 7.3149892E+00
1.2575000E+01 7.3037754E+00
1.2595000E+01 7.2926063E+00
1.2615000E+01 7.2814818E+00
1.2635000E+01 7.2704022E+00
1.2655000E+01 7.2593675E+00
1.2675000E+01 7.2483779E+00
1.2695000E+01 7.2374334E+00
1.2715000E+01 7.2265343E+00
1.2735000E+01 7.2156806E+00
1.2755000E+01 7.2048727E+00
1.2775000E+01 7.1941106E+00
1.2795000E+01 7.1833946E+00
1.2815000E+01 7.1727250E+00
1.2835000E+01 7.1621020E+00
1.2855000E+01 7.1515258E+00
1.2875000E+01 7.1409968E+00
1.2895000E+01 7.1305153E+00
1.2915000E+01 7.1200817E+00
1.2935000E+01 7.1096963E+00
1.2955000E+01 7.0993596E+00
1.2975000E+01 7.0890720E+00
1.2995000E+01 7.0788339E+00
1.3015000E+01 7.0686460E+00
1.3035000E+01 7.0585087E+00
1.3055000E+01 7.0484226E+00
1.3075000E+01 7.0383885E+00
1.3095000E+01 7.0284069E+00
1.3115000E+01 7.0184785E+00
1.3135000E+01 7.0086043E+00
1.3155000E+01 6.9987850E+00
1.3175000E+01 6.9890216E+00
1.3195000E+01 6.9793149E+00
1.3215000E+01 6.9696662E+00
1.3235000E+01 6.9600764E+00
1.3255000E+01 6.9505468E+00
1.3275000E+01 6.9410787E+00
1.3295000E+01 6.9316736E+00
1.3315000E+01 6.9223328E+00
1.3335000E+01 6.9130582E+00
1.3355000E+01 6.9038513E+00
1.3375000E+01 6.8947141E+00
1.3395000E+01 6.8856487E+00
1.3415000E+01 6.8766572E+00
1.3435000E+01 6.8677421E+00
1.3455000E+01 6.8589060E+00
1.3475000E+01 6.8501516E+00
1.3495000E+01 6.8414821E+00
1.3515000E+01 6.8329007E+00
1.3535000E+01 6.8244110E+00
1.3555000E+01 6.8160171E+00
1.3575000E+01 6.8077232E+00
1.3595000E+01 6.7995341E+00
1.3615000E+01 6.7914548E+00
1.3635000E+01 6.7834912E+00
1.3655000E+01 6.7756493E+00
1.3675000E+01 6.7679361E+00
1.3695000E+01 6.7603591E+00
1.3715000E+01 6.7529267E+00
1.3735000E+01 6.7456483E+00
1.3755000E+01 6.7385340E+00
1.3775000E+01 6.7315956E+00
1.3795000E+01 6.7248457E+00
1.3815000E+01 6.7182988E+00
1.3835000E+01 6.7119711E+00
1.3855000E+01 6.7058809E+00
1.3875000E+01 6.7000488E+00
1.3895000E+01 6.6944982E+00
1.3915000E+01 6.6892557E+00
1.3935000E+01 6.6843520E+00
1.3955000E+01 6.6798220E+00
1.3975000E+01 6.6757063E+00
1.3995000E+01 6.6720515E+00
1.4015000E+01 6.6689122E+00
1.4035000E+01 6.6663523E+00
1.4055000E+01 6.6644467E+00
1.4075000E+01 6.6632845E+00
1.4095000E+01 6.6629712E+00
1.4115000E+01 6.6636336E+00
1.4135000E+01 6.6654244E+00
1.4155000E+01 6.6685285E+00
1.4175000E+01 6.6731718E+00
1.4195000E+01 6.6796315E+00
1.4215000E+01 6.6882488E+00
1.4235000E+01 6.6994452E+00
1.4255000E+01 6.7137400E+00
1.4275000E+01 6.7317661E+00
1.4295000E+01 6.7542746E+00
1.4315000E+01 6.7821016E+00
1.4335000E+01 6.8160302E+00
1.4355000E+01 6.8563885E+00
1.4375000E+01 6.9020072E+00
1.4395000E+01 6.9477607E+00
1.4415000E+01 6.9795758E+00
1.4435000E+01 6.9677240E+00
1.4455000E+01 6.8699163E+00
1.4475000E+01 6.6691182E+00
1.4495000E+01 6.4213179E+00
1.4515000E+01 6.2137456E+00
1.4535000E+01 6.0824539E+00
1.4555000E+01 6.0138678E+00
1.4575000E+01 5.9834970E+00
1.4595000E+01 5.9733508E+00
1.4615000E+01 5.9730058E+00
1.4635000E+01 5.9769448E+00
1.4655000E+01 5.9823626E+00
1.4675000E+01 5.9878751E+00
1.4695000E+01 5.9928295E+00
1.4715000E+01 5.9969475E+00
1.4735000E+01 6.0001408E+00
1.4755000E+01 6.0024157E+00
1.4775000E+01 6.0038229E+00
1.4795000E+01 6.0044315E+00
1.4815000E+01 6.0043159E+00
1.4835000E+01 6.0035487E+00
1.4855000E+01 6.0021977E+00
1.4875000E+01 6.0003246E+00
1.4895000E+01 5.9979851E+00
1.4915000E+01 5.9952284E+00
1.4935000E+01 5.9920984E+00
1.4955000E+01 5.9886337E+00
1.4975000E+01 5.9848687E+00
1.4995000E+01 5.9808337E+00
1.5015000E+01 5.9765555E+00
1.5035000E+01 5.9720579E+00
1.5055000E+01 5.9673620E+00
1.5075000E+01 5.9624868E+00
1.5095000E+01 5.9574490E+00
1.5115000E+01 5.9522635E+00
1.5135000E+01 5.9469440E+00
1.5155000E+01 5.9415025E+00
1.5175000E+01 5.9359498E+00
1.5195000E+01 5.9302958E+00
1.5215000E+01 5.9245494E+00
1.5235000E+01 5.9187186E+00
1.5255000E+01 5.9128106E+00
1.5275000E+01 5.9068323E+00
1.5295000E+01 5.9007894E+00
1.5315000E+01 5.8946877E+00
1.5335000E+01 5.8885321E+00
1.5355000E+01 5.8823273E+00
1.5375000E+01 5.8760774E+00
1.5395000E+01 5.8697864E+00
1.5415000E+01 5.8634579E+00
1.5435000E+01 5.8570951E+00
1.5455000E+01 5.8507010E+00
1.5475000E+01 5.8442786E+00
1.5495000E+01 5.8378303E+00
1.5515000E+01 5.8313587E+00
1.5535000E+01 5.8248658E+00
1.5555000E+01 5.8183539E+00
1.5575000E+01 5.8118247E+00
1.5595000E+01 5.8052802E+00
1.5615000E+01 5.7987219E+00
1.5635000E+01 5.7921514E+00
1.5655000E+01 5.7855703E+00
1.5675000E+01 5.7789797E+00
1.5695000E+01 5.7723810E+00
1.5715000E+01 5.7657755E+00
1.5735000E+01 5.7591640E+00
1.5755000E+01 5.7525478E+00
1.5775000E+01 5.7459278E+00
1.5795000E+01 5.7393049E+00
1.5815000E+01 5.7326800E+00
1.5835000E+01 5.7260538E+00
1.5855000E+01 5.7194271E+00
1.5875000E+01 5.7128006E+00
1.5895000E+01 5.7061751E+00
1.5915000E+01 5.6995511E+00
1.5935000E+01 5.6929292E+00
1.5955000E+01 5.6863099E+00
1.5975000E+01 5.6796939E+00
1.5995000E+01 5.6730816E+00
1.6015000E+01 5.6664735E+00
1.6035000E+01 5.6598700E+00
1.6055000E+01 5.6532715E+00
1.6075000E+01 5.6466785E+00
1.6095000E+01 5.6400913E+00
1.6115000E+01 5.6335102E+00
1.6135000E+01 5.6269357E+00
1.6155000E+01 5.6203679E+00
1.6175000E+01 5.6138073E+00
1.6195000E+01 5.6072541E+00
1.6215000E+01 5.6007085E+00
1.6235000E+01 5.5941708E+00
1.6255000E+01 5.5876413E+00
1.6275000E+01 5.5811202E+00
1.6295000E+01 5.5746077E+00
1.6315000E+01 5.5681040E+00
1.6335000E+01 5.5616093E+00
1.6355000E+01 5.5551237E+00
1.6375000E+01 5.5486476E+00
1.6395000E+01 5.5421809E+00
1.6415000E+01 5.5357239E+00
1.6435000E+01 5.5292767E+00
1.6455000E+01 5.5228395E+00
1.6475000E+01 5.5164123E+00