 -4.6759073E+02 -2.2462411E+01  0.0000000E+00
 -4.6538722E+02 -2.1859712E+01  1.0000000E+00
 -4.5882247E+02 -2.0083780E+01  2.0000000E+00
 -4.4803257E+02 -1.7229321E+01  3.0000000E+00
 -4.3324019E+02 -1.3448339E+01  4.0000000E+00
 -4.1474862E+02 -8.9417200E+00  5.0000000E+00
 -3.9293351E+02 -3.9481373E+00  6.0000000E+00
 -3.6823282E+02  1.2690919E+00  7.0000000E+00
 -3.4113509E+02  6.4364535E+00  8.0000000E+00
 -3.1216648E+02  1.1285165E+01  9.0000000E+00
 -2.8187698E+02  1.5565747E+01  1.0000000E+01
 -2.5082612E+02  1.9061416E+01  1.1000000E+01
 -2.1956869E+02  2.1599571E+01  1.2000000E+01
 -1.8864091E+02  2.3060732E+01  1.3000000E+01
 -1.5854737E+02  2.3384462E+01  1.4000000E+01
 -1.2974920E+02  2.2571985E+01  1.5000000E+01
 -1.0265382E+02  2.0685376E+01  1.6000000E+01
 -7.7606552E+01  1.7843420E+01  1.7000000E+01
 -5.4884235E+01  1.4214427E+01  1.8000000E+01
 -3.4691165E+01  1.0006430E+01  1.9000000E+01
 -1.7157302E+01  5.4553642E+00  2.0000000E+01
 -2.3388069E+00  8.1191583E-01  2.1000000E+01
  9.7791733E+00 -3.6722119E+00  2.2000000E+01
  1.9277646E+01 -7.7578431E+00  2.3000000E+01
  2.6297048E+01 -1.1230940E+01  2.4000000E+01
  3.1028951E+01 -1.3913608E+01  2.5000000E+01
  3.3706540E+01 -1.5672925E+01  2.6000000E+01
  3.4594235E+01 -1.6427159E+01  2.7000000E+01
  3.3976863E+01 -1.6149106E+01  2.8000000E+01
  3.2148793E+01 -1.4866430E+01  2.9000000E+01
  2.9403416E+01 -1.2659074E+01  3.0000000E+01
  2.6023374E+01 -9.6539584E+00  3.1000000E+01
  2.2271841E+01 -6.0173414E+00  3.2000000E+01
  1.8385165E+01 -1.9453128E+00  3.3000000E+01
  1.4567072E+01  2.3469987E+00  3.4000000E+01
  1.0984596E+01  6.6368887E+00  3.5000000E+01
  7.7657860E+00  1.0705576E+01  3.6000000E+01
  4.9992039E+00  1.4349122E+01  3.7000000E+01
  2.7351130E+00  1.7388216E+01  3.8000000E+01
  9.8821666E-01  1.9676356E+01  3.9000000E+01
 -2.5827439E-01  2.1106053E+01  4.0000000E+01
 -1.0475096E+00  2.1612825E+01  4.1000000E+01
 -1.4431030E+00  2.1176870E+01  4.2000000E+01
 -1.5227983E+00  1.9822426E+01  4.3000000E+01
 -1.3720265E+00  1.7614978E+01  4.4000000E+01
 -1.0776751E+00  1.4656542E+01  4.5000000E+01
 -7.2236586E-01  1.1079388E+01  4.6000000E+01
 -3.7949967E-01  7.0385758E+00  4.7000000E+01
 -1.0927600E-01  2.7037796E+00  4.8000000E+01
  4.4161572E-02 -1.7491763E+00  4.9000000E+01
  5.4367663E-02 -6.1466099E+00  5.0000000E+01
 -8.6995372E-02 -1.0324709E+01  5.1000000E+01
 -3.7093610E-01 -1.4136343E+01  5.2000000E+01
 -7.7299539E-01 -1.7456687E+01  5.3000000E+01
 -1.2560315E+00 -2.0187463E+01  5.4000000E+01
 -1.7737263E+00 -2.2259686E+01  5.5000000E+01
 -2.2745772E+00 -2.3634894E+01  5.6000000E+01
 -2.7061226E+00 -2.4304919E+01  5.7000000E+01
 -3.0191407E+00 -2.4290306E+01  5.8000000E+01
 -3.1715730E+00 -2.3637586E+01  5.9000000E+01
 -3.1319442E+00 -2.2415600E+01  6.0000000E+01
 -2.8820834E+00 -2.0711128E+01  6.1000000E+01
 -2.4189951E+00 -1.8624088E+01  6.2000000E+01
 -1.7557770E+00 -1.6262552E+01  6.3000000E+01
 -9.2153821E-01 -1.3737811E+01  6.4000000E+01
  3.9675388E-02 -1.1159715E+01  6.5000000E+01
  1.0708855E+00 -8.6324372E+00  6.6000000E+01
  2.1050034E+00 -6.2508338E+00  6.7000000E+01
  3.0683136E+00 -4.0974599E+00  6.8000000E+01
  3.8844293E+00 -2.2403229E+00  6.9000000E+01
  4.4785036E+00 -7.3137799E-01  7.0000000E+01
  4.7814722E+00  3.9424268E-01  7.1000000E+01
  4.7340959E+00  1.1183126E+00  7.2000000E+01
  4.2905887E+00  1.4389662E+00  7.3000000E+01
  3.4216358E+00  1.3696076E+00  7.4000000E+01
  2.1166358E+00  9.3736029E-01  7.5000000E+01
  3.8504576E-01  1.8115182E-01  7.6000000E+01
 -1.7432517E+00 -8.5047112E-01  7.7000000E+01
 -4.2185887E+00 -2.1017056E+00  7.8000000E+01
 -6.9731398E+00 -3.5119439E+00  7.9000000E+01
 -9.9234679E+00 -5.0182308E+00  8.0000000E+01
 -1.2973877E+01 -6.5576494E+00  8.1000000E+01
 -1.6020414E+01 -8.0695651E+00  8.2000000E+01
 -1.8955342E+01 -9.4976640E+00  8.3000000E+01
 -2.1671876E+01 -1.0791730E+01  8.4000000E+01
 -2.4068948E+01 -1.1909111E+01  8.5000000E+01
 -2.6055808E+01 -1.2815834E+01  8.6000000E+01
 -2.7556212E+01 -1.3487346E+01  8.7000000E+01
 -2.8512025E+01 -1.3908845E+01  8.8000000E+01
 -2.8886064E+01 -1.4075224E+01  8.9000000E+01
 -2.8664029E+01 -1.3990605E+01  9.0000000E+01
 -2.7855456E+01 -1.3667517E+01  9.1000000E+01
 -2.6493608E+01 -1.3125735E+01  9.2000000E+01
 -2.4634337E+01 -1.2390857E+01  9.3000000E+01
 -2.2353924E+01 -1.1492667E+01  9.4000000E+01
 -1.9746015E+01 -1.0463387E+01  9.5000000E+01
 -1.6917765E+01 -9.3358938E+00  9.6000000E+01
 -1.3985365E+01 -8.1419992E+00  9.7000000E+01
 -1.1069142E+01 -6.9108885E+00  9.8000000E+01
 -8.2884436E+00 -5.6678000E+00  9.9000000E+01
 -5.7565394E+00 -4.4330216E+00  1.0000000E+02
 -3.5757512E+00 -3.2212621E+00  1.0100000E+02
 -1.8330395E+00 -2.0414316E+00  1.0200000E+02
 -5.9623728E-01 -8.9684485E-01  1.0300000E+02
  8.8898632E-02  2.1417036E-01  1.0400000E+02
  2.0068300E-01  1.2972978E+00  1.0500000E+02
 -2.5754838E-01  2.3609581E+00  1.0600000E+02
 -1.2575833E+00  3.4148209E+00  1.0700000E+02
 -2.7475718E+00  4.4682058E+00  1.0800000E+02
 -4.6543100E+00  5.5284861E+00  1.0900000E+02
 -6.8864738E+00  6.5996088E+00  1.1000000E+02
 -9.3386635E+00  7.6808422E+00  1.1100000E+02
 -1.1896085E+01  8.7658462E+00  1.1200000E+02
 -1.4439658E+01  9.8421458E+00  1.1300000E+02
 -1.6851329E+01  1.0891057E+01  1.1400000E+02
 -1.9019350E+01  1.1888089E+01  1.1500000E+02
 -2.0843277E+01  1.2803818E+01  1.1600000E+02
 -2.2238468E+01  1.3605181E+01  1.1700000E+02
 -2.3139875E+01  1.4257137E+01  1.1800000E+02
 -2.3504938E+01  1.4724577E+01  1.1900000E+02
 -2.3315456E+01  1.4974390E+01  1.2000000E+02
 -2.2578337E+01  1.4977545E+01  1.2100000E+02
 -2.1325183E+01  1.4711055E+01  1.2200000E+02
 -1.9610722E+01  1.4159708E+01  1.2300000E+02
 -1.7510161E+01  1.3317440E+01  1.2400000E+02
 -1.5115552E+01  1.2188265E+01  1.2500000E+02
 -1.2531371E+01  1.0786693E+01  1.2600000E+02
 -9.8694714E+00  9.1376003E+00  1.2700000E+02
 -7.2436868E+00  7.2755551E+00  1.2800000E+02
 -4.7643063E+00  5.2436299E+00  1.2900000E+02
 -2.5327050E+00  3.0917624E+00  1.3000000E+02
 -6.3638425E-01  8.7476042E-01  1.3100000E+02
  8.5533292E-01 -1.3499400E+00  1.3200000E+02
  1.8947319E+00 -3.5246360E+00  1.3300000E+02
  2.4580833E+00 -5.5937092E+00  1.3400000E+02
  2.5468332E+00 -7.5058385E+00  1.3500000E+02
  2.1875297E+00 -9.2159595E+00  1.3600000E+02
  1.4304639E+00 -1.0686872E+01  1.3700000E+02
  3.4707031E-01 -1.1890425E+01  1.3800000E+02
 -9.7381584E-01 -1.2808230E+01  1.3900000E+02
 -2.4306841E+00 -1.3431894E+01  1.4000000E+02
 -3.9148520E+00 -1.3762784E+01  1.4100000E+02
 -5.3164962E+00 -1.3811361E+01  1.4200000E+02
 -6.5309358E+00 -1.3596166E+01  1.4300000E+02
 -7.4648693E+00 -1.3142514E+01  1.4400000E+02
 -8.0422687E+00 -1.2481024E+01  1.4500000E+02
 -8.2096371E+00 -1.1646052E+01  1.4600000E+02
 -7.9403649E+00 -1.0674148E+01  1.4700000E+02
 -7.2379511E+00 -9.6026014E+00  1.4800000E+02
 -6.1379054E+00 -8.4681640E+00  1.4900000E+02
 -4.7082013E+00 -7.3059853E+00  1.5000000E+02
 -3.0482124E+00 -6.1488005E+00  1.5100000E+02
 -1.2861321E+00 -5.0263740E+00  1.5200000E+02
  4.2505780E-01 -3.9651848E+00  1.5300000E+02
  1.9129379E+00 -2.9883240E+00  1.5400000E+02
  2.9921290E+00 -2.1155567E+00  1.5500000E+02
  3.4716524E+00 -1.3634967E+00  1.5600000E+02
  3.1628852E+00 -7.4583510E-01  1.5700000E+02
  1.8877915E+00 -2.7356817E-01  1.5800000E+02
 -5.1290747E-01  4.4820873E-02  1.5900000E+02
 -4.1719633E+00  2.0326275E-01  1.6000000E+02
 -9.1885621E+00  1.9810496E-01  1.6100000E+02
 -1.5622322E+01  2.8220134E-02  1.6200000E+02
 -2.3488598E+01 -3.0479301E-01  1.6300000E+02
 -3.2755308E+01 -7.9634407E-01  1.6400000E+02
 -4.3341449E+01 -1.4385608E+00  1.6500000E+02
 -5.5117400E+01 -2.2200220E+00  1.6600000E+02
 -6.7907033E+01 -3.1255655E+00  1.6700000E+02
 -8.1491598E+01 -4.1362190E+00  1.6800000E+02
 -9.5615266E+01 -5.2292976E+00  1.6900000E+02
 -1.0999215E+02 -6.3786984E+00  1.7000000E+02
 -1.2431457E+02 -7.5554082E+00  1.7100000E+02
 -1.3826230E+02 -8.7282243E+00  1.7200000E+02
 -1.5151240E+02 -9.8646680E+00  1.7300000E+02
 -1.6374936E+02 -1.0932058E+01  1.7400000E+02
 -1.7467521E+02 -1.1898687E+01  1.7500000E+02
 -1.8401905E+02 -1.2735051E+01  1.7600000E+02
 -1.9154597E+02 -1.3415043E+01  1.7700000E+02
 -1.9706464E+02 -1.3917060E+01  1.7800000E+02
 -2.0043374E+02 -1.4224945E+01  1.7900000E+02
 -2.0156651E+02 -1.4328701E+01  1.8000000E+02
 
