  0.0000000E+00  2.2202000E+01  2.4520563E+03
  1.0000000E+00  2.1956618E+01  2.4400630E+03
  2.0000000E+00  2.1252080E+01  2.4044115E+03
  3.0000000E+00  2.0173568E+01  2.3460722E+03
  4.0000000E+00  1.8836050E+01  2.2666139E+03
  5.0000000E+00  1.7357673E+01  2.1681352E+03
  6.0000000E+00  1.5840028E+01  2.0531736E+03
  7.0000000E+00  1.4358860E+01  1.9245988E+03
  8.0000000E+00  1.2963458E+01  1.7854961E+03
  9.0000000E+00  1.1680968E+01  1.6390468E+03
  1.0000000E+01  1.0522302E+01  1.4884121E+03
  1.1000000E+01  9.4876600E+00  1.3366265E+03
  1.2000000E+01  8.5708877E+00  1.1865055E+03
  1.3000000E+01  7.7625403E+00  1.0405716E+03
  1.4000000E+01  7.0518866E+00  9.0100092E+02
  1.5000000E+01  6.4281225E+00  7.6959092E+02
  1.6000000E+01  5.8810537E+00  6.4774828E+02
  1.7000000E+01  5.4014435E+00  5.3649564E+02
  1.8000000E+01  4.9811652E+00  4.3649335E+02
  1.9000000E+01 -2.1676650E-01  3.4807290E+02
  2.0000000E+01 -2.3299333E-01  2.7127787E+02
  2.1000000E+01 -2.4920054E-01  2.0590833E+02
  2.2000000E+01 -2.6504410E-01  1.5156515E+02
  2.3000000E+01 -2.7997574E-01  1.0769122E+02
  2.4000000E+01 -2.9300981E-01  7.3607543E+01
  2.5000000E+01 -3.0206209E-01  4.8542935E+01
  2.6000000E+01 -3.0155442E-01  3.1657261E+01
  2.7000000E+01 -2.6900325E-01  2.2058729E+01
  2.8000000E+01  6.1973356E-02  1.8816565E+01
  2.9000000E+01  1.5793474E+00  2.0970802E+01
  3.0000000E+01  1.8587735E+00  2.7541038E+01
  3.1000000E+01  1.9028467E+00  3.7535985E+01
  3.2000000E+01  1.8874688E+00  4.9965270E+01
  3.3000000E+01  1.8517840E+00  6.3854443E+01
  3.4000000E+01  1.8089281E+00  7.8263528E+01
  3.5000000E+01  1.7642954E+00  9.2308769E+01
  3.6000000E+01  1.7203537E+00  1.0518659E+02
  3.7000000E+01  1.6782937E+00  1.1619827E+02
  3.8000000E+01  1.6386989E+00  1.2477338E+02
  3.9000000E+01  1.6018522E+00  1.3049011E+02
  4.0000000E+01  1.5678931E+00  1.3309025E+02
  4.1000000E+01  1.5369049E+00  1.3248742E+02
  4.2000000E+01  1.5089727E+00  1.2876695E+02
  4.3000000E+01 -6.7375023E-01  1.2217720E+02
  4.4000000E+01 -6.8357138E-01  1.1311195E+02
  4.5000000E+01 -6.9185438E-01  1.0208495E+02
  4.6000000E+01 -6.9815598E-01  8.9697879E+01
  4.7000000E+01 -7.0181670E-01  7.6603692E+01
  4.8000000E+01 -7.0180863E-01  6.3467790E+01
  4.9000000E+01 -6.9644156E-01  5.0929425E+01
  5.0000000E+01 -6.8274633E-01  3.9565918E+01
  5.1000000E+01 -6.5504097E-01  2.9861954E+01
  5.2000000E+01 -6.0114646E-01  2.2185809E+01
  5.3000000E+01 -4.9091116E-01  1.6773858E+01
  5.4000000E+01 -2.4329479E-01  1.3724016E+01
  5.5000000E+01  2.0263092E-01  1.2998153E+01
  5.6000000E+01  5.2664323E-01  1.4432824E+01
  5.7000000E+01  6.7528359E-01  1.7757126E+01
  5.8000000E+01  7.4740861E-01  2.2616020E+01
  5.9000000E+01  7.8488074E-01  2.8597179E+01
  6.0000000E+01  8.0435064E-01  3.5259292E+01
  6.1000000E+01  8.1340690E-01  4.2159797E+01
  6.2000000E+01  8.1594159E-01  4.8880227E+01
  6.3000000E+01  8.1414096E-01  5.5047664E+01
  6.4000000E+01  8.0932410E-01  6.0351233E+01
  6.5000000E+01  8.0233555E-01  6.4553029E+01
  6.6000000E+01  7.9374589E-01  6.7493346E+01
  6.7000000E+01 -1.2755720E+00  6.9090525E+01
  6.8000000E+01 -1.2931721E+00  6.9336092E+01
  6.9000000E+01 -1.3123570E+00  6.8286163E+01
  7.0000000E+01 -1.3328514E+00  6.6050223E+01
  7.1000000E+01 -1.3543534E+00  6.2778481E+01
  7.2000000E+01 -1.3764876E+00  5.8648909E+01
  7.3000000E+01 -1.3987469E+00  5.3854963E+01
  7.4000000E+01 -1.4204100E+00  4.8594742E+01
  7.5000000E+01 -1.4404203E+00  4.3062106E+01
  7.6000000E+01 -1.4571952E+00  3.7440014E+01
  7.7000000E+01 -1.4683149E+00  3.1896049E+01
  7.8000000E+01 -1.4699959E+00  2.6579940E+01
  7.9000000E+01 -1.4561599E+00  2.1622677E+01
  8.0000000E+01 -1.4167244E+00  1.7136750E+01
  8.1000000E+01 -1.3344038E+00  1.3216997E+01
  8.2000000E+01 -1.1791831E+00  9.9415771E+00
  8.3000000E+01 -9.0500352E-01  7.3726888E+00
  8.4000000E+01 -5.0122515E-01  5.5567529E+00
  8.5000000E+01 -1.5030815E-01  4.5239460E+00
  8.6000000E+01  2.6243730E-02  4.2871109E+00
  8.7000000E+01  1.0573805E-01  4.8402107E+00
  8.8000000E+01  1.4279012E-01  6.1566022E+00
  8.9000000E+01  1.5945205E-01  8.1874745E+00
  9.0000000E+01  3.0826848E-01  1.0860827E+01
  9.1000000E+01 -6.0743288E+00  1.4081337E+01
  9.2000000E+01 -6.2416753E+00  1.7731422E+01
  9.3000000E+01 -6.5186788E+00  2.1673669E+01
  9.4000000E+01 -6.8914597E+00  2.5754728E+01
  9.5000000E+01 -7.3576183E+00  2.9810594E+01
  9.6000000E+01 -7.9218692E+00  3.3673086E+01
  9.7000000E+01 -8.5943188E+00  3.7177200E+01
  9.8000000E+01 -9.3898765E+00  4.0168924E+01
  9.9000000E+01 -1.0328128E+01  4.2513023E+01
  1.0000000E+02 -1.1433190E+01  4.4100293E+01
  1.0100000E+02 -1.2732917E+01  4.4853767E+01
  1.0200000E+02 -1.4256316E+01  4.4733433E+01
  1.0300000E+02 -1.6026990E+01  4.3739104E+01
  1.0400000E+02 -1.8048667E+01  4.1911175E+01
  1.0500000E+02 -2.0276721E+01  3.9329163E+01
  1.0600000E+02 -2.2569843E+01  3.6108065E+01
  1.0700000E+02 -2.4627536E+01  3.2392695E+01
  1.0800000E+02 -2.5957600E+01  2.8350317E+01
  1.0900000E+02 -2.5975585E+01  2.4161999E+01
  1.1000000E+02 -2.4309214E+01  2.0013182E+01
  1.1100000E+02 -2.1130247E+01  1.6084036E+01
  1.1200000E+02 -1.7131388E+01  1.2540171E+01
  1.1300000E+02 -1.3112971E+01  9.5242510E+00
  1.1400000E+02  1.0406719E-01  7.1490102E+00
  1.1500000E+02  1.4664378E-01  5.4920697E+00
  1.1600000E+02  2.1155117E-01  4.5928408E+00
  1.1700000E+02  3.0958060E-01  4.4516705E+00
  1.1800000E+02  4.5185274E-01  5.0312414E+00
  1.1900000E+02  6.3858109E-01  6.2600957E+00
  1.2000000E+02  8.4731601E-01  8.0380283E+00
  1.2100000E+02  1.0442100E+00  1.0242974E+01
  1.2200000E+02  1.2066239E+00  1.2738939E+01
  1.2300000E+02  1.3280883E+00  1.5384455E+01
  1.2400000E+02  1.4114891E+00  1.8041032E+01
  1.2500000E+02  1.4630162E+00  2.0581088E+01
  1.2600000E+02  1.4892016E+00  2.2894876E+01
  1.2700000E+02  1.4958271E+00  2.4896010E+01
  1.2800000E+02  1.4876583E+00  2.6525295E+01
  1.2900000E+02  1.4684915E+00  2.7752668E+01
  1.3000000E+02  1.4412972E+00  2.8577190E+01
  1.3100000E+02  1.4083758E+00  2.9025141E+01
  1.3200000E+02  1.3714969E+00  2.9146408E+01
  1.3300000E+02  1.3320146E+00  2.9009432E+01
  1.3400000E+02  1.2909601E+00  2.8695068E+01
  1.3500000E+02  1.2491159E+00  2.8289796E+01
  1.3600000E+02  1.2070733E+00  2.7878702E+01
  1.3700000E+02  1.1652784E+00  2.7538702E+01
  1.3800000E+02 -8.8962466E-01  2.7332434E+01
  1.3900000E+02 -9.2275890E-01  2.7303197E+01
  1.4000000E+02 -9.5749045E-01  2.7471268E+01
  1.4100000E+02 -9.9372391E-01  2.7831837E+01
  1.4200000E+02 -1.0313237E+00  2.8354703E+01
  1.4300000E+02 -1.0700850E+00  2.8985798E+01
  1.4400000E+02 -1.1096942E+00  2.9650484E+01
  1.4500000E+02 -1.1496722E+00  3.0258484E+01
  1.4600000E+02 -1.1892968E+00  3.0710217E+01
  1.4700000E+02 -1.2274951E+00  3.0904208E+01
  1.4800000E+02 -1.2626975E+00  3.0745210E+01
  1.4900000E+02 -1.2926481E+00  3.0152576E+01
  1.5000000E+02 -1.3141703E+00  2.9068415E+01
  1.5100000E+02 -1.3229159E+00  2.7465039E+01
  1.5200000E+02 -1.3131781E+00  2.5351200E+01
  1.5300000E+02 -1.2779790E+00  2.2776677E+01
  1.5400000E+02 -1.2098750E+00  1.9834792E+01
  1.5500000E+02 -1.1032544E+00  1.6662540E+01
  1.5600000E+02 -9.5891210E-01  1.3438120E+01
  1.5700000E+02 -7.8981345E-01  1.0375761E+01
  1.5800000E+02 -6.2149582E-01  7.7179233E+00
  1.5900000E+02 -4.7962317E-01  5.7250569E+00
  1.6000000E+02 -3.7504253E-01  4.6633132E+00
  1.6100000E+02 -3.0413722E-01  4.7907153E+00
  1.6200000E+02  3.8723413E+00  6.3424530E+00
  1.6300000E+02  4.3571887E+00  9.5160681E+00
  1.6400000E+02  4.7113579E+00  1.4457368E+01
  1.6500000E+02  4.9345330E+00  2.1247930E+01
  1.6600000E+02  5.0465469E+00  2.9895026E+01
  1.6700000E+02  5.0750200E+00  4.0324733E+01
  1.6800000E+02  5.0467680E+00  5.2378819E+01
  1.6900000E+02  4.9838004E+00  6.5815863E+01
  1.7000000E+02  4.9024728E+00  8.0316782E+01
  1.7100000E+02  4.8141652E+00  9.5494728E+01
  1.7200000E+02  4.7264233E+00  1.1090903E+02
  1.7300000E+02  4.6440556E+00  1.2608260E+02
  1.7400000E+02  4.5700114E+00  1.4052201E+02
  1.7500000E+02  4.5060251E+00  1.5373917E+02
  1.7600000E+02  4.4530633E+00  1.6527358E+02
  1.7700000E+02  4.4116274E+00  1.7471378E+02
  1.7800000E+02  4.3819511E+00  1.8171698E+02
  1.7900000E+02  4.3641272E+00  1.8602561E+02
  1.8000000E+02  4.3581842E+00  1.8747987E+02
 
