2.3980000E+01 8.8514438E+00
2.4000000E+01 8.8553364E+00
2.4020000E+01 8.8595316E+00
2.4040000E+01 8.8640404E+00
2.4060000E+01 8.8688744E+00
2.4080000E+01 8.8740460E+00
2.4100000E+01 8.8795681E+00
2.4120000E+01 8.8854542E+00
2.4140000E+01 8.8917185E+00
2.4160000E+01 8.8983760E+00
2.4180000E+01 8.9054426E+00
2.4200000E+01 8.9129347E+00
2.4220000E+01 8.9208700E+00
2.4240000E+01 8.9292669E+00
2.4260000E+01 8.9381449E+00
2.4280000E+01 8.9475244E+00
2.4300000E+01 8.9574273E+00
2.4320000E+01 8.9678765E+00
2.4340000E+01 8.9788962E+00
2.4360000E+01 8.9905122E+00
2.4380000E+01 9.0027515E+00
2.4400000E+01 9.0156432E+00
2.4420000E+01 9.0292176E+00
2.4440000E+01 9.0435073E+00
2.4460000E+01 9.0585467E+00
2.4480000E+01 9.0743724E+00
2.4500000E+01 9.0910233E+00
2.4520000E+01 9.1085408E+00
2.4540000E+01 9.1269691E+00
2.4560000E+01 9.1463552E+00
2.4580000E+01 9.1667493E+00
2.4600000E+01 9.1882050E+00
2.4620000E+01 9.2107796E+00
2.4640000E+01 9.2345343E+00
2.4660000E+01 9.2595349E+00
2.4680000E+01 9.2858515E+00
2.4700000E+01 9.3135596E+00
2.4720000E+01 9.3427404E+00
2.4740000E+01 9.3734807E+00
2.4760000E+01 9.4058744E+00
2.4780000E+01 9.4400224E+00
2.4800000E+01 9.4760335E+00
2.4820000E+01 9.5140253E+00
2.4840000E+01 9.5541248E+00
2.4860000E+01 9.5964695E+00
2.4880000E+01 9.6412083E+00
2.4900000E+01 9.6885029E+00
2.4920000E+01 9.7385288E+00
2.4940000E+01 9.7914769E+00
2.4960000E+01 9.8475553E+00
2.4980000E+01 9.9069909E+00
2.5000000E+01 9.9700313E+00
2.5020000E+01 1.0036948E+01
2.5040000E+01 1.0108038E+01
2.5060000E+01 1.0183627E+01
2.5080000E+01 1.0264073E+01
2.5100000E+01 1.0349772E+01
2.5120000E+01 1.0441157E+01
2.5140000E+01 1.0538711E+01
2.5160000E+01 1.0642965E+01
2.5180000E+01 1.0754510E+01
2.5200000E+01 1.0874000E+01
2.5220000E+01 1.1002166E+01
2.5240000E+01 1.1139822E+01
2.5260000E+01 1.1287878E+01
2.5280000E+01 1.1447353E+01
2.5300000E+01 1.1619391E+01
2.5320000E+01 1.1805277E+01
2.5340000E+01 1.2006462E+01
2.5360000E+01 1.2224584E+01
2.5380000E+01 1.2461497E+01
2.5400000E+01 1.2719303E+01
2.5420000E+01 1.3000393E+01
2.5440000E+01 1.3307490E+01
2.5460000E+01 1.3643700E+01
2.5480000E+01 1.4012573E+01
2.5500000E+01 1.4418173E+01
2.5520000E+01 1.4865154E+01
2.5540000E+01 1.5358851E+01
2.5560000E+01 1.5905376E+01
2.5580000E+01 1.6511726E+01
2.5600000E+01 1.7185893E+01
2.5620000E+01 1.7936961E+01
2.5640000E+01 1.8775195E+01
2.5660000E+01 1.9712073E+01
2.5680000E+01 2.0760236E+01
2.5700000E+01 2.1933278E+01
2.5720000E+01 2.3245287E+01
2.5740000E+01 2.4709984E+01
2.5760000E+01 2.6339258E+01
2.5780000E+01 2.8140830E+01
2.5800000E+01 3.0114752E+01
2.5820000E+01 3.2248490E+01
2.5840000E+01 3.4510584E+01
2.5860000E+01 3.6843446E+01
2.5880000E+01 3.9156893E+01
2.5900000E+01 4.1325437E+01
2.5920000E+01 4.3193491E+01
2.5940000E+01 4.4592268E+01
2.5960000E+01 4.5368633E+01
2.5980000E+01 4.5419635E+01
2.6000000E+01 4.4720355E+01
2.6020000E+01 4.3332445E+01
2.6040000E+01 4.1388846E+01
2.6060000E+01 3.9061646E+01
2.6080000E+01 3.6526722E+01
2.6100000E+01 3.3936895E+01
2.6120000E+01 3.1408383E+01
2.6140000E+01 2.9018905E+01
2.6160000E+01 2.6812916E+01
2.6180000E+01 2.4809635E+01
2.6200000E+01 2.3011016E+01
2.6220000E+01 2.1408306E+01
2.6240000E+01 1.9986877E+01
2.6260000E+01 1.8729494E+01
2.6280000E+01 1.7618385E+01
2.6300000E+01 1.6636434E+01
2.6320000E+01 1.5767825E+01
2.6340000E+01 1.4998306E+01
2.6360000E+01 1.4315253E+01
2.6380000E+01 1.3707599E+01
2.6400000E+01 1.3165719E+01
2.6420000E+01 1.2681270E+01
2.6440000E+01 1.2247043E+01
2.6460000E+01 1.1856815E+01
2.6480000E+01 1.1505213E+01
2.6500000E+01 1.1187598E+01
2.6520000E+01 1.0899956E+01
2.6540000E+01 1.0638813E+01
2.6560000E+01 1.0401154E+01
2.6580000E+01 1.0184356E+01
2.6600000E+01 9.9861351E+00
2.6620000E+01 9.8044975E+00
2.6640000E+01 9.6376967E+00
2.6660000E+01 9.4842010E+00
2.6680000E+01 9.3426634E+00
2.6700000E+01 9.2118967E+00
2.6720000E+01 9.0908519E+00
2.6740000E+01 8.9786004E+00
2.6760000E+01 8.8743178E+00
2.6780000E+01 8.7772713E+00
2.6800000E+01 8.6868076E+00
2.6820000E+01 8.6023431E+00
2.6840000E+01 8.5233557E+00
2.6860000E+01 8.4493772E+00
2.6880000E+01 8.3799869E+00
2.6900000E+01 8.3148061E+00
2.6920000E+01 8.2534935E+00
2.6940000E+01 8.1957404E+00
2.6960000E+01 8.1412678E+00
2.6980000E+01 8.0898227E+00
2.7000000E+01 8.0411754E+00
2.7020000E+01 7.9951170E+00
2.7040000E+01 7.9514573E+00
2.7060000E+01 7.9100227E+00
2.7080000E+01 7.8706547E+00
2.7100000E+01 7.8332085E+00
2.7120000E+01 7.7975512E+00
2.7140000E+01 7.7635610E+00
2.7160000E+01 7.7311262E+00
2.7180000E+01 7.7001438E+00
2.7200000E+01 7.6705193E+00
2.7220000E+01 7.6421653E+00
2.7240000E+01 7.6150014E+00
2.7260000E+01 7.5889531E+00
2.7280000E+01 7.5639517E+00
2.7300000E+01 7.5399335E+00
2.7320000E+01 7.5168395E+00
2.7340000E+01 7.4946149E+00
2.7360000E+01 7.4732088E+00
2.7380000E+01 7.4525741E+00
2.7400000E+01 7.4326667E+00
2.7420000E+01 7.4134456E+00
2.7440000E+01 7.3948728E+00
2.7460000E+01 7.3769126E+00
2.7480000E+01 7.3595317E+00
2.7500000E+01 7.3426992E+00
2.7520000E+01 7.3263859E+00
2.7540000E+01 7.3105647E+00
2.7560000E+01 7.2952101E+00
2.7580000E+01 7.2802983E+00
2.7600000E+01 7.2658067E+00
2.7620000E+01 7.2517146E+00
2.7640000E+01 7.2380020E+00
2.7660000E+01 7.2246504E+00
2.7680000E+01 7.2116424E+00
2.7700000E+01 7.1989615E+00
2.7720000E+01 7.1865923E+00
2.7740000E+01 7.1745202E+00
2.7760000E+01 7.1627314E+00
2.7780000E+01 7.1512129E+00
2.7800000E+01 7.1399525E+00
2.7820000E+01 7.1289386E+00
2.7840000E+01 7.1181603E+00
2.7860000E+01 7.1076072E+00
2.7880000E+01 7.0972695E+00
2.7900000E+01 7.0871380E+00
2.7920000E+01 7.0772039E+00
2.7940000E+01 7.0674587E+00
2.7960000E+01 7.0578948E+00
2.7980000E+01 7.0485045E+00