2.3980000E+01 2.7099037E+01
2.4000000E+01 2.7138317E+01
2.4020000E+01 2.7178803E+01
2.4040000E+01 2.7220531E+01
2.4060000E+01 2.7263538E+01
2.4080000E+01 2.7307864E+01
2.4100000E+01 2.7353549E+01
2.4120000E+01 2.7400637E+01
2.4140000E+01 2.7449170E+01
2.4160000E+01 2.7499197E+01
2.4180000E+01 2.7550765E+01
2.4200000E+01 2.7603925E+01
2.4220000E+01 2.7658729E+01
2.4240000E+01 2.7715232E+01
2.4260000E+01 2.7773492E+01
2.4280000E+01 2.7833570E+01
2.4300000E+01 2.7895529E+01
2.4320000E+01 2.7959434E+01
2.4340000E+01 2.8025354E+01
2.4360000E+01 2.8093363E+01
2.4380000E+01 2.8163535E+01
2.4400000E+01 2.8235952E+01
2.4420000E+01 2.8310696E+01
2.4440000E+01 2.8387856E+01
2.4460000E+01 2.8467523E+01
2.4480000E+01 2.8549796E+01
2.4500000E+01 2.8634776E+01
2.4520000E+01 2.8722570E+01
2.4540000E+01 2.8813293E+01
2.4560000E+01 2.8907063E+01
2.4580000E+01 2.9004007E+01
2.4600000E+01 2.9104257E+01
2.4620000E+01 2.9207953E+01
2.4640000E+01 2.9315245E+01
2.4660000E+01 2.9426288E+01
2.4680000E+01 2.9541248E+01
2.4700000E+01 2.9660302E+01
2.4720000E+01 2.9783634E+01
2.4740000E+01 2.9911444E+01
2.4760000E+01 3.0043939E+01
2.4780000E+01 3.0181342E+01
2.4800000E+01 3.0323890E+01
2.4820000E+01 3.0471834E+01
2.4840000E+01 3.0625441E+01
2.4860000E+01 3.0784996E+01
2.4880000E+01 3.0950804E+01
2.4900000E+01 3.1123187E+01
2.4920000E+01 3.1302494E+01
2.4940000E+01 3.1489093E+01
2.4960000E+01 3.1683381E+01
2.4980000E+01 3.1885781E+01
2.5000000E+01 3.2096748E+01
2.5020000E+01 3.2316769E+01
2.5040000E+01 3.2546366E+01
2.5060000E+01 3.2786103E+01
2.5080000E+01 3.3036583E+01
2.5100000E+01 3.3298456E+01
2.5120000E+01 3.3572424E+01
2.5140000E+01 3.3859241E+01
2.5160000E+01 3.4159722E+01
2.5180000E+01 3.4474745E+01
2.5200000E+01 3.4805262E+01
2.5220000E+01 3.5152298E+01
2.5240000E+01 3.5516964E+01
2.5260000E+01 3.5900458E+01
2.5280000E+01 3.6304080E+01
2.5300000E+01 3.6729233E+01
2.5320000E+01 3.7177434E+01
2.5340000E+01 3.7650320E+01
2.5360000E+01 3.8149660E+01
2.5380000E+01 3.8677355E+01
2.5400000E+01 3.9235448E+01
2.5420000E+01 3.9826124E+01
2.5440000E+01 4.0451707E+01
2.5460000E+01 4.1114655E+01
2.5480000E+01 4.1817536E+01
2.5500000E+01 4.2563004E+01
2.5520000E+01 4.3353744E+01
2.5540000E+01 4.4192392E+01
2.5560000E+01 4.5081420E+01
2.5580000E+01 4.6022962E+01
2.5600000E+01 4.7018562E+01
2.5620000E+01 4.8068819E+01
2.5640000E+01 4.9172879E+01
2.5660000E+01 5.0327732E+01
2.5680000E+01 5.1527233E+01
2.5700000E+01 5.2760768E+01
2.5720000E+01 5.4011477E+01
2.5740000E+01 5.5253910E+01
2.5760000E+01 5.6451098E+01
2.5780000E+01 5.7551040E+01
2.5800000E+01 5.8482900E+01
2.5820000E+01 5.9153593E+01
2.5840000E+01 5.9446084E+01
2.5860000E+01 5.9221639E+01
2.5880000E+01 5.8328997E+01
2.5900000E+01 5.6623435E+01
2.5920000E+01 5.3996616E+01
2.5940000E+01 5.0413173E+01
2.5960000E+01 4.5942995E+01
2.5980000E+01 4.0773565E+01
2.6000000E+01 3.5190296E+01
2.6020000E+01 2.9526356E+01
2.6040000E+01 2.4099346E+01
2.6060000E+01 1.9158549E+01
2.6080000E+01 1.4858713E+01
2.6100000E+01 1.1261622E+01
2.6120000E+01 8.3558780E+00
2.6140000E+01 6.0828338E+00
2.6160000E+01 4.3600425E+00
2.6180000E+01 3.0984261E+00
2.6200000E+01 2.2128877E+00
2.6220000E+01 1.6277364E+00
2.6240000E+01 1.2786434E+00
2.6260000E+01 1.1125744E+00
2.6280000E+01 1.0867092E+00
2.6300000E+01 1.1669736E+00
2.6320000E+01 1.3265317E+00
2.6340000E+01 1.5444054E+00
2.6360000E+01 1.8042880E+00
2.6380000E+01 2.0935615E+00
2.6400000E+01 2.4025015E+00
2.6420000E+01 2.7236442E+00
2.6440000E+01 3.0512870E+00
2.6460000E+01 3.3810969E+00
2.6480000E+01 3.7098051E+00
2.6500000E+01 4.0349691E+00
2.6520000E+01 4.3547869E+00
2.6540000E+01 4.6679539E+00
2.6560000E+01 4.9735495E+00
2.6580000E+01 5.2709508E+00
2.6600000E+01 5.5597638E+00
2.6620000E+01 5.8397707E+00
2.6640000E+01 6.1108882E+00
2.6660000E+01 6.3731350E+00
2.6680000E+01 6.6266067E+00
2.6700000E+01 6.8714558E+00
2.6720000E+01 7.1078764E+00
2.6740000E+01 7.3360920E+00
2.6760000E+01 7.5563463E+00
2.6780000E+01 7.7688957E+00
2.6800000E+01 7.9740036E+00
2.6820000E+01 8.1719364E+00
2.6840000E+01 8.3629600E+00
2.6860000E+01 8.5473370E+00
2.6880000E+01 8.7253254E+00
2.6900000E+01 8.8971768E+00
2.6920000E+01 9.0631355E+00
2.6940000E+01 9.2234382E+00
2.6960000E+01 9.3783129E+00
2.6980000E+01 9.5279794E+00
2.7000000E+01 9.6726484E+00
2.7020000E+01 9.8125224E+00
2.7040000E+01 9.9477953E+00
2.7060000E+01 1.0078652E+01
2.7080000E+01 1.0205271E+01
2.7100000E+01 1.0327821E+01
2.7120000E+01 1.0446464E+01
2.7140000E+01 1.0561354E+01
2.7160000E+01 1.0672639E+01
2.7180000E+01 1.0780460E+01
2.7200000E+01 1.0884951E+01
2.7220000E+01 1.0986239E+01
2.7240000E+01 1.1084448E+01
2.7260000E+01 1.1179694E+01
2.7280000E+01 1.1272089E+01
2.7300000E+01 1.1361738E+01
2.7320000E+01 1.1448743E+01
2.7340000E+01 1.1533201E+01
2.7360000E+01 1.1615204E+01
2.7380000E+01 1.1694842E+01
2.7400000E+01 1.1772198E+01
2.7420000E+01 1.1847353E+01
2.7440000E+01 1.1920384E+01
2.7460000E+01 1.1991366E+01
2.7480000E+01 1.2060368E+01
2.7500000E+01 1.2127459E+01
2.7520000E+01 1.2192703E+01
2.7540000E+01 1.2256162E+01
2.7560000E+01 1.2317896E+01
2.7580000E+01 1.2377961E+01
2.7600000E+01 1.2436412E+01
2.7620000E+01 1.2493301E+01
2.7640000E+01 1.2548678E+01
2.7660000E+01 1.2602592E+01
2.7680000E+01 1.2655088E+01
2.7700000E+01 1.2706211E+01
2.7720000E+01 1.2756004E+01
2.7740000E+01 1.2804507E+01
2.7760000E+01 1.2851760E+01
2.7780000E+01 1.2897800E+01
2.7800000E+01 1.2942664E+01
2.7820000E+01 1.2986387E+01
2.7840000E+01 1.3029003E+01
2.7860000E+01 1.3070543E+01
2.7880000E+01 1.3111039E+01
2.7900000E+01 1.3150521E+01
2.7920000E+01 1.3189018E+01
2.7940000E+01 1.3226558E+01
2.7960000E+01 1.3263167E+01
2.7980000E+01 1.3298872E+01