2.3980000E+01 1.1064134E+01
2.4000000E+01 1.1013633E+01
2.4020000E+01 1.0962441E+01
2.4040000E+01 1.0910537E+01
2.4060000E+01 1.0857901E+01
2.4080000E+01 1.0804510E+01
2.4100000E+01 1.0750344E+01
2.4120000E+01 1.0695378E+01
2.4140000E+01 1.0639589E+01
2.4160000E+01 1.0582952E+01
2.4180000E+01 1.0525441E+01
2.4200000E+01 1.0467030E+01
2.4220000E+01 1.0407690E+01
2.4240000E+01 1.0347392E+01
2.4260000E+01 1.0286106E+01
2.4280000E+01 1.0223802E+01
2.4300000E+01 1.0160445E+01
2.4320000E+01 1.0096003E+01
2.4340000E+01 1.0030440E+01
2.4360000E+01 9.9637193E+00
2.4380000E+01 9.8958023E+00
2.4400000E+01 9.8266493E+00
2.4420000E+01 9.7562186E+00
2.4440000E+01 9.6844667E+00
2.4460000E+01 9.6113485E+00
2.4480000E+01 9.5368167E+00
2.4500000E+01 9.4608220E+00
2.4520000E+01 9.3833129E+00
2.4540000E+01 9.3042356E+00
2.4560000E+01 9.2235342E+00
2.4580000E+01 9.1411499E+00
2.4600000E+01 9.0570213E+00
2.4620000E+01 8.9710846E+00
2.4640000E+01 8.8832726E+00
2.4660000E+01 8.7935154E+00
2.4680000E+01 8.7017395E+00
2.4700000E+01 8.6078685E+00
2.4720000E+01 8.5118219E+00
2.4740000E+01 8.4135159E+00
2.4760000E+01 8.3128626E+00
2.4780000E+01 8.2097701E+00
2.4800000E+01 8.1041420E+00
2.4820000E+01 7.9958776E+00
2.4840000E+01 7.8848715E+00
2.4860000E+01 7.7710134E+00
2.4880000E+01 7.6541879E+00
2.4900000E+01 7.5342745E+00
2.4920000E+01 7.4111471E+00
2.4940000E+01 7.2846742E+00
2.4960000E+01 7.1547183E+00
2.4980000E+01 7.0211365E+00
2.5000000E+01 6.8837798E+00
2.5020000E+01 6.7424934E+00
2.5040000E+01 6.5971167E+00
2.5060000E+01 6.4474837E+00
2.5080000E+01 6.2934230E+00
2.5100000E+01 6.1347584E+00
2.5120000E+01 5.9713099E+00
2.5140000E+01 5.8028942E+00
2.5160000E+01 5.6293262E+00
2.5180000E+01 5.4504208E+00
2.5200000E+01 5.2659950E+00
2.5220000E+01 5.0758710E+00
2.5240000E+01 4.8798801E+00
2.5260000E+01 4.6778672E+00
2.5280000E+01 4.4696973E+00
2.5300000E+01 4.2552635E+00
2.5320000E+01 4.0344973E+00
2.5340000E+01 3.8073811E+00
2.5360000E+01 3.5739652E+00
2.5380000E+01 3.3343886E+00
2.5400000E+01 3.0889055E+00
2.5420000E+01 2.8379199E+00
2.5440000E+01 2.5820284E+00
2.5460000E+01 2.3220763E+00
2.5480000E+01 2.0592280E+00
2.5500000E+01 1.7950581E+00
2.5520000E+01 1.5316671E+00
2.5540000E+01 1.2718310E+00
2.5560000E+01 1.0191911E+00
2.5580000E+01 7.7849808E-01
2.5600000E+01 5.5592367E-01
2.5620000E+01 3.5945610E-01
2.5640000E+01 1.9940019E-01
2.5660000E+01 8.9002252E-02
2.5680000E+01 4.5218768E-02
2.5700000E+01 8.9638898E-02
2.5720000E+01 2.4954870E-01
2.5740000E+01 5.5908000E-01
2.5760000E+01 1.0603034E+00
2.5780000E+01 1.8039828E+00
2.5800000E+01 2.8494898E+00
2.5820000E+01 4.2630738E+00
2.5840000E+01 6.1133552E+00
2.5860000E+01 8.4627155E+00
2.5880000E+01 1.1353573E+01
2.5900000E+01 1.4789884E+01
2.5920000E+01 1.8717008E+01
2.5940000E+01 2.3006861E+01
2.5960000E+01 2.7457830E+01
2.5980000E+01 3.1816712E+01
2.6000000E+01 3.5821189E+01
2.6020000E+01 3.9249841E+01
2.6040000E+01 4.1960892E+01
2.6060000E+01 4.3906359E+01
2.6080000E+01 4.5120969E+01
2.6100000E+01 4.5695766E+01
2.6120000E+01 4.5748884E+01
2.6140000E+01 4.5402052E+01
2.6160000E+01 4.4765856E+01
2.6180000E+01 4.3932856E+01
2.6200000E+01 4.2976145E+01
2.6220000E+01 4.1950935E+01
2.6240000E+01 4.0897432E+01
2.6260000E+01 3.9843952E+01
2.6280000E+01 3.8809747E+01
2.6300000E+01 3.7807365E+01
2.6320000E+01 3.6844500E+01
2.6340000E+01 3.5925408E+01
2.6360000E+01 3.5051949E+01
2.6380000E+01 3.4224351E+01
2.6400000E+01 3.3441764E+01
2.6420000E+01 3.2702643E+01
2.6440000E+01 3.2005030E+01
2.6460000E+01 3.1346738E+01
2.6480000E+01 3.0725485E+01
2.6500000E+01 3.0138982E+01
2.6520000E+01 2.9584988E+01
2.6540000E+01 2.9061349E+01
2.6560000E+01 2.8566019E+01
2.6580000E+01 2.8097069E+01
2.6600000E+01 2.7652695E+01
2.6620000E+01 2.7231216E+01
2.6640000E+01 2.6831071E+01
2.6660000E+01 2.6450813E+01
2.6680000E+01 2.6089102E+01
2.6700000E+01 2.5744701E+01
2.6720000E+01 2.5416469E+01
2.6740000E+01 2.5103350E+01
2.6760000E+01 2.4804370E+01
2.6780000E+01 2.4518629E+01
2.6800000E+01 2.4245296E+01
2.6820000E+01 2.3983603E+01
2.6840000E+01 2.3732840E+01
2.6860000E+01 2.3492348E+01
2.6880000E+01 2.3261518E+01
2.6900000E+01 2.3039787E+01
2.6920000E+01 2.2826630E+01
2.6940000E+01 2.2621560E+01
2.6960000E+01 2.2424127E+01
2.6980000E+01 2.2233909E+01
2.7000000E+01 2.2050516E+01
2.7020000E+01 2.1873582E+01
2.7040000E+01 2.1702767E+01
2.7060000E+01 2.1537755E+01
2.7080000E+01 2.1378247E+01
2.7100000E+01 2.1223967E+01
2.7120000E+01 2.1074656E+01
2.7140000E+01 2.0930070E+01
2.7160000E+01 2.0789980E+01
2.7180000E+01 2.0654173E+01
2.7200000E+01 2.0522448E+01
2.7220000E+01 2.0394617E+01
2.7240000E+01 2.0270500E+01
2.7260000E+01 2.0149932E+01
2.7280000E+01 2.0032754E+01
2.7300000E+01 1.9918818E+01
2.7320000E+01 1.9807984E+01
2.7340000E+01 1.9700120E+01
2.7360000E+01 1.9595099E+01
2.7380000E+01 1.9492805E+01
2.7400000E+01 1.9393125E+01
2.7420000E+01 1.9295953E+01
2.7440000E+01 1.9201190E+01
2.7460000E+01 1.9108739E+01
2.7480000E+01 1.9018510E+01
2.7500000E+01 1.8930418E+01
2.7520000E+01 1.8844382E+01
2.7540000E+01 1.8760323E+01
2.7560000E+01 1.8678170E+01
2.7580000E+01 1.8597850E+01
2.7600000E+01 1.8519299E+01
2.7620000E+01 1.8442452E+01
2.7640000E+01 1.8367248E+01
2.7660000E+01 1.8293631E+01
2.7680000E+01 1.8221546E+01
2.7700000E+01 1.8150938E+01
2.7720000E+01 1.8081760E+01
2.7740000E+01 1.8013962E+01
2.7760000E+01 1.7947498E+01
2.7780000E+01 1.7882326E+01
2.7800000E+01 1.7818402E+01
2.7820000E+01 1.7755688E+01
2.7840000E+01 1.7694144E+01
2.7860000E+01 1.7633733E+01
2.7880000E+01 1.7574421E+01
2.7900000E+01 1.7516173E+01
2.7920000E+01 1.7458957E+01
2.7940000E+01 1.7402741E+01
2.7960000E+01 1.7347497E+01
2.7980000E+01 1.7293194E+01