2.3980000E+01 1.0527921E+01
2.4000000E+01 1.0516484E+01
2.4020000E+01 1.0504991E+01
2.4040000E+01 1.0493440E+01
2.4060000E+01 1.0481826E+01
2.4080000E+01 1.0470148E+01
2.4100000E+01 1.0458402E+01
2.4120000E+01 1.0446585E+01
2.4140000E+01 1.0434693E+01
2.4160000E+01 1.0422722E+01
2.4180000E+01 1.0410668E+01
2.4200000E+01 1.0398528E+01
2.4220000E+01 1.0386296E+01
2.4240000E+01 1.0373969E+01
2.4260000E+01 1.0361541E+01
2.4280000E+01 1.0349007E+01
2.4300000E+01 1.0336362E+01
2.4320000E+01 1.0323600E+01
2.4340000E+01 1.0310715E+01
2.4360000E+01 1.0297700E+01
2.4380000E+01 1.0284550E+01
2.4400000E+01 1.0271255E+01
2.4420000E+01 1.0257810E+01
2.4440000E+01 1.0244205E+01
2.4460000E+01 1.0230432E+01
2.4480000E+01 1.0216482E+01
2.4500000E+01 1.0202346E+01
2.4520000E+01 1.0188012E+01
2.4540000E+01 1.0173470E+01
2.4560000E+01 1.0158708E+01
2.4580000E+01 1.0143713E+01
2.4600000E+01 1.0128472E+01
2.4620000E+01 1.0112970E+01
2.4640000E+01 1.0097192E+01
2.4660000E+01 1.0081123E+01
2.4680000E+01 1.0064743E+01
2.4700000E+01 1.0048033E+01
2.4720000E+01 1.0030975E+01
2.4740000E+01 1.0013545E+01
2.4760000E+01 9.9957203E+00
2.4780000E+01 9.9774751E+00
2.4800000E+01 9.9587821E+00
2.4820000E+01 9.9396116E+00
2.4840000E+01 9.9199316E+00
2.4860000E+01 9.8997073E+00
2.4880000E+01 9.8789013E+00
2.4900000E+01 9.8574726E+00
2.4920000E+01 9.8353768E+00
2.4940000E+01 9.8125656E+00
2.4960000E+01 9.7889865E+00
2.4980000E+01 9.7645819E+00
2.5000000E+01 9.7392890E+00
2.5020000E+01 9.7130391E+00
2.5040000E+01 9.6857568E+00
2.5060000E+01 9.6573594E+00
2.5080000E+01 9.6277558E+00
2.5100000E+01 9.5968457E+00
2.5120000E+01 9.5645185E+00
2.5140000E+01 9.5306517E+00
2.5160000E+01 9.4951098E+00
2.5180000E+01 9.4577425E+00
2.5200000E+01 9.4183823E+00
2.5220000E+01 9.3768431E+00
2.5240000E+01 9.3329168E+00
2.5260000E+01 9.2863709E+00
2.5280000E+01 9.2369446E+00
2.5300000E+01 9.1843450E+00
2.5320000E+01 9.1282425E+00
2.5340000E+01 9.0682650E+00
2.5360000E+01 9.0039921E+00
2.5380000E+01 8.9349474E+00
2.5400000E+01 8.8605898E+00
2.5420000E+01 8.7803039E+00
2.5440000E+01 8.6933877E+00
2.5460000E+01 8.5990395E+00
2.5480000E+01 8.4963421E+00
2.5500000E+01 8.3842444E+00
2.5520000E+01 8.2615404E+00
2.5540000E+01 8.1268464E+00
2.5560000E+01 7.9785738E+00
2.5580000E+01 7.8149012E+00
2.5600000E+01 7.6337447E+00
2.5620000E+01 7.4327291E+00
2.5640000E+01 7.2091642E+00
2.5660000E+01 6.9600320E+00
2.5680000E+01 6.6819961E+00
2.5700000E+01 6.3714499E+00
2.5720000E+01 6.0246284E+00
2.5740000E+01 5.6378230E+00
2.5760000E+01 5.2077518E+00
2.5780000E+01 4.7321544E+00
2.5800000E+01 4.2106903E+00
2.5820000E+01 3.6462098E+00
2.5840000E+01 3.0464061E+00
2.5860000E+01 2.4257107E+00
2.5880000E+01 1.8070268E+00
2.5900000E+01 1.2225283E+00
2.5920000E+01 7.1243339E-01
2.5940000E+01 3.2075186E-01
2.5960000E+01 8.7883513E-02
2.5980000E+01 4.1636020E-02
2.6000000E+01 1.8984825E-01
2.6020000E+01 5.1792277E-01
2.6040000E+01 9.9253342E-01
2.6060000E+01 1.5697931E+00
2.6080000E+01 2.2043877E+00
2.6100000E+01 2.8566076E+00
2.6120000E+01 3.4959845E+00
2.6140000E+01 4.1019085E+00
2.6160000E+01 4.6623649E+00
2.6180000E+01 5.1719123E+00
2.6200000E+01 5.6296470E+00
2.6220000E+01 6.0375103E+00
2.6240000E+01 6.3990337E+00
2.6260000E+01 6.7184826E+00
2.6280000E+01 7.0003110E+00
2.6300000E+01 7.2488406E+00
2.6320000E+01 7.4680871E+00
2.6340000E+01 7.6616833E+00
2.6360000E+01 7.8328579E+00
2.6380000E+01 7.9844485E+00
2.6400000E+01 8.1189298E+00
2.6420000E+01 8.2384504E+00
2.6440000E+01 8.3448706E+00
2.6460000E+01 8.4397992E+00
2.6480000E+01 8.5246270E+00
2.6500000E+01 8.6005571E+00
2.6520000E+01 8.6686312E+00
2.6540000E+01 8.7297527E+00
2.6560000E+01 8.7847066E+00
2.6580000E+01 8.8341760E+00
2.6600000E+01 8.8787569E+00
2.6620000E+01 8.9189702E+00
2.6640000E+01 8.9552725E+00
2.6660000E+01 8.9880647E+00
2.6680000E+01 9.0176997E+00
2.6700000E+01 9.0444890E+00
2.6720000E+01 9.0687079E+00
2.6740000E+01 9.0906004E+00
2.6760000E+01 9.1103834E+00
2.6780000E+01 9.1282498E+00
2.6800000E+01 9.1443719E+00
2.6820000E+01 9.1589034E+00
2.6840000E+01 9.1719823E+00
2.6860000E+01 9.1837323E+00
2.6880000E+01 9.1942646E+00
2.6900000E+01 9.2036795E+00
2.6920000E+01 9.2120675E+00
2.6940000E+01 9.2195102E+00
2.6960000E+01 9.2260818E+00
2.6980000E+01 9.2318496E+00
2.7000000E+01 9.2368745E+00
2.7020000E+01 9.2412121E+00
2.7040000E+01 9.2449132E+00
2.7060000E+01 9.2480238E+00
2.7080000E+01 9.2505863E+00
2.7100000E+01 9.2526395E+00
2.7120000E+01 9.2542186E+00
2.7140000E+01 9.2553564E+00
2.7160000E+01 9.2560827E+00
2.7180000E+01 9.2564251E+00
2.7200000E+01 9.2564089E+00
2.7220000E+01 9.2560576E+00
2.7240000E+01 9.2553927E+00
2.7260000E+01 9.2544342E+00
2.7280000E+01 9.2532006E+00
2.7300000E+01 9.2517090E+00
2.7320000E+01 9.2499754E+00
2.7340000E+01 9.2480145E+00
2.7360000E+01 9.2458399E+00
2.7380000E+01 9.2434645E+00
2.7400000E+01 9.2409001E+00
2.7420000E+01 9.2381578E+00
2.7440000E+01 9.2352479E+00
2.7460000E+01 9.2321800E+00
2.7480000E+01 9.2289631E+00
2.7500000E+01 9.2256056E+00
2.7520000E+01 9.2221155E+00
2.7540000E+01 9.2185001E+00
2.7560000E+01 9.2147662E+00
2.7580000E+01 9.2109205E+00
2.7600000E+01 9.2069689E+00
2.7620000E+01 9.2029172E+00
2.7640000E+01 9.1987708E+00
2.7660000E+01 9.1945347E+00
2.7680000E+01 9.1902137E+00
2.7700000E+01 9.1858122E+00
2.7720000E+01 9.1813346E+00
2.7740000E+01 9.1767846E+00
2.7760000E+01 9.1721662E+00
2.7780000E+01 9.1674828E+00
2.7800000E+01 9.1627379E+00
2.7820000E+01 9.1579345E+00
2.7840000E+01 9.1530757E+00
2.7860000E+01 9.1481643E+00
2.7880000E+01 9.1432030E+00
2.7900000E+01 9.1381944E+00
2.7920000E+01 9.1331407E+00
2.7940000E+01 9.1280444E+00
2.7960000E+01 9.1229076E+00
2.7980000E+01 9.1177323E+00