  1.0219059E+03 -9.2242431E+01  0.0000000E+00
  1.0150569E+03 -9.2652406E+01  1.0000000E+00
  9.9471833E+02 -9.3819111E+01  2.0000000E+00
  9.6150735E+02 -9.5558284E+01  3.0000000E+00
  9.1642452E+02 -9.7580413E+01  4.0000000E+00
  8.6081356E+02 -9.9515666E+01  5.0000000E+00
  7.9630747E+02 -1.0094602E+02  6.0000000E+00
  7.2476374E+02 -1.0144205E+02  7.0000000E+00
  6.4819175E+02 -1.0060154E+02  8.0000000E+00
  5.6867550E+02 -9.8086743E+01  9.0000000E+00
  4.8829551E+02 -9.3657444E+01  1.0000000E+01
  4.0905306E+02 -8.7197127E+01  1.1000000E+01
  3.3280030E+02 -7.8730042E+01  1.2000000E+01
  2.6117912E+02 -6.8427775E+01  1.3000000E+01
  1.9557113E+02 -5.6604588E+01  1.4000000E+01
  1.3706081E+02 -4.3701741E+01  1.5000000E+01
  8.6412694E+01 -3.0261758E+01  1.6000000E+01
  4.4063299E+01 -1.6894440E+01  1.7000000E+01
  1.0127316E+01 -4.2370080E+00  1.8000000E+01
 -1.5582837E+01  7.0887584E+00  1.9000000E+01
 -3.3525697E+01  1.6519292E+01  2.0000000E+01
 -4.4389780E+01  2.3588800E+01  2.1000000E+01
 -4.9045396E+01  2.7962722E+01  2.2000000E+01
 -4.8491965E+01  2.9462617E+01  2.3000000E+01
 -4.3803622E+01  2.8080638E+01  2.4000000E+01
 -3.6075818E+01  2.3982470E+01  2.5000000E+01
 -2.6375420E+01  1.7498474E+01  2.6000000E+01
 -1.5696516E+01  9.1035881E+00  2.7000000E+01
 -4.9236454E+00 -6.1262256E-01  2.8000000E+01
  5.1962589E+00 -1.0983723E+01  2.9000000E+01
  1.4072519E+01 -2.1309336E+01  3.0000000E+01
  2.1279761E+01 -3.0900281E+01  3.1000000E+01
  2.6557711E+01 -3.9122808E+01  3.2000000E+01
  2.9802568E+01 -4.5438911E+01  3.3000000E+01
  3.1051139E+01 -4.9439980E+01  3.4000000E+01
  3.0459276E+01 -5.0871573E+01  3.5000000E+01
  2.8276302E+01 -4.9647706E+01  3.6000000E+01
  2.4817243E+01 -4.5853816E+01  3.7000000E+01
  2.0434627E+01 -3.9738355E+01  3.8000000E+01
  1.5491508E+01 -3.1693750E+01  3.9000000E+01
  1.0337162E+01 -2.2228198E+01  4.0000000E+01
  5.2866192E+00 -1.1930358E+01  4.1000000E+01
  6.0485408E-01 -1.4294585E+00  4.2000000E+01
 -3.5038593E+00  8.6463880E+00  4.3000000E+01
 -6.9013233E+00  1.7710832E+01  4.4000000E+01
 -9.5157256E+00  2.5256177E+01  4.5000000E+01
 -1.1337395E+01  3.0884146E+01  4.6000000E+01
 -1.2410762E+01  3.4328596E+01  4.7000000E+01
 -1.2823454E+01  3.5468917E+01  4.8000000E+01
 -1.2693582E+01  3.4333465E+01  4.9000000E+01
 -1.2156266E+01  3.1093116E+01  5.0000000E+01
 -1.1350463E+01  2.6045684E+01  5.1000000E+01
 -1.0406997E+01  1.9592560E+01  5.2000000E+01
 -9.4385742E+00  1.2209390E+01  5.3000000E+01
 -8.5323488E+00  4.4129658E+00  5.4000000E+01
 -7.7453778E+00 -3.2733057E+00  5.5000000E+01
 -7.1030836E+00 -1.0353026E+01  5.6000000E+01
 -6.6006034E+00 -1.6387295E+01  5.7000000E+01
 -6.2067122E+00 -2.1020192E+01  5.8000000E+01
 -5.8698285E+00 -2.3997753E+01  5.9000000E+01
 -5.5254929E+00 -2.5179497E+01  6.0000000E+01
 -5.1046275E+00 -2.4542063E+01  6.1000000E+01
 -4.5418659E+00 -2.2175112E+01  6.2000000E+01
 -3.7832676E+00 -1.8270143E+01  6.3000000E+01
 -2.7928078E+00 -1.3103320E+01  6.4000000E+01
 -1.5571486E+00 -7.0137760E+00  6.5000000E+01
 -8.8341615E-02 -3.7906465E-01  6.6000000E+01
  1.5757212E+00  6.4104527E+00  6.7000000E+01
  3.3731188E+00  1.2976534E+01  6.8000000E+01
  5.2218188E+00  1.8975693E+01  6.9000000E+01
  7.0253900E+00  2.4118187E+01  7.0000000E+01
  8.6800737E+00  2.8182346E+01  7.1000000E+01
  1.0082681E+01  3.1023590E+01  7.2000000E+01
  1.1138731E+01  3.2577905E+01  7.3000000E+01
  1.1770227E+01  3.2859929E+01  7.4000000E+01
  1.1922498E+01  3.1956153E+01  7.5000000E+01
  1.1569595E+01  3.0014048E+01  7.6000000E+01
  1.0717840E+01  2.7228140E+01  7.7000000E+01
  9.4072396E+00  2.3824184E+01  7.8000000E+01
  7.7106235E+00  2.0042635E+01  7.9000000E+01
  5.7305316E+00  1.6122569E+01  8.0000000E+01
  3.5940037E+00  1.2287079E+01  8.1000000E+01
  1.4455824E+00  8.7309855E+00  8.2000000E+01
 -5.6104941E-01  5.6114883E+00  8.3000000E+01
 -2.2722814E+00  3.0421077E+00  8.4000000E+01
 -3.5440643E+00  1.0900300E+00  8.5000000E+01
 -4.2510778E+00 -2.2328205E-01  8.6000000E+01
 -4.2949978E+00 -9.1855938E-01  8.7000000E+01
 -3.6113324E+00 -1.0527905E+00  8.8000000E+01
 -2.1743831E+00 -7.1150978E-01  8.9000000E+01
 -1.7974546E-13 -1.2245671E-13  9.0000000E+01
  2.8540691E+00  9.6589280E-01  9.1000000E+01
  6.2902868E+00  2.0686759E+00  9.2000000E+01
  1.0175797E+01  3.1972852E+00  9.3000000E+01
  1.4349019E+01  4.2538599E+00  9.4000000E+01
  1.8627993E+01  5.1588909E+00  9.5000000E+01
  2.2820007E+01  5.8545592E+00  9.6000000E+01
  2.6731946E+01  6.3062193E+00  9.7000000E+01
  3.0180767E+01  6.5021083E+00  9.8000000E+01
  3.3003490E+01  6.4514721E+00  9.9000000E+01
  3.5066122E+01  6.1813802E+00  1.0000000E+02
  3.6270998E+01  5.7325601E+00  1.0100000E+02
  3.6562108E+01  5.1546125E+00  1.0200000E+02
  3.5928103E+01  4.5009726E+00  1.0300000E+02
  3.4402808E+01  3.8239658E+00  1.0400000E+02
  3.2063212E+01  3.1702746E+00  1.0500000E+02
  2.9025067E+01  2.5770811E+00  1.0600000E+02
  2.5436350E+01  2.0690952E+00  1.0700000E+02
  2.1468975E+01  1.6566157E+00  1.0800000E+02
  1.7309248E+01  1.3347103E+00  1.0900000E+02
  1.3147631E+01  1.0835330E+00  1.1000000E+02
  9.1683894E+00  8.6974564E-01  1.1100000E+02
  5.5397602E+00  6.4894923E-01  1.1200000E+02
  2.4051722E+00  3.6898454E-01  1.1300000E+02
 -1.2395617E-01 -2.6082009E-02  1.1400000E+02
 -1.9734524E+00 -5.9150907E-01  1.1500000E+02
 -3.1093704E+00 -1.3772177E+00  1.1600000E+02
 -3.5385736E+00 -2.4231860E+00  1.1700000E+02
 -3.3069197E+00 -3.7551799E+00  1.1800000E+02
 -2.4951916E+00 -5.3811008E+00  1.1900000E+02
 -1.2130537E+00 -7.2882080E+00  1.2000000E+02
  4.0857032E-01 -9.4414513E+00  1.2100000E+02
  2.2262109E+00 -1.1783096E+01  1.2200000E+02
  4.0931060E+00 -1.4233763E+01  1.2300000E+02
  5.8684181E+00 -1.6694942E+01  1.2400000E+02
  7.4258447E+00 -1.9052920E+01  1.2500000E+02
  8.6610967E+00 -2.1184022E+01  1.2600000E+02
  9.4977929E+00 -2.2960921E+01  1.2700000E+02
  9.8914226E+00 -2.4259709E+01  1.2800000E+02
  9.8311534E+00 -2.4967358E+01  1.2900000E+02
  9.3393967E+00 -2.4989098E+01  1.3000000E+02
  8.4691881E+00 -2.4255267E+01  1.3100000E+02
  7.2995758E+00 -2.2727134E+01  1.3200000E+02
  5.9293391E+00 -2.0401255E+01  1.3300000E+02
  4.4694623E+00 -1.7311995E+01  1.3400000E+02
  3.0348683E+00 -1.3531915E+01  1.3500000E+02
  1.7359655E+00 -9.1698859E+00  1.3600000E+02
  6.7057043E-01 -4.3669093E+00  1.3700000E+02
 -8.3251367E-02  7.1019985E-01  1.3800000E+02
 -4.7294262E-01  5.8769693E+00  1.3900000E+02
 -4.7541329E-01  1.0940813E+01  1.4000000E+02
 -9.8917568E-02  1.5711393E+01  1.4100000E+02
  6.1730317E-01  2.0011144E+01  1.4200000E+02
  1.6056223E+00  2.3685265E+01  1.4300000E+02
  2.7747421E+00  2.6610482E+01  1.4400000E+02
  4.0162506E+00  2.8701953E+01  1.4500000E+02
  5.2126325E+00  2.9917782E+01  1.4600000E+02
  6.2462443E+00  3.0260770E+01  1.4700000E+02
  7.0086969E+00  2.9777218E+01  1.4800000E+02
  7.4100516E+00  2.8552784E+01  1.4900000E+02
  7.3872336E+00  2.6705640E+01  1.5000000E+02
  6.9111033E+00  2.4377359E+01  1.5100000E+02
  5.9916925E+00  2.1722142E+01  1.5200000E+02
  4.6812132E+00  1.8895156E+01  1.5300000E+02
  3.0745676E+00  1.6040802E+01  1.5400000E+02
  1.3072301E+00  1.3281811E+01  1.5500000E+02
 -4.4947796E-01  1.0709972E+01  1.5600000E+02
 -1.9955503E+00  8.3792376E+00  1.5700000E+02
 -3.1115782E+00  6.3017681E+00  1.5800000E+02
 -3.5697112E+00  4.4472767E+00  1.5900000E+02
 -3.1457475E+00  2.7457929E+00  1.6000000E+02
 -1.6317311E+00  1.0937077E+00  1.6100000E+02
  1.1516129E+00 -6.3728895E-01  1.6200000E+02
  5.3432763E+00 -2.5889955E+00  1.6300000E+02
  1.1031845E+01 -4.9040178E+00  1.6400000E+02
  1.8247435E+01 -7.7125525E+00  1.6500000E+02
  2.6956169E+01 -1.1119634E+01  1.6600000E+02
  3.7057557E+01 -1.5193824E+01  1.6700000E+02
  4.8384997E+01 -1.9958249E+01  1.6800000E+02
  6.0709463E+01 -2.5384719E+01  1.6900000E+02
  7.3746265E+01 -3.1391447E+01  1.7000000E+02
  8.7164649E+01 -3.7844651E+01  1.7100000E+02
  1.0059982E+02 -4.4564002E+01  1.7200000E+02
  1.1366686E+02 -5.1331623E+01  1.7300000E+02
  1.2597592E+02 -5.7904073E+01  1.7400000E+02
  1.3714797E+02 -6.4026501E+01  1.7500000E+02
  1.4683043E+02 -6.9448017E+01  1.7600000E+02
  1.5471187E+02 -7.3937194E+01  1.7700000E+02
  1.6053513E+02 -7.7296623E+01  1.7800000E+02
  1.6410824E+02 -7.9375469E+01  1.7900000E+02
  1.6531264E+02 -8.0079158E+01  1.8000000E+02
 
