  0.0000000E+00 -4.2908890E-02  6.0413392E+03
  1.0000000E+00 -4.3285798E-02  5.9999611E+03
  2.0000000E+00 -4.4418458E-02  5.8772774E+03
  3.0000000E+00 -4.6312738E-02  5.6775661E+03
  4.0000000E+00 -4.8978630E-02  5.4077150E+03
  5.0000000E+00 -5.2430588E-02  5.0768744E+03
  6.0000000E+00 -5.6688067E-02  4.6960029E+03
  7.0000000E+00 -6.1776320E-02  4.2773349E+03
  8.0000000E+00 -6.7727572E-02  3.8338021E+03
  9.0000000E+00 -7.4582763E-02  3.3784454E+03
  1.0000000E+01 -8.2394139E-02  2.9238492E+03
  1.1000000E+01 -9.1229208E-02  2.4816326E+03
  1.2000000E+01 -1.0117691E-01  2.0620202E+03
  1.3000000E+01 -1.1235757E-01  1.6735147E+03
  1.4000000E+01 -1.2493948E-01  1.3226815E+03
  1.5000000E+01 -1.3916794E-01  1.0140492E+03
  1.6000000E+01 -1.5541878E-01  7.5012253E+02
  1.7000000E+01  5.7370971E+00  5.3149531E+02
  1.8000000E+01  5.0786895E+00  3.5704791E+02
  1.9000000E+01  4.4384026E+00  2.2420792E+02
  2.0000000E+01  3.7847315E+00  1.2925173E+02
  2.1000000E+01  3.0607173E+00  6.7624151E+01
  2.2000000E+01  2.1458350E+00  3.4255079E+01
  2.3000000E+01  8.7193581E-01  2.3854949E+01
  2.4000000E+01  1.0812112E-01  3.1175022E+01
  2.5000000E+01 -7.0164901E-02  5.1222960E+01
  2.6000000E+01 -1.4529104E-01  7.9428951E+01
  2.7000000E+01 -1.9267399E-01  1.1176196E+02
  2.8000000E+01 -2.2919881E-01  1.4479943E+02
  2.9000000E+01 -2.6055160E-01  1.7575644E+02
  3.0000000E+01 -2.8913716E-01  2.0248213E+02
  3.1000000E+01 -3.1612114E-01  2.2343161E+02
  3.2000000E+01 -3.4211682E-01  2.3762152E+02
  3.3000000E+01 -3.6746082E-01  2.4457594E+02
  3.4000000E+01 -3.9233904E-01  2.4426803E+02
  3.5000000E+01 -4.1685012E-01  2.3706061E+02
  3.6000000E+01 -4.4104017E-01  2.2364736E+02
  3.7000000E+01 -4.6492306E-01  2.0499471E+02
  3.8000000E+01  2.0471119E+00  1.8228343E+02
  3.9000000E+01  1.9541431E+00  1.5684856E+02
  4.0000000E+01  1.8704824E+00  1.3011659E+02
  4.1000000E+01  1.7948965E+00  1.0353919E+02
  4.2000000E+01  1.7263473E+00  7.8524203E+01
  4.3000000E+01  1.6639273E+00  5.6365626E+01
  4.4000000E+01  1.6067681E+00  3.8175531E+01
  4.5000000E+01  1.5537862E+00  2.4821963E+01
  4.6000000E+01  1.5019905E+00  1.6877285E+01
  4.7000000E+01 -5.9186502E-01  1.4581563E+01
  4.8000000E+01 -6.9547516E-01  1.7824943E+01
  4.9000000E+01 -7.1553888E-01  2.6151900E+01
  5.0000000E+01 -7.3364705E-01  3.8788640E+01
  5.1000000E+01 -7.5071766E-01  5.4693018E+01
  5.2000000E+01 -7.6690808E-01  7.2624352E+01
  5.3000000E+01 -7.8223666E-01  9.1228617E+01
  5.4000000E+01 -7.9667207E-01  1.0913291E+02
  5.5000000E+01 -8.1015233E-01  1.2504206E+02
  5.6000000E+01 -8.2258663E-01  1.3782971E+02
  5.7000000E+01 -8.3384986E-01  1.4661668E+02
  5.8000000E+01 -8.4377190E-01  1.5083017E+02
  5.9000000E+01  1.1735432E+00  1.5023898E+02
  6.0000000E+01  1.1647221E+00  1.4496205E+02
  6.1000000E+01  1.1591774E+00  1.3544995E+02
  6.2000000E+01  1.1576875E+00  1.2244096E+02
  6.3000000E+01  1.1615156E+00  1.0689600E+02
  6.4000000E+01  1.1727852E+00  8.9918202E+01
  6.5000000E+01  1.1952735E+00  7.2664007E+01
  6.6000000E+01  1.2362772E+00  5.6253553E+01
  6.7000000E+01  1.3116812E+00  4.1687678E+01
  6.8000000E+01  1.4628621E+00  2.9778194E+01
  6.9000000E+01  1.8343341E+00  2.1096624E+01
  7.0000000E+01  3.3309671E+00  1.5944802E+01
  7.1000000E+01 -2.5393559E+01  1.4348648E+01
  7.2000000E+01 -3.3160293E+00  1.6074337E+01
  7.3000000E+01 -2.2487628E+00  2.0664162E+01
  7.4000000E+01 -1.9150774E+00  2.7487799E+01
  7.5000000E+01 -1.7656798E+00  3.5803577E+01
  7.6000000E+01 -1.6886299E+00  4.4823843E+01
  7.7000000E+01 -1.6474330E+00  5.3778523E+01
  7.8000000E+01 -1.6269070E+00  6.1971610E+01
  7.9000000E+01 -1.6197195E+00  6.8826352E+01
  8.0000000E+01  6.1653399E-01  7.3916275E+01
  8.1000000E+01  6.1294887E-01  7.6980758E+01
  8.2000000E+01  6.0720241E-01  7.7925388E+01
  8.3000000E+01  5.9968516E-01  7.6808752E+01
  8.4000000E+01  5.9067969E-01  7.3818418E+01
  8.5000000E+01  5.8040622E-01  6.9239603E+01
  8.6000000E+01  5.6905770E-01  6.3420349E+01
  8.7000000E+01  5.5683273E-01  5.6736925E+01
  8.8000000E+01  5.4397424E-01  4.9562685E+01
  8.9000000E+01  5.3082497E-01  4.2242861E+01
  9.0000000E+01  5.1791937E-01  3.5076804E+01
  9.1000000E+01  5.0615414E-01  2.8308168E+01
  9.2000000E+01  4.9713927E-01  2.2122579E+01
  9.3000000E+01  4.9401085E-01  1.6651523E+01
  9.4000000E+01  5.0361486E-01  1.1980615E+01
  9.5000000E+01  5.4369731E-01  8.1601488E+00
  9.6000000E+01  6.7444045E-01  5.2158221E+00
  9.7000000E+01  1.1856857E+00  3.1578197E+00
  9.8000000E+01  3.2167563E+00  1.9869339E+00
  9.9000000E+01  7.9425079E+00  1.6970230E+00
  1.0000000E+02  1.3720970E+01  2.2737895E+00
  1.0100000E+02 -6.4455604E-02  3.6904894E+00
  1.0200000E+02 -7.4743458E-02  5.9016948E+00
  1.0300000E+02 -9.3934385E-02  8.8365597E+00
  1.0400000E+02 -1.1740157E-01  1.2393147E+01
  1.0500000E+02 -1.4258432E-01  1.6435261E+01
  1.0600000E+02 -1.6790244E-01  2.0792897E+01
  1.0700000E+02 -1.9231301E-01  2.5266970E+01
  1.0800000E+02 -2.1510123E-01  2.9638365E+01
  1.0900000E+02 -2.3576614E-01  3.3680802E+01
  1.1000000E+02 -2.5394877E-01  3.7176429E+01
  1.1100000E+02 -2.6938190E-01  3.9932660E+01
  1.1200000E+02 -2.8185211E-01  4.1798506E+01
  1.1300000E+02 -2.9116999E-01  4.2678609E+01
  1.1400000E+02 -2.9714582E-01  4.2543348E+01
  1.1500000E+02 -2.9956929E-01  4.1433740E+01
  1.1600000E+02 -2.9819208E-01  3.9460347E+01
  1.1700000E+02 -2.9271297E-01  3.6796046E+01
  1.1800000E+02 -2.8276582E-01  3.3663078E+01
  1.1900000E+02 -2.6791234E-01  3.0315468E+01
  1.2000000E+02 -2.4764397E-01  2.7018325E+01
  1.2100000E+02 -2.2140067E-01  2.4025923E+01
  1.2200000E+02  5.3016806E+00  2.1560564E+01
  1.2300000E+02  6.7190775E+00  1.9794212E+01
  1.2400000E+02  9.8219172E+00  1.8834596E+01
  1.2500000E+02  2.0912187E+01  1.8717081E+01
  1.2600000E+02 -8.1914492E+01  1.9403047E+01
  1.2700000E+02 -1.3069287E+01  2.0784907E+01
  1.2800000E+02 -7.0086631E+00  2.2697268E+01
  1.2900000E+02 -4.8070701E+00  2.4933161E+01
  1.3000000E+02 -3.7016146E+00  2.7263811E+01
  1.3100000E+02 -3.0551360E+00  2.9460113E+01
  1.3200000E+02 -2.6415979E+00  3.1313814E+01
  1.3300000E+02 -2.3608608E+00  3.2656487E+01
  1.3400000E+02 -2.1620686E+00  3.3374584E+01
  1.3500000E+02 -2.0168944E+00  3.3419235E+01
  1.3600000E+02 -1.9084643E+00  3.2809967E+01
  1.3700000E+02 -1.8261929E+00  3.1632063E+01
  1.3800000E+02 -1.7631532E+00  3.0027847E+01
  1.3900000E+02 -1.7146452E+00  2.8182738E+01
  1.4000000E+02 -1.6773712E+00  2.6307354E+01
  1.4100000E+02 -1.6489393E+00  2.4617272E+01
  1.4200000E+02 -1.6275512E+00  2.3312278E+01
  1.4300000E+02  6.2042522E-01  2.2556924E+01
  1.4400000E+02  6.2479629E-01  2.2464118E+01
  1.4500000E+02  6.2785570E-01  2.3083201E+01
  1.4600000E+02  6.2992412E-01  2.4393582E+01
  1.4700000E+02  6.3132330E-01  2.6304543E+01
  1.4800000E+02  6.3237588E-01  2.8661306E+01
  1.4900000E+02  6.3340194E-01  3.1256965E+01
  1.5000000E+02  6.3471268E-01  3.3849394E+01
  1.5100000E+02  6.3660193E-01  3.6181833E+01
  1.5200000E+02  6.3933680E-01  3.8005572E+01
  1.5300000E+02  6.4314865E-01  3.9102943E+01
  1.5400000E+02  6.4822593E-01  3.9308800E+01
  1.5500000E+02  6.5470984E-01  3.8528744E+01
  1.5600000E+02  6.6269347E-01  3.6752553E+01
  1.5700000E+02  6.7222423E-01  3.4061637E+01
  1.5800000E+02  6.8330932E-01  3.0629716E+01
  1.5900000E+02  6.9592284E-01  2.6716429E+01
  1.6000000E+02  7.1001379E-01  2.2654070E+01
  1.6100000E+02  7.2551353E-01  1.8828169E+01
  1.6200000E+02  7.4234186E-01  1.5653079E+01
  1.6300000E+02  7.6041091E-01  1.3544142E+01
  1.6400000E+02 -1.2826656E+00  1.2888260E+01
  1.6500000E+02 -1.2501777E+00  1.4014914E+01
  1.6600000E+02 -1.2179136E+00  1.7169644E+01
  1.6700000E+02 -1.1861504E+00  2.2491954E+01
  1.6800000E+02 -1.1551518E+00  2.9999284E+01
  1.6900000E+02 -1.1251766E+00  3.9578390E+01
  1.7000000E+02 -1.0964850E+00  5.0984942E+01
  1.7100000E+02 -1.0693434E+00  6.3851638E+01
  1.7200000E+02 -1.0440255E+00  7.7704547E+01
  1.7300000E+02 -1.0208100E+00  9.1986823E+01
  1.7400000E+02 -9.9997606E-01  1.0608841E+02
  1.7500000E+02 -9.8179511E-01  1.1937992E+02
  1.7600000E+02 -9.6652172E-01  1.3124859E+02
  1.7700000E+02 -9.5438299E-01  1.4113392E+02
  1.7800000E+02 -9.4556836E-01  1.4856081E+02
  1.7900000E+02 -9.4022041E-01  1.5316788E+02
  1.8000000E+02 -9.3842774E-01  1.5472919E+02
 
