3.7950000E+01 2.1442524E+00
3.7970000E+01 2.1503261E+00
3.7990000E+01 2.1566035E+00
3.8010000E+01 2.1630926E+00
3.8030000E+01 2.1698018E+00
3.8050000E+01 2.1767399E+00
3.8070000E+01 2.1839163E+00
3.8090000E+01 2.1913407E+00
3.8110000E+01 2.1990233E+00
3.8130000E+01 2.2069749E+00
3.8150000E+01 2.2152070E+00
3.8170000E+01 2.2237315E+00
3.8190000E+01 2.2325611E+00
3.8210000E+01 2.2417091E+00
3.8230000E+01 2.2511895E+00
3.8250000E+01 2.2610173E+00
3.8270000E+01 2.2712081E+00
3.8290000E+01 2.2817786E+00
3.8310000E+01 2.2927463E+00
3.8330000E+01 2.3041297E+00
3.8350000E+01 2.3159487E+00
3.8370000E+01 2.3282240E+00
3.8390000E+01 2.3409778E+00
3.8410000E+01 2.3542336E+00
3.8430000E+01 2.3680163E+00
3.8450000E+01 2.3823525E+00
3.8470000E+01 2.3972704E+00
3.8490000E+01 2.4128000E+00
3.8510000E+01 2.4289732E+00
3.8530000E+01 2.4458241E+00
3.8550000E+01 2.4633892E+00
3.8570000E+01 2.4817072E+00
3.8590000E+01 2.5008196E+00
3.8610000E+01 2.5207708E+00
3.8630000E+01 2.5416083E+00
3.8650000E+01 2.5633828E+00
3.8670000E+01 2.5861491E+00
3.8690000E+01 2.6099655E+00
3.8710000E+01 2.6348950E+00
3.8730000E+01 2.6610052E+00
3.8750000E+01 2.6883689E+00
3.8770000E+01 2.7170644E+00
3.8790000E+01 2.7471763E+00
3.8810000E+01 2.7787959E+00
3.8830000E+01 2.8120218E+00
3.8850000E+01 2.8469609E+00
3.8870000E+01 2.8837286E+00
3.8890000E+01 2.9224505E+00
3.8910000E+01 2.9632626E+00
3.8930000E+01 3.0063128E+00
3.8950000E+01 3.0517623E+00
3.8970000E+01 3.0997865E+00
3.8990000E+01 3.1505768E+00
3.9010000E+01 3.2043424E+00
3.9030000E+01 3.2613120E+00
3.9050000E+01 3.3217363E+00
3.9070000E+01 3.3858902E+00
3.9090000E+01 3.4540754E+00
3.9110000E+01 3.5266241E+00
3.9130000E+01 3.6039020E+00
3.9150000E+01 3.6863124E+00
3.9170000E+01 3.7743011E+00
3.9190000E+01 3.8683607E+00
3.9210000E+01 3.9690371E+00
3.9230000E+01 4.0769360E+00
3.9250000E+01 4.1927298E+00
3.9270000E+01 4.3171663E+00
3.9290000E+01 4.4510786E+00
3.9310000E+01 4.5953949E+00
3.9330000E+01 4.7511513E+00
3.9350000E+01 4.9195052E+00
3.9370000E+01 5.1017498E+00
3.9390000E+01 5.2993315E+00
3.9410000E+01 5.5138678E+00
3.9430000E+01 5.7471670E+00
3.9450000E+01 6.0012492E+00
3.9470000E+01 6.2783678E+00
3.9490000E+01 6.5810304E+00
3.9510000E+01 6.9120180E+00
3.9530000E+01 7.2743992E+00
3.9550000E+01 7.6715362E+00
3.9570000E+01 8.1070771E+00
3.9590000E+01 8.5849255E+00
3.9610000E+01 9.1091777E+00
3.9630000E+01 9.6840102E+00
3.9650000E+01 1.0313497E+01
3.9670000E+01 1.1001331E+01
3.9690000E+01 1.1750414E+01
3.9710000E+01 1.2562285E+01
3.9730000E+01 1.3436338E+01
3.9750000E+01 1.4368833E+01
3.9770000E+01 1.5351685E+01
3.9790000E+01 1.6371127E+01
3.9810000E+01 1.7406425E+01
3.9830000E+01 1.8428954E+01
3.9850000E+01 1.9402089E+01
3.9870000E+01 2.0282440E+01
3.9890000E+01 2.1022853E+01
3.9910000E+01 2.1577234E+01
3.9930000E+01 2.1906655E+01
3.9950000E+01 2.1985476E+01
3.9970000E+01 2.1805876E+01
3.9990000E+01 2.1379386E+01
4.0010000E+01 2.0734907E+01
4.0030000E+01 1.9913844E+01
4.0050000E+01 1.8963808E+01
4.0070000E+01 1.7932537E+01
4.0090000E+01 1.6863213E+01
4.0110000E+01 1.5791684E+01
4.0130000E+01 1.4745444E+01
4.0150000E+01 1.3743940E+01
4.0170000E+01 1.2799630E+01
4.0190000E+01 1.1919367E+01
4.0210000E+01 1.1105787E+01
4.0230000E+01 1.0358537E+01
4.0250000E+01 9.6752717E+00
4.0270000E+01 9.0524202E+00
4.0290000E+01 8.4857463E+00
4.0310000E+01 7.9707391E+00
4.0330000E+01 7.5028750E+00
4.0350000E+01 7.0777846E+00
4.0370000E+01 6.6913509E+00
4.0390000E+01 6.3397615E+00
4.0410000E+01 6.0195283E+00
4.0430000E+01 5.7274879E+00
4.0450000E+01 5.4607886E+00
4.0470000E+01 5.2168716E+00
4.0490000E+01 4.9934472E+00
4.0510000E+01 4.7884706E+00
4.0530000E+01 4.6001180E+00
4.0550000E+01 4.4267637E+00
4.0570000E+01 4.2669582E+00
4.0590000E+01 4.1194092E+00
4.0610000E+01 3.9829636E+00
4.0630000E+01 3.8565917E+00
4.0650000E+01 3.7393732E+00
4.0670000E+01 3.6304843E+00
4.0690000E+01 3.5291873E+00
4.0710000E+01 3.4348199E+00
4.0730000E+01 3.3467874E+00
4.0750000E+01 3.2645547E+00
4.0770000E+01 3.1876397E+00
4.0790000E+01 3.1156073E+00
4.0810000E+01 3.0480645E+00
4.0830000E+01 2.9846556E+00
4.0850000E+01 2.9250583E+00
4.0870000E+01 2.8689800E+00
4.0890000E+01 2.8161549E+00
4.0910000E+01 2.7663410E+00
4.0930000E+01 2.7193178E+00
4.0950000E+01 2.6748842E+00
4.0970000E+01 2.6328562E+00
4.0990000E+01 2.5930655E+00
4.1010000E+01 2.5553580E+00
4.1030000E+01 2.5195923E+00
4.1050000E+01 2.4856386E+00
4.1070000E+01 2.4533772E+00
4.1090000E+01 2.4226983E+00
4.1110000E+01 2.3935005E+00
4.1130000E+01 2.3656902E+00
4.1150000E+01 2.3391810E+00
4.1170000E+01 2.3138930E+00
4.1190000E+01 2.2897522E+00
4.1210000E+01 2.2666901E+00
4.1230000E+01 2.2446429E+00
4.1250000E+01 2.2235516E+00
4.1270000E+01 2.2033613E+00
4.1290000E+01 2.1840209E+00
4.1310000E+01 2.1654829E+00
4.1330000E+01 2.1477028E+00
4.1350000E+01 2.1306392E+00
4.1370000E+01 2.1142536E+00
4.1390000E+01 2.0985099E+00
4.1410000E+01 2.0833742E+00
4.1430000E+01 2.0688150E+00
4.1450000E+01 2.0548027E+00
4.1470000E+01 2.0413094E+00
4.1490000E+01 2.0283092E+00
4.1510000E+01 2.0157775E+00
4.1530000E+01 2.0036915E+00
4.1550000E+01 1.9920294E+00
4.1570000E+01 1.9807710E+00
4.1590000E+01 1.9698972E+00
4.1610000E+01 1.9593898E+00
4.1630000E+01 1.9492320E+00
4.1650000E+01 1.9394075E+00
4.1670000E+01 1.9299014E+00
4.1690000E+01 1.9206993E+00
4.1710000E+01 1.9117877E+00
4.1730000E+01 1.9031537E+00
4.1750000E+01 1.8947854E+00
4.1770000E+01 1.8866713E+00
4.1790000E+01 1.8788004E+00
4.1810000E+01 1.8711626E+00
4.1830000E+01 1.8637480E+00
4.1850000E+01 1.8565475E+00
4.1870000E+01 1.8495522E+00
4.1890000E+01 1.8427538E+00
4.1910000E+01 1.8361444E+00
4.1930000E+01 1.8297164E+00
4.1950000E+01 1.8234627E+00