3.7950000E+01 5.2988076E+01
3.7970000E+01 5.2966808E+01
3.7990000E+01 5.2945699E+01
3.8010000E+01 5.2924754E+01
3.8030000E+01 5.2903976E+01
3.8050000E+01 5.2883370E+01
3.8070000E+01 5.2862940E+01
3.8090000E+01 5.2842692E+01
3.8110000E+01 5.2822629E+01
3.8130000E+01 5.2802757E+01
3.8150000E+01 5.2783081E+01
3.8170000E+01 5.2763607E+01
3.8190000E+01 5.2744340E+01
3.8210000E+01 5.2725287E+01
3.8230000E+01 5.2706453E+01
3.8250000E+01 5.2687847E+01
3.8270000E+01 5.2669473E+01
3.8290000E+01 5.2651340E+01
3.8310000E+01 5.2633455E+01
3.8330000E+01 5.2615826E+01
3.8350000E+01 5.2598462E+01
3.8370000E+01 5.2581370E+01
3.8390000E+01 5.2564561E+01
3.8410000E+01 5.2548043E+01
3.8430000E+01 5.2531827E+01
3.8450000E+01 5.2515923E+01
3.8470000E+01 5.2500343E+01
3.8490000E+01 5.2485098E+01
3.8510000E+01 5.2470201E+01
3.8530000E+01 5.2455664E+01
3.8550000E+01 5.2441500E+01
3.8570000E+01 5.2427726E+01
3.8590000E+01 5.2414354E+01
3.8610000E+01 5.2401402E+01
3.8630000E+01 5.2388887E+01
3.8650000E+01 5.2376825E+01
3.8670000E+01 5.2365237E+01
3.8690000E+01 5.2354141E+01
3.8710000E+01 5.2343559E+01
3.8730000E+01 5.2333514E+01
3.8750000E+01 5.2324028E+01
3.8770000E+01 5.2315127E+01
3.8790000E+01 5.2306838E+01
3.8810000E+01 5.2299189E+01
3.8830000E+01 5.2292209E+01
3.8850000E+01 5.2285931E+01
3.8870000E+01 5.2280387E+01
3.8890000E+01 5.2275616E+01
3.8910000E+01 5.2271654E+01
3.8930000E+01 5.2268542E+01
3.8950000E+01 5.2266324E+01
3.8970000E+01 5.2265047E+01
3.8990000E+01 5.2264760E+01
3.9010000E+01 5.2265515E+01
3.9030000E+01 5.2267369E+01
3.9050000E+01 5.2270382E+01
3.9070000E+01 5.2274619E+01
3.9090000E+01 5.2280147E+01
3.9110000E+01 5.2287041E+01
3.9130000E+01 5.2295379E+01
3.9150000E+01 5.2305244E+01
3.9170000E+01 5.2316725E+01
3.9190000E+01 5.2329919E+01
3.9210000E+01 5.2344926E+01
3.9230000E+01 5.2361854E+01
3.9250000E+01 5.2380817E+01
3.9270000E+01 5.2401938E+01
3.9290000E+01 5.2425344E+01
3.9310000E+01 5.2451170E+01
3.9330000E+01 5.2479557E+01
3.9350000E+01 5.2510650E+01
3.9370000E+01 5.2544601E+01
3.9390000E+01 5.2581562E+01
3.9410000E+01 5.2621684E+01
3.9430000E+01 5.2665115E+01
3.9450000E+01 5.2711995E+01
3.9470000E+01 5.2762443E+01
3.9490000E+01 5.2816555E+01
3.9510000E+01 5.2874386E+01
3.9530000E+01 5.2935933E+01
3.9550000E+01 5.3001114E+01
3.9570000E+01 5.3069736E+01
3.9590000E+01 5.3141457E+01
3.9610000E+01 5.3215732E+01
3.9630000E+01 5.3291758E+01
3.9650000E+01 5.3368386E+01
3.9670000E+01 5.3444033E+01
3.9690000E+01 5.3516568E+01
3.9710000E+01 5.3583189E+01
3.9730000E+01 5.3640304E+01
3.9750000E+01 5.3683417E+01
3.9770000E+01 5.3707077E+01
3.9790000E+01 5.3704913E+01
3.9810000E+01 5.3669832E+01
3.9830000E+01 5.3594434E+01
3.9850000E+01 5.3471704E+01
3.9870000E+01 5.3295973E+01
3.9890000E+01 5.3064048E+01
3.9910000E+01 5.2776309E+01
3.9930000E+01 5.2437457E+01
3.9950000E+01 5.2056599E+01
3.9970000E+01 5.1646515E+01
3.9990000E+01 5.1222174E+01
4.0010000E+01 5.0798859E+01
4.0030000E+01 5.0390361E+01
4.0050000E+01 5.0007669E+01
4.0070000E+01 4.9658330E+01
4.0090000E+01 4.9346475E+01
4.0110000E+01 4.9073291E+01
4.0130000E+01 4.8837732E+01
4.0150000E+01 4.8637252E+01
4.0170000E+01 4.8468448E+01
4.0190000E+01 4.8327559E+01
4.0210000E+01 4.8210815E+01
4.0230000E+01 4.8114648E+01
4.0250000E+01 4.8035818E+01
4.0270000E+01 4.7971462E+01
4.0290000E+01 4.7919099E+01
4.0310000E+01 4.7876609E+01
4.0330000E+01 4.7842202E+01
4.0350000E+01 4.7814377E+01
4.0370000E+01 4.7791883E+01
4.0390000E+01 4.7773684E+01
4.0410000E+01 4.7758920E+01
4.0430000E+01 4.7746885E+01
4.0450000E+01 4.7736995E+01
4.0470000E+01 4.7728773E+01
4.0490000E+01 4.7721824E+01
4.0510000E+01 4.7715828E+01
4.0530000E+01 4.7710521E+01
4.0550000E+01 4.7705687E+01
4.0570000E+01 4.7701152E+01
4.0590000E+01 4.7696773E+01
4.0610000E+01 4.7692435E+01
4.0630000E+01 4.7688045E+01
4.0650000E+01 4.7683528E+01
4.0670000E+01 4.7678824E+01
4.0690000E+01 4.7673888E+01
4.0710000E+01 4.7668682E+01
4.0730000E+01 4.7663179E+01
4.0750000E+01 4.7657357E+01
4.0770000E+01 4.7651202E+01
4.0790000E+01 4.7644703E+01
4.0810000E+01 4.7637854E+01
4.0830000E+01 4.7630651E+01
4.0850000E+01 4.7623093E+01
4.0870000E+01 4.7615183E+01
4.0890000E+01 4.7606922E+01
4.0910000E+01 4.7598316E+01
4.0930000E+01 4.7589370E+01
4.0950000E+01 4.7580090E+01
4.0970000E+01 4.7570483E+01
4.0990000E+01 4.7560557E+01
4.1010000E+01 4.7550320E+01
4.1030000E+01 4.7539779E+01
4.1050000E+01 4.7528943E+01
4.1070000E+01 4.7517820E+01
4.1090000E+01 4.7506419E+01
4.1110000E+01 4.7494748E+01
4.1130000E+01 4.7482814E+01
4.1150000E+01 4.7470627E+01
4.1170000E+01 4.7458193E+01
4.1190000E+01 4.7445522E+01
4.1210000E+01 4.7432619E+01
4.1230000E+01 4.7419494E+01
4.1250000E+01 4.7406153E+01
4.1270000E+01 4.7392603E+01
4.1290000E+01 4.7378852E+01
4.1310000E+01 4.7364905E+01
4.1330000E+01 4.7350770E+01
4.1350000E+01 4.7336452E+01
4.1370000E+01 4.7321958E+01
4.1390000E+01 4.7307293E+01
4.1410000E+01 4.7292464E+01
4.1430000E+01 4.7277476E+01
4.1450000E+01 4.7262333E+01
4.1470000E+01 4.7247042E+01
4.1490000E+01 4.7231607E+01
4.1510000E+01 4.7216033E+01
4.1530000E+01 4.7200325E+01
4.1550000E+01 4.7184487E+01
4.1570000E+01 4.7168524E+01
4.1590000E+01 4.7152439E+01
4.1610000E+01 4.7136237E+01
4.1630000E+01 4.7119921E+01
4.1650000E+01 4.7103496E+01
4.1670000E+01 4.7086965E+01
4.1690000E+01 4.7070332E+01
4.1710000E+01 4.7053599E+01
4.1730000E+01 4.7036771E+01
4.1750000E+01 4.7019850E+01
4.1770000E+01 4.7002840E+01
4.1790000E+01 4.6985743E+01
4.1810000E+01 4.6968562E+01
4.1830000E+01 4.6951300E+01
4.1850000E+01 4.6933960E+01
4.1870000E+01 4.6916544E+01
4.1890000E+01 4.6899055E+01
4.1910000E+01 4.6881495E+01
4.1930000E+01 4.6863867E+01
4.1950000E+01 4.6846173E+01