3.7950000E+01 5.2860079E+00
3.7970000E+01 5.2688922E+00
3.7990000E+01 5.2515345E+00
3.8010000E+01 5.2339284E+00
3.8030000E+01 5.2160670E+00
3.8050000E+01 5.1979433E+00
3.8070000E+01 5.1795502E+00
3.8090000E+01 5.1608802E+00
3.8110000E+01 5.1419255E+00
3.8130000E+01 5.1226782E+00
3.8150000E+01 5.1031298E+00
3.8170000E+01 5.0832719E+00
3.8190000E+01 5.0630956E+00
3.8210000E+01 5.0425916E+00
3.8230000E+01 5.0217504E+00
3.8250000E+01 5.0005621E+00
3.8270000E+01 4.9790165E+00
3.8290000E+01 4.9571030E+00
3.8310000E+01 4.9348104E+00
3.8330000E+01 4.9121275E+00
3.8350000E+01 4.8890424E+00
3.8370000E+01 4.8655429E+00
3.8390000E+01 4.8416161E+00
3.8410000E+01 4.8172489E+00
3.8430000E+01 4.7924277E+00
3.8450000E+01 4.7671382E+00
3.8470000E+01 4.7413658E+00
3.8490000E+01 4.7150951E+00
3.8510000E+01 4.6883104E+00
3.8530000E+01 4.6609951E+00
3.8550000E+01 4.6331325E+00
3.8570000E+01 4.6047047E+00
3.8590000E+01 4.5756936E+00
3.8610000E+01 4.5460802E+00
3.8630000E+01 4.5158450E+00
3.8650000E+01 4.4849676E+00
3.8670000E+01 4.4534272E+00
3.8690000E+01 4.4212020E+00
3.8710000E+01 4.3882697E+00
3.8730000E+01 4.3546073E+00
3.8750000E+01 4.3201909E+00
3.8770000E+01 4.2849960E+00
3.8790000E+01 4.2489977E+00
3.8810000E+01 4.2121699E+00
3.8830000E+01 4.1744865E+00
3.8850000E+01 4.1359204E+00
3.8870000E+01 4.0964444E+00
3.8890000E+01 4.0560306E+00
3.8910000E+01 4.0146511E+00
3.8930000E+01 3.9722778E+00
3.8950000E+01 3.9288828E+00
3.8970000E+01 3.8844385E+00
3.8990000E+01 3.8389179E+00
3.9010000E+01 3.7922952E+00
3.9030000E+01 3.7445457E+00
3.9050000E+01 3.6956470E+00
3.9070000E+01 3.6455794E+00
3.9090000E+01 3.5943264E+00
3.9110000E+01 3.5418762E+00
3.9130000E+01 3.4882223E+00
3.9150000E+01 3.4333655E+00
3.9170000E+01 3.3773153E+00
3.9190000E+01 3.3200920E+00
3.9210000E+01 3.2617295E+00
3.9230000E+01 3.2022779E+00
3.9250000E+01 3.1418080E+00
3.9270000E+01 3.0804150E+00
3.9290000E+01 3.0182247E+00
3.9310000E+01 2.9554000E+00
3.9330000E+01 2.8921492E+00
3.9350000E+01 2.8287359E+00
3.9370000E+01 2.7654912E+00
3.9390000E+01 2.7028286E+00
3.9410000E+01 2.6412622E+00
3.9430000E+01 2.5814288E+00
3.9450000E+01 2.5241145E+00
3.9470000E+01 2.4702876E+00
3.9490000E+01 2.4211379E+00
3.9510000E+01 2.3781245E+00
3.9530000E+01 2.3430327E+00
3.9550000E+01 2.3180421E+00
3.9570000E+01 2.3058056E+00
3.9590000E+01 2.3095415E+00
3.9610000E+01 2.3331365E+00
3.9630000E+01 2.3812568E+00
3.9650000E+01 2.4594614E+00
3.9670000E+01 2.5743044E+00
3.9690000E+01 2.7334066E+00
3.9710000E+01 2.9454625E+00
3.9730000E+01 3.2201365E+00
3.9750000E+01 3.5677813E+00
3.9770000E+01 3.9988988E+00
3.9790000E+01 4.5232579E+00
3.9810000E+01 5.1486030E+00
3.9830000E+01 5.8789536E+00
3.9850000E+01 6.7126189E+00
3.9870000E+01 7.6402400E+00
3.9890000E+01 8.6433697E+00
3.9910000E+01 9.6942233E+00
3.9930000E+01 1.0757134E+01
3.9950000E+01 1.1791856E+01
3.9970000E+01 1.2758248E+01
3.9990000E+01 1.3621287E+01
4.0010000E+01 1.4355149E+01
4.0030000E+01 1.4945410E+01
4.0050000E+01 1.5389061E+01
4.0070000E+01 1.5692748E+01
4.0090000E+01 1.5870003E+01
4.0110000E+01 1.5938299E+01
4.0130000E+01 1.5916495E+01
4.0150000E+01 1.5822960E+01
4.0170000E+01 1.5674396E+01
4.0190000E+01 1.5485257E+01
4.0210000E+01 1.5267582E+01
4.0230000E+01 1.5031099E+01
4.0250000E+01 1.4783479E+01
4.0270000E+01 1.4530629E+01
4.0290000E+01 1.4277008E+01
4.0310000E+01 1.4025903E+01
4.0330000E+01 1.3779682E+01
4.0350000E+01 1.3539991E+01
4.0370000E+01 1.3307929E+01
4.0390000E+01 1.3084176E+01
4.0410000E+01 1.2869100E+01
4.0430000E+01 1.2662837E+01
4.0450000E+01 1.2465359E+01
4.0470000E+01 1.2276515E+01
4.0490000E+01 1.2096073E+01
4.0510000E+01 1.1923742E+01
4.0530000E+01 1.1759200E+01
4.0550000E+01 1.1602104E+01
4.0570000E+01 1.1452101E+01
4.0590000E+01 1.1308838E+01
4.0610000E+01 1.1171968E+01
4.0630000E+01 1.1041153E+01
4.0650000E+01 1.0916068E+01
4.0670000E+01 1.0796400E+01
4.0690000E+01 1.0681851E+01
4.0710000E+01 1.0572139E+01
4.0730000E+01 1.0466997E+01
4.0750000E+01 1.0366174E+01
4.0770000E+01 1.0269430E+01
4.0790000E+01 1.0176544E+01
4.0810000E+01 1.0087306E+01
4.0830000E+01 1.0001517E+01
4.0850000E+01 9.9189937E+00
4.0870000E+01 9.8395621E+00
4.0890000E+01 9.7630593E+00
4.0910000E+01 9.6893327E+00
4.0930000E+01 9.6182390E+00
4.0950000E+01 9.5496437E+00
4.0970000E+01 9.4834207E+00
4.0990000E+01 9.4194514E+00
4.1010000E+01 9.3576246E+00
4.1030000E+01 9.2978357E+00
4.1050000E+01 9.2399864E+00
4.1070000E+01 9.1839841E+00
4.1090000E+01 9.1297419E+00
4.1110000E+01 9.0771779E+00
4.1130000E+01 9.0262147E+00
4.1150000E+01 8.9767797E+00
4.1170000E+01 8.9288043E+00
4.1190000E+01 8.8822236E+00
4.1210000E+01 8.8369765E+00
4.1230000E+01 8.7930053E+00
4.1250000E+01 8.7502553E+00
4.1270000E+01 8.7086749E+00
4.1290000E+01 8.6682151E+00
4.1310000E+01 8.6288298E+00
4.1330000E+01 8.5904749E+00
4.1350000E+01 8.5531090E+00
4.1370000E+01 8.5166926E+00
4.1390000E+01 8.4811882E+00
4.1410000E+01 8.4465603E+00
4.1430000E+01 8.4127752E+00
4.1450000E+01 8.3798006E+00
4.1470000E+01 8.3476062E+00
4.1490000E+01 8.3161628E+00
4.1510000E+01 8.2854427E+00
4.1530000E+01 8.2554197E+00
4.1550000E+01 8.2260685E+00
4.1570000E+01 8.1973652E+00
4.1590000E+01 8.1692871E+00
4.1610000E+01 8.1418122E+00
4.1630000E+01 8.1149198E+00
4.1650000E+01 8.0885899E+00
4.1670000E+01 8.0628036E+00
4.1690000E+01 8.0375427E+00
4.1710000E+01 8.0127898E+00
4.1730000E+01 7.9885282E+00
4.1750000E+01 7.9647420E+00
4.1770000E+01 7.9414159E+00
4.1790000E+01 7.9185354E+00
4.1810000E+01 7.8960865E+00
4.1830000E+01 7.8740555E+00
4.1850000E+01 7.8524298E+00
4.1870000E+01 7.8311968E+00
4.1890000E+01 7.8103448E+00
4.1910000E+01 7.7898622E+00
4.1930000E+01 7.7697382E+00
4.1950000E+01 7.7499622E+00