3.7950000E+01 0.0000000E+00
3.7970000E+01 0.0000000E+00
3.7990000E+01 0.0000000E+00
3.8010000E+01 0.0000000E+00
3.8030000E+01 0.0000000E+00
3.8050000E+01 0.0000000E+00
3.8070000E+01 0.0000000E+00
3.8090000E+01 0.0000000E+00
3.8110000E+01 0.0000000E+00
3.8130000E+01 0.0000000E+00
3.8150000E+01 0.0000000E+00
3.8170000E+01 0.0000000E+00
3.8190000E+01 0.0000000E+00
3.8210000E+01 0.0000000E+00
3.8230000E+01 0.0000000E+00
3.8250000E+01 0.0000000E+00
3.8270000E+01 0.0000000E+00
3.8290000E+01 0.0000000E+00
3.8310000E+01 0.0000000E+00
3.8330000E+01 0.0000000E+00
3.8350000E+01 0.0000000E+00
3.8370000E+01 0.0000000E+00
3.8390000E+01 0.0000000E+00
3.8410000E+01 0.0000000E+00
3.8430000E+01 0.0000000E+00
3.8450000E+01 0.0000000E+00
3.8470000E+01 0.0000000E+00
3.8490000E+01 0.0000000E+00
3.8510000E+01 0.0000000E+00
3.8530000E+01 0.0000000E+00
3.8550000E+01 0.0000000E+00
3.8570000E+01 0.0000000E+00
3.8590000E+01 0.0000000E+00
3.8610000E+01 0.0000000E+00
3.8630000E+01 0.0000000E+00
3.8650000E+01 0.0000000E+00
3.8670000E+01 0.0000000E+00
3.8690000E+01 0.0000000E+00
3.8710000E+01 0.0000000E+00
3.8730000E+01 0.0000000E+00
3.8750000E+01 0.0000000E+00
3.8770000E+01 0.0000000E+00
3.8790000E+01 0.0000000E+00
3.8810000E+01 0.0000000E+00
3.8830000E+01 0.0000000E+00
3.8850000E+01 0.0000000E+00
3.8870000E+01 0.0000000E+00
3.8890000E+01 0.0000000E+00
3.8910000E+01 0.0000000E+00
3.8930000E+01 0.0000000E+00
3.8950000E+01 0.0000000E+00
3.8970000E+01 0.0000000E+00
3.8990000E+01 0.0000000E+00
3.9010000E+01 0.0000000E+00
3.9030000E+01 0.0000000E+00
3.9050000E+01 0.0000000E+00
3.9070000E+01 0.0000000E+00
3.9090000E+01 0.0000000E+00
3.9110000E+01 0.0000000E+00
3.9130000E+01 0.0000000E+00
3.9150000E+01 0.0000000E+00
3.9170000E+01 0.0000000E+00
3.9190000E+01 0.0000000E+00
3.9210000E+01 0.0000000E+00
3.9230000E+01 0.0000000E+00
3.9250000E+01 0.0000000E+00
3.9270000E+01 0.0000000E+00
3.9290000E+01 0.0000000E+00
3.9310000E+01 0.0000000E+00
3.9330000E+01 0.0000000E+00
3.9350000E+01 0.0000000E+00
3.9370000E+01 0.0000000E+00
3.9390000E+01 0.0000000E+00
3.9410000E+01 0.0000000E+00
3.9430000E+01 0.0000000E+00
3.9450000E+01 0.0000000E+00
3.9470000E+01 0.0000000E+00
3.9490000E+01 0.0000000E+00
3.9510000E+01 0.0000000E+00
3.9530000E+01 0.0000000E+00
3.9550000E+01 0.0000000E+00
3.9570000E+01 0.0000000E+00
3.9590000E+01 0.0000000E+00
3.9610000E+01 0.0000000E+00
3.9630000E+01 0.0000000E+00
3.9650000E+01 0.0000000E+00
3.9670000E+01 0.0000000E+00
3.9690000E+01 0.0000000E+00
3.9710000E+01 0.0000000E+00
3.9730000E+01 0.0000000E+00
3.9750000E+01 0.0000000E+00
3.9770000E+01 0.0000000E+00
3.9790000E+01 0.0000000E+00
3.9810000E+01 0.0000000E+00
3.9830000E+01 0.0000000E+00
3.9850000E+01 0.0000000E+00
3.9870000E+01 0.0000000E+00
3.9890000E+01 0.0000000E+00
3.9910000E+01 0.0000000E+00
3.9930000E+01 0.0000000E+00
3.9950000E+01 0.0000000E+00
3.9970000E+01 0.0000000E+00
3.9990000E+01 0.0000000E+00
4.0010000E+01 0.0000000E+00
4.0030000E+01 0.0000000E+00
4.0050000E+01 0.0000000E+00
4.0070000E+01 0.0000000E+00
4.0090000E+01 0.0000000E+00
4.0110000E+01 0.0000000E+00
4.0130000E+01 0.0000000E+00
4.0150000E+01 0.0000000E+00
4.0170000E+01 0.0000000E+00
4.0190000E+01 0.0000000E+00
4.0210000E+01 0.0000000E+00
4.0230000E+01 0.0000000E+00
4.0250000E+01 0.0000000E+00
4.0270000E+01 0.0000000E+00
4.0290000E+01 0.0000000E+00
4.0310000E+01 0.0000000E+00
4.0330000E+01 0.0000000E+00
4.0350000E+01 0.0000000E+00
4.0370000E+01 0.0000000E+00
4.0390000E+01 0.0000000E+00
4.0410000E+01 0.0000000E+00
4.0430000E+01 0.0000000E+00
4.0450000E+01 0.0000000E+00
4.0470000E+01 0.0000000E+00
4.0490000E+01 0.0000000E+00
4.0510000E+01 0.0000000E+00
4.0530000E+01 0.0000000E+00
4.0550000E+01 0.0000000E+00
4.0570000E+01 0.0000000E+00
4.0590000E+01 0.0000000E+00
4.0610000E+01 0.0000000E+00
4.0630000E+01 0.0000000E+00
4.0650000E+01 0.0000000E+00
4.0670000E+01 0.0000000E+00
4.0690000E+01 0.0000000E+00
4.0710000E+01 0.0000000E+00
4.0730000E+01 0.0000000E+00
4.0750000E+01 0.0000000E+00
4.0770000E+01 0.0000000E+00
4.0790000E+01 0.0000000E+00
4.0810000E+01 0.0000000E+00
4.0830000E+01 0.0000000E+00
4.0850000E+01 0.0000000E+00
4.0870000E+01 0.0000000E+00
4.0890000E+01 0.0000000E+00
4.0910000E+01 0.0000000E+00
4.0930000E+01 0.0000000E+00
4.0950000E+01 0.0000000E+00
4.0970000E+01 0.0000000E+00
4.0990000E+01 0.0000000E+00
4.1010000E+01 0.0000000E+00
4.1030000E+01 0.0000000E+00
4.1050000E+01 0.0000000E+00
4.1070000E+01 0.0000000E+00
4.1090000E+01 0.0000000E+00
4.1110000E+01 0.0000000E+00
4.1130000E+01 0.0000000E+00
4.1150000E+01 0.0000000E+00
4.1170000E+01 0.0000000E+00
4.1190000E+01 0.0000000E+00
4.1210000E+01 0.0000000E+00
4.1230000E+01 0.0000000E+00
4.1250000E+01 0.0000000E+00
4.1270000E+01 0.0000000E+00
4.1290000E+01 0.0000000E+00
4.1310000E+01 0.0000000E+00
4.1330000E+01 0.0000000E+00
4.1350000E+01 0.0000000E+00
4.1370000E+01 0.0000000E+00
4.1390000E+01 0.0000000E+00
4.1410000E+01 0.0000000E+00
4.1430000E+01 0.0000000E+00
4.1450000E+01 0.0000000E+00
4.1470000E+01 0.0000000E+00
4.1490000E+01 0.0000000E+00
4.1510000E+01 0.0000000E+00
4.1530000E+01 0.0000000E+00
4.1550000E+01 0.0000000E+00
4.1570000E+01 0.0000000E+00
4.1590000E+01 0.0000000E+00
4.1610000E+01 0.0000000E+00
4.1630000E+01 0.0000000E+00
4.1650000E+01 0.0000000E+00
4.1670000E+01 0.0000000E+00
4.1690000E+01 0.0000000E+00
4.1710000E+01 0.0000000E+00
4.1730000E+01 0.0000000E+00
4.1750000E+01 0.0000000E+00
4.1770000E+01 0.0000000E+00
4.1790000E+01 0.0000000E+00
4.1810000E+01 0.0000000E+00
4.1830000E+01 0.0000000E+00
4.1850000E+01 0.0000000E+00
4.1870000E+01 0.0000000E+00
4.1890000E+01 0.0000000E+00
4.1910000E+01 0.0000000E+00
4.1930000E+01 0.0000000E+00
4.1950000E+01 0.0000000E+00