 -1.8393922E+03  1.5814372E+02  0.0000000E+00
 -1.8230180E+03  1.5811783E+02  1.0000000E+00
 -1.7745589E+03  1.5795799E+02  2.0000000E+00
 -1.6959699E+03  1.5742768E+02  3.0000000E+00
 -1.5903936E+03  1.5616523E+02  4.0000000E+00
 -1.4619944E+03  1.5372904E+02  5.0000000E+00
 -1.3157394E+03  1.4965437E+02  6.0000000E+00
 -1.1571428E+03  1.4351575E+02  7.0000000E+00
 -9.9198485E+02  1.3498865E+02  8.0000000E+00
 -8.2602576E+02  1.2390379E+02  9.0000000E+00
 -6.6472921E+02  1.1028831E+02  1.0000000E+01
 -5.1301188E+02  9.4388912E+01  1.1000000E+01
 -3.7503273E+02  7.6674202E+01  1.2000000E+01
 -2.5403275E+02  5.7814872E+01  1.3000000E+01
 -1.5223273E+02  3.8642968E+01  1.4000000E+01
 -7.0792394E+01  2.0093224E+01  1.5000000E+01
 -9.8305838E+00  3.1313525E+00  1.6000000E+01
  3.1497841E+01 -1.1324470E+01  1.7000000E+01
  5.4876023E+01 -2.2481935E+01  1.8000000E+01
  6.2660426E+01 -2.9745546E+01  1.9000000E+01
  5.7689810E+01 -3.2773535E+01  2.0000000E+01
  4.3081205E+01 -3.1515187E+01  2.1000000E+01
  2.2026345E+01 -2.6224711E+01  2.2000000E+01
 -2.3988022E+00 -1.7449793E+01  2.3000000E+01
 -2.7400410E+01 -5.9952110E+00  2.4000000E+01
 -5.0600377E+01  7.1358715E+00  2.5000000E+01
 -7.0131137E+01  2.0818316E+01  2.6000000E+01
 -8.4688782E+01  3.3892865E+01  2.7000000E+01
 -9.3544526E+01  4.5258090E+01  2.8000000E+01
 -9.6517441E+01  5.3958645E+01  2.9000000E+01
 -9.3913774E+01  5.9262268E+01  3.0000000E+01
 -8.6440081E+01  6.0718868E+01  3.1000000E+01
 -7.5098648E+01  5.8196576E+01  3.2000000E+01
 -6.1074204E+01  5.1891536E+01  3.3000000E+01
 -4.5620825E+01  4.2310516E+01  3.4000000E+01
 -2.9957085E+01  3.0227719E+01  3.5000000E+01
 -1.5176244E+01  1.6619416E+01  3.6000000E+01
 -2.1765143E+00  2.5819127E+00  3.7000000E+01
  8.3855172E+00 -1.0760189E+01  3.8000000E+01
  1.6117253E+01 -2.2347675E+01  3.9000000E+01
  2.0889134E+01 -3.1274412E+01  4.0000000E+01
  2.2812981E+01 -3.6861681E+01  4.1000000E+01
  2.2203613E+01 -3.8712951E+01  4.2000000E+01
  1.9528628E+01 -3.6744574E+01  4.3000000E+01
  1.5351738E+01 -3.1190018E+01  4.4000000E+01
  1.0274981E+01 -2.2577486E+01  4.5000000E+01
  4.8847359E+00 -1.1683074E+01  4.6000000E+01
 -2.9436501E-01  5.3632592E-01  4.7000000E+01
 -4.8346277E+00  1.3024483E+01  4.8000000E+01
 -8.4277880E+00  2.4714587E+01  4.9000000E+01
 -1.0894304E+01  3.4617721E+01  5.0000000E+01
 -1.2180136E+01  4.1903583E+01  5.1000000E+01
 -1.2342744E+01  4.5966755E+01  5.2000000E+01
 -1.1528797E+01  4.6473141E+01  5.3000000E+01
 -9.9466286E+00  4.3383005E+01  5.4000000E+01
 -7.8365881E+00  3.6949053E+01  5.5000000E+01
 -5.4423807E+00  2.7690195E+01  5.6000000E+01
 -2.9860431E+00  1.6343665E+01  5.7000000E+01
 -6.4862210E-01  3.7999726E+00  5.8000000E+01
  1.4421348E+00 -8.9734441E+00  5.9000000E+01
  3.2165754E+00 -2.1013195E+01  6.0000000E+01
  4.6607189E+00 -3.1438594E+01  6.1000000E+01
  5.8076046E+00 -3.9521428E+01  6.2000000E+01
  6.7239604E+00 -4.4741171E+01  6.3000000E+01
  7.4940958E+00 -4.6821398E+01  6.4000000E+01
  8.2030727E+00 -4.5744825E+01  6.5000000E+01
  8.9211370E+00 -4.1746352E+01  6.6000000E+01
  9.6911373E+00 -3.5285352E+01  6.7000000E+01
  1.0520233E+01 -2.7000204E+01  6.8000000E+01
  1.1376672E+01 -1.7649510E+01  6.9000000E+01
  1.2191844E+01 -8.0454200E+00  7.0000000E+01
  1.2867233E+01  1.0149990E+00  7.1000000E+01
  1.3285403E+01  8.8144388E+00  7.2000000E+01
  1.3323746E+01  1.4770732E+01  7.3000000E+01
  1.2869452E+01  1.8478574E+01  7.4000000E+01
  1.1834095E+01  1.9734582E+01  7.5000000E+01
  1.0166267E+01  1.8544242E+01  7.6000000E+01
  7.8609214E+00  1.5110938E+01  7.7000000E+01
  4.9644487E+00  9.8088011E+00  7.8000000E+01
  1.5748986E+00  3.1424795E+00  7.9000000E+01
 -2.1627292E+00 -4.3020697E+00  8.0000000E+01
 -6.0657523E+00 -1.1911048E+01  8.1000000E+01
 -9.9268272E+00 -1.9095655E+01  8.2000000E+01
 -1.3529580E+01 -2.5339696E+01  8.3000000E+01
 -1.6665474E+01 -3.0238043E+01  8.4000000E+01
 -1.9150446E+01 -3.3523023E+01  8.5000000E+01
 -2.0839866E+01 -3.5077061E+01  8.6000000E+01
 -2.1640563E+01 -3.4931213E+01  8.7000000E+01
 -2.1518888E+01 -3.3250541E+01  8.8000000E+01
 -2.0504185E+01 -3.0308429E+01  8.9000000E+01
 -1.8687400E+01 -2.6452861E+01  9.0000000E+01
 -1.6214974E+01 -2.2068265E+01  9.1000000E+01
 -1.3278570E+01 -1.7536764E+01  9.2000000E+01
 -1.0101479E+01 -1.3202510E+01  9.3000000E+01
 -6.9228124E+00 -9.3423411E+00  9.4000000E+01
 -3.9807266E+00 -6.1451765E+00  9.5000000E+01
 -1.4959689E+00 -3.7016557E+00  9.6000000E+01
  3.4304983E-01 -2.0044286E+00  9.7000000E+01
  1.3925964E+00 -9.5846660E-01  9.8000000E+01
  1.5625607E+00 -3.9980557E-01  9.9000000E+01
  8.2148246E-01 -1.2038059E-01  1.0000000E+02
 -8.0254428E-01  1.0388856E-01  1.0100000E+02
 -3.2249773E+00  4.8480029E-01  1.0200000E+02
 -6.3115431E+00  1.1962976E+00  1.0300000E+02
 -9.8879228E+00  2.3541630E+00  1.0400000E+02
 -1.3751591E+01  4.0029028E+00  1.0500000E+02
 -1.7684888E+01  6.1109470E+00  1.0600000E+02
 -2.1468380E+01  8.5744164E+00  1.0700000E+02
 -2.4893610E+01  1.1228834E+01  1.0800000E+02
 -2.7774450E+01  1.3867377E+01  1.0900000E+02
 -2.9956430E+01  1.6263639E+01  1.1000000E+02
 -3.1323601E+01  1.8196479E+01  1.1100000E+02
 -3.1802700E+01  1.9474373E+01  1.1200000E+02
 -3.1364593E+01  1.9956793E+01  1.1300000E+02
 -3.0023149E+01  1.9570496E+01  1.1400000E+02
 -2.7831848E+01  1.8319124E+01  1.1500000E+02
 -2.4878562E+01  1.6285240E+01  1.1600000E+02
 -2.1278983E+01  1.3624640E+01  1.1700000E+02
 -1.7169244E+01  1.0553578E+01  1.1800000E+02
 -1.2698220E+01  7.3301566E+00  1.1900000E+02
 -8.0200003E+00  4.2317311E+00  1.2000000E+02
 -3.2868983E+00  1.5304636E+00  1.2100000E+02
  1.3566718E+00 -5.3066911E-01  1.2200000E+02
  5.7792562E+00 -1.7592202E+00  1.2300000E+02
  9.8662361E+00 -2.0300680E+00  1.2400000E+02
  1.3522488E+01 -1.2962279E+00  1.2500000E+02
  1.6673868E+01  4.0716490E-01  1.2600000E+02
  1.9267625E+01  2.9658990E+00  1.2700000E+02
  2.1271878E+01  6.1963100E+00  1.2800000E+02
  2.2674327E+01  9.8604541E+00  1.2900000E+02
  2.3480369E+01  1.3685343E+01  1.3000000E+02
  2.3710799E+01  1.7384442E+01  1.3100000E+02
  2.3399261E+01  2.0679501E+01  1.3200000E+02
  2.2589599E+01  2.3320865E+01  1.3300000E+02
  2.1333247E+01  2.5104603E+01  1.3400000E+02
  1.9686762E+01  2.5885198E+01  1.3500000E+02
  1.7709605E+01  2.5582989E+01  1.3600000E+02
  1.5462226E+01  2.4186076E+01  1.3700000E+02
  1.3004518E+01  2.1746912E+01  1.3800000E+02
  1.0394648E+01  1.8374288E+01  1.3900000E+02
  7.6882810E+00  1.4221753E+01  1.4000000E+02
  4.9381586E+00  9.4737867E+00  1.4100000E+02
  2.1940007E+00  4.3311282E+00  1.4200000E+02
 -4.9735627E-01 -1.0033690E+00  1.4300000E+02
 -3.0916640E+00 -6.3371600E+00  1.4400000E+02
 -5.5469180E+00 -1.1497788E+01  1.4500000E+02
 -7.8230730E+00 -1.6339451E+01  1.4600000E+02
 -9.8819228E+00 -2.0746151E+01  1.4700000E+02
 -1.1687239E+01 -2.4631623E+01  1.4800000E+02
 -1.3205232E+01 -2.7936512E+01  1.4900000E+02
 -1.4405376E+01 -3.0623563E+01  1.5000000E+02
 -1.5261576E+01 -3.2671694E+01  1.5100000E+02
 -1.5753638E+01 -3.4069875E+01  1.5200000E+02
 -1.5868930E+01 -3.4811664E+01  1.5300000E+02
 -1.5604098E+01 -3.4891086E+01  1.5400000E+02
 -1.4966671E+01 -3.4300308E+01  1.5500000E+02
 -1.3976351E+01 -3.3029313E+01  1.5600000E+02
 -1.2665814E+01 -3.1067471E+01  1.5700000E+02
 -1.1080836E+01 -2.8406690E+01  1.5800000E+02
 -9.2796243E+00 -2.5045608E+01  1.5900000E+02
 -7.3312679E+00 -2.0994179E+01  1.6000000E+02
 -5.3132950E+00 -1.6277966E+01  1.6100000E+02
 -3.3084134E+00 -1.0941490E+01  1.6200000E+02
 -1.4005733E+00 -5.0501362E+00  1.6300000E+02
  3.2942651E-01  1.3097450E+00  1.6400000E+02
  1.8085114E+00  8.0326270E+00  1.6500000E+02
  2.9757627E+00  1.4997393E+01  1.6600000E+02
  3.7863746E+00  2.2072386E+01  1.6700000E+02
  4.2148130E+00  2.9121421E+01  1.6800000E+02
  4.2568922E+00  3.6010180E+01  1.6900000E+02
  3.9305555E+00  4.2612324E+01  1.7000000E+02
  3.2752290E+00  4.8814751E+01  1.7100000E+02
  2.3497262E+00  5.4521503E+01  1.7200000E+02
  1.2287894E+00  5.9655992E+01  1.7300000E+02
 -1.5357954E-03  6.4161445E+01  1.7400000E+02
 -1.2494025E+00  6.7999622E+01  1.7500000E+02
 -2.4231692E+00  7.1148125E+01  1.7600000E+02
 -3.4374956E+00  7.3596706E+01  1.7700000E+02
 -4.2190895E+00  7.5343146E+01  1.7800000E+02
 -4.7116893E+00  7.6389260E+01  1.7900000E+02
 -4.8799129E+00  7.6737598E+01  1.8000000E+02
 
