2.0000000000000000   1.8654961982699689
2.0499999999999998   1.8450484089992454
2.1000000000000001   1.8248517804775002
2.1499999999999999   1.8048984776753565
2.2000000000000002   1.7851810594354127
2.2500000000000000   1.7656924579121978
2.3000000000000003   1.7464259577299770
2.3500000000000001   1.7273751743969472
2.4000000000000004   1.7085340323431426
2.4500000000000002   1.6898967427580089
2.5000000000000000   1.6714577819500760
2.5499999999999998   1.6532118708188868
2.6000000000000001   1.6351539558889983
2.6499999999999999   1.6172791923997418
2.6999999999999997   1.5995829295724211
2.7500000000000000   1.5820606981319050
2.7999999999999998   1.5647081999749319
2.8500000000000001   1.5475212995571792
2.8999999999999999   1.5304960168345725
2.9499999999999997   1.5136285211926430
3.0000000000000000   1.4969151260478395
3.0500000000000003   1.4803522837518392
3.1000000000000001   1.4639365805110580
3.1499999999999999   1.4476647311328734
3.2000000000000002   1.4315335735160604
3.2500000000000004   1.4155400627920460
3.3000000000000003   1.3996812653104649
3.3499999999999996   1.3839543524032534
3.4000000000000004   1.3683565942190559
3.4500000000000002   1.3528853536749776
3.5000000000000000   1.3375380807319370
3.5499999999999998   1.3223123070813867
3.5999999999999996   1.3072056413560436
3.6499999999999999   1.2922157649082542
3.6999999999999997   1.2773404281697833
3.7500000000000004   1.2625774475750235
3.8000000000000003   1.2479247029880334
3.8499999999999996   1.2333801355593061
3.8999999999999995   1.2189417459092926
3.9500000000000002   1.2046075925490509
4.0000000000000000   1.1903757904311552
4.0500000000000007   1.1762445095554732
4.0999999999999996   1.1622119735355059
4.1500000000000004   1.1482764580861629
4.2000000000000002   1.1344362894107538
4.2500000000000000   1.1206898424404015
4.3000000000000007   1.1070355389614850
4.3499999999999996   1.0934718456479642
4.4000000000000004   1.0799972720167224
4.4500000000000002   1.0666103683686989
4.5000000000000000   1.0533097237468647
4.5500000000000007   1.0400939639559614
4.6000000000000005   1.0269617497096304
4.6500000000000004   1.0139117748845197
4.7000000000000002   1.0009427649809426
4.7500000000000000   0.98805347571484470
4.8000000000000007   0.97524269185929824
4.8500000000000005   0.96250922619519097
4.9000000000000004   0.94985191867317942
4.9500000000000011   0.93726963570096677
5.0000000000000000   0.92476126955050864
5.0499999999999998   0.91232573784678950
5.0999999999999996   0.89996198311897235
5.1499999999999995   0.88766897237802000
5.2000000000000002   0.87544569668231942
5.2499999999999991   0.86329117069741990
5.2999999999999998   0.85120443220782294
5.3499999999999996   0.83918454157679379
5.3999999999999995   0.82723058115788328
5.4500000000000002   0.81534165464096620
5.5000000000000000   0.80351688635457874
5.5499999999999998   0.79175542052466541
5.6000000000000005   0.78005642050563240
5.6499999999999995   0.76841906799870852
5.7000000000000002   0.75684256227244018
5.7500000000000000   0.74532611939523929
5.7999999999999998   0.73386897151373587
5.8500000000000005   0.72247036616305682
5.8999999999999995   0.71112956564465579
5.9500000000000002   0.69984584645265113
6.0000000000000000   0.68861849878679149
