2.0000000000000000   2.8119617044464320
2.0499999999999998   2.7978177669274800
2.1000000000000001   2.7837097020852872
2.1499999999999999   2.7696412966339699
2.2000000000000002   2.7556158833241828
2.2500000000000000   2.7416363945689830
2.3000000000000003   2.7277054109687877
2.3500000000000001   2.7138252042420090
2.4000000000000004   2.6999977741744008
2.4500000000000002   2.6862248797349149
2.5000000000000000   2.6725080647852613
2.5499999999999998   2.6588486790111490
2.6000000000000001   2.6452478950522726
2.6499999999999999   2.6317067226661477
2.6999999999999997   2.6182260209443466
2.7500000000000000   2.6048065092572070
2.7999999999999998   2.5914487776471531
2.8500000000000001   2.5781532970071011
2.8999999999999999   2.5649204292709133
2.9499999999999997   2.5517504377248845
3.0000000000000000   2.5386434972778131
3.0500000000000003   2.5255997045476395
3.1000000000000001   2.5126190875084395
3.1499999999999999   2.4997016144864936
3.2000000000000002   2.4868472022526849
3.2500000000000004   2.4740557231743838
3.3000000000000003   2.4613270111797863
3.3499999999999996   2.4486608666898659
3.4000000000000004   2.4360570604770673
3.4500000000000002   2.4235153366527227
3.5000000000000000   2.4110354148611739
3.5499999999999998   2.3986169919314393
3.5999999999999996   2.3862597431458963
3.6499999999999999   2.3739633233163211
3.6999999999999997   2.3617273678035611
3.7500000000000004   2.3495514936245119
3.8000000000000003   2.3374353006992008
3.8499999999999996   2.3253783733043512
3.8999999999999995   2.3133802817156166
3.9500000000000002   2.3014405840293151
4.0000000000000000   2.2895588280941053
4.0500000000000007   2.2777345534993274
4.0999999999999996   2.2659672935538433
4.1500000000000004   2.2542565771152869
4.2000000000000002   2.2426019303453018
4.2500000000000000   2.2310028781521685
4.3000000000000007   2.2194589454536535
4.3499999999999996   2.2079696581177597
4.4000000000000004   2.1965345436705270
4.4500000000000002   2.1851531317361181
4.5000000000000000   2.1738249542223373
4.5500000000000007   2.1625495453737926
4.6000000000000005   2.1513264416475795
4.6500000000000004   2.1401551815281761
4.7000000000000002   2.1290353052942330
4.7500000000000000   2.1179663547985692
4.8000000000000007   2.1069478732927718
4.8500000000000005   2.0959794053351879
4.9000000000000004   2.0850604967795046
4.9500000000000011   2.0741906948835811
5.0000000000000000   2.0633695485094474
5.0499999999999998   2.0525966084225389
5.0999999999999996   2.0418714276659480
5.1499999999999995   2.0311935619938830
5.2000000000000002   2.0205625703313252
5.2499999999999991   2.0099780152410625
5.2999999999999998   1.9994394633749437
5.3499999999999996   1.9889464858783155
5.3999999999999995   1.9784986587214046
5.4500000000000002   1.9680955629984573
5.5000000000000000   1.9577367850835035
5.5499999999999998   1.9474219167461546
5.6000000000000005   1.9371505551495158
5.6499999999999995   1.9269223028033069
5.7000000000000002   1.9167367674123525
5.7500000000000000   1.9065935617013345
5.7999999999999998   1.8964923031705738
5.8500000000000005   1.8864326138560659
5.8999999999999995   1.8764141200614015
5.9500000000000002   1.8664364521180667
6.0000000000000000   1.8564992441497088
