2.0000000000000000   3.1556409370855927
2.0499999999999998   3.1513466967990640
2.1000000000000001   3.1468777217418222
2.1499999999999999   3.1422417664375524
2.2000000000000002   3.1374463590507524
2.2500000000000000   3.1324987847485484
2.3000000000000003   3.1274060751945663
2.3500000000000001   3.1221750041449865
2.4000000000000004   3.1168120884726767
2.4500000000000002   3.1113235934926542
2.5000000000000000   3.1057155412220454
2.5499999999999998   3.0999937201932326
2.6000000000000001   3.0941636955887204
2.6499999999999999   3.0882308187566134
2.6999999999999997   3.0822002354788238
2.7500000000000000   3.0760768927523725
2.7999999999999998   3.0698655440849354
2.8500000000000001   3.0635707536082601
2.8999999999999999   3.0571968993902190
2.9499999999999997   3.0507481764468238
3.0000000000000000   3.0442285998625578
3.0500000000000003   3.0376420084552818
3.1000000000000001   3.0309920691654320
3.1499999999999999   3.0242822823641506
3.2000000000000002   3.0175159880146509
3.2500000000000004   3.0106963725940168
3.3000000000000003   3.0038264765678058
3.3499999999999996   2.9969092021475525
3.4000000000000004   2.9899473210652490
3.4500000000000002   2.9829434821240728
3.5000000000000000   2.9759002182821597
3.5499999999999998   2.9688199531099491
3.5999999999999996   2.9617050065613268
3.6499999999999999   2.9545575999903329
3.6999999999999997   2.9473798604584229
3.7500000000000004   2.9401738244169451
3.8000000000000003   2.9329414408901271
3.8499999999999996   2.9256845742673789
3.8999999999999995   2.9184050068806000
3.9500000000000002   2.9111044414561209
4.0000000000000000   2.9037845036006678
4.0500000000000007   2.8964467443684376
4.0999999999999996   2.8890926429825714
4.1500000000000004   2.8817236097290362
4.2000000000000002   2.8743409890088949
4.2500000000000000   2.8669460625303094
4.3000000000000007   2.8595400525748915
4.3499999999999996   2.8521241252796234
4.4000000000000004   2.8446993938735163
4.4500000000000002   2.8372669217895066
4.5000000000000000   2.8298277256068460
4.5500000000000007   2.8223827777458101
4.6000000000000005   2.8149330089531661
4.6500000000000004   2.8074793104527935
4.7000000000000002   2.8000225358630528
4.7500000000000000   2.7925635028418747
4.8000000000000007   2.7851029944933470
4.8500000000000005   2.7776417605844776
4.9000000000000004   2.7701805185814079
4.9500000000000011   2.7627199546272787
5.0000000000000000   2.7552607243858032
5.0499999999999998   2.7478034539042731
5.0999999999999996   2.7403487404663598
5.1499999999999995   2.7328971534845903
5.2000000000000002   2.7254492354362041
5.2499999999999991   2.7180055028728463
5.2999999999999998   2.7105664474810820
5.3499999999999996   2.7031325372043757
5.3999999999999995   2.6957042174069081
5.4500000000000002   2.6882819120571813
5.5000000000000000   2.6808660249202778
5.5499999999999998   2.6734569407261328
5.6000000000000005   2.6660550263025673
5.6499999999999995   2.6586606316383494
5.7000000000000002   2.6512740908806358
5.7500000000000000   2.6438957232364855
5.7999999999999998   2.6365258337734536
5.8500000000000005   2.6291647141305683
5.8999999999999995   2.6218126431190640
5.9500000000000002   2.6144698872343444
6.0000000000000000   2.6071367010873665
