2.0000000000000000   3.1644272774475821
2.0499999999999998   3.1640334626337285
2.1000000000000001   3.1635582134630376
2.1499999999999999   3.1630014441508467
2.2000000000000002   3.1623632094723177
2.2500000000000000   3.1616437026258497
2.3000000000000003   3.1608432490375975
2.3500000000000001   3.1599622963339709
2.4000000000000004   3.1590014013380179
2.4500000000000002   3.1579612153709147
2.5000000000000000   3.1568424692345958
2.5499999999999998   3.1556459591283570
2.6000000000000001   3.1543725345104265
2.6499999999999999   3.1530230884858104
2.6999999999999997   3.1515985507819186
2.7500000000000000   3.1500998833910159
2.7999999999999998   3.1485280781075669
2.8500000000000001   3.1468841555822404
2.8999999999999999   3.1451691650437619
2.9499999999999997   3.1433841841959680
3.0000000000000000   3.1415303185492238
3.0500000000000003   3.1396087001014883
3.1000000000000001   3.1376204849462872
3.1499999999999999   3.1355668499616702
3.2000000000000002   3.1334489886977042
3.2500000000000004   3.1312681066539390
3.3000000000000003   3.1290254163460136
3.3499999999999996   3.1267221324689896
3.4000000000000004   3.1243594674237283
3.4500000000000002   3.1219386274294276
3.5000000000000000   3.1194608094443694
3.5499999999999998   3.1169271989783098
3.5999999999999996   3.1143389686204541
3.6499999999999999   3.1116972774103373
3.6999999999999997   3.1090032707726043
3.7500000000000004   3.1062580808862870
3.8000000000000003   3.1034628273148868
3.8499999999999996   3.1006186176479735
3.8999999999999995   3.0977265480909200
3.9500000000000002   3.0947877038709564
4.0000000000000000   3.0918031592569708
4.0500000000000007   3.0887739773148253
4.0999999999999996   3.0857012093828833
4.1500000000000004   3.0825858941766371
4.2000000000000002   3.0794290567496012
4.2500000000000000   3.0762317073491912
4.3000000000000007   3.0729948402065981
4.3499999999999996   3.0697194324209525
4.4000000000000004   3.0664064429796758
4.4500000000000002   3.0630568119934418
4.5000000000000000   3.0596714601762680
4.5500000000000007   3.0562512886235105
4.6000000000000005   3.0527971787916304
4.6500000000000004   3.0493099928071659
4.7000000000000002   3.0457905739395263
4.7500000000000000   3.0422397472180078
4.8000000000000007   3.0386583201863018
4.8500000000000005   3.0350470836811358
4.9000000000000004   3.0314068125937785
4.9500000000000011   3.0277382666041972
5.0000000000000000   3.0240421907864174
5.0499999999999998   3.0203193161060993
5.0999999999999996   3.0165703597810496
5.1499999999999995   3.0127960255046675
5.2000000000000002   3.0089970035318321
5.2499999999999991   3.0051739706805565
5.2999999999999998   3.0013275901898790
5.3499999999999996   2.9974585116108488
5.3999999999999995   2.9935673705731358
5.4500000000000002   2.9896547886433060
5.5000000000000000   2.9857213731821495
5.5499999999999998   2.9817677172348396
5.6000000000000005   2.9777943995560388
5.6499999999999995   2.9738019846791106
5.7000000000000002   2.9697910230918465
5.7500000000000000   2.9657620515179661
5.7999999999999998   2.9617155932361041
5.8500000000000005   2.9576521585324973
5.8999999999999995   2.9535722451569044
5.9500000000000002   2.9494763388375613
6.0000000000000000   2.9453649138202165
