2.0000000000000000   3.2532391570968461E-002
2.0499999999999998   3.4800983019581892E-002
2.1000000000000001   3.7210876560824363E-002
2.1499999999999999   3.9772934669591115E-002
2.2000000000000002   4.2499119300702909E-002
2.2500000000000000   4.5402630766583955E-002
2.3000000000000003   4.8498074469190584E-002
2.3500000000000001   5.1801657225848098E-002
2.4000000000000004   5.5331417506381673E-002
2.4500000000000002   5.9107494671494239E-002
2.5000000000000000   6.3152441869938056E-002
2.5499999999999998   6.7491592458850641E-002
2.6000000000000001   7.2153488728625648E-002
2.6499999999999999   7.7170389748370441E-002
2.6999999999999997   8.2578873095904323E-002
2.7500000000000000   8.8420557188696888E-002
2.7999999999999998   9.4742970429113463E-002
2.8500000000000001   0.10160060734720323
2.8999999999999999   0.10905621659181822
2.9499999999999997   0.11718238388845111
3.0000000000000000   0.12606348883630822
3.0500000000000003   0.13579813634635579
3.1000000000000001   0.14650220005265643
3.1499999999999999   0.15831265428801111
3.2000000000000002   0.17139243388285283
3.2500000000000004   0.18593663710621980
3.3000000000000003   0.20218050199024071
3.3499999999999996   0.22040972623191760
3.4000000000000004   0.24097390526416382
3.4500000000000002   0.26430410980753355
3.5000000000000000   0.29093595201356098
3.5499999999999998   0.32153981300078449
3.5999999999999996   0.35696018732473972
3.6499999999999999   0.39826596596336727
3.6999999999999997   0.44681218612048923
3.7500000000000004   0.50430954528169403
3.8000000000000003   0.57288694896592696
3.8499999999999996   0.65510730205372392
3.8999999999999995   0.75384710957096712
3.9500000000000002   0.87187312704748365
4.0000000000000000   1.0108916021109009
4.0500000000000007   1.1699922643293228
4.0999999999999996   1.3440519185237203
4.1500000000000004   1.5235855508737044
4.2000000000000002   1.6972311381115999
4.2500000000000000   1.8556307773219993
4.3000000000000007   1.9938261368612284
4.3499999999999996   2.1110295854039900
4.4000000000000004   2.2090082406747511
4.4500000000000002   2.2905452095769228
4.5000000000000000   2.3585107478475740
4.5500000000000007   2.4154533416610278
4.6000000000000005   2.4634864505300218
4.6500000000000004   2.5043070839697537
4.7000000000000002   2.5392590769830132
4.7500000000000000   2.5694024852330735
4.8000000000000007   2.5955749572122739
4.8500000000000005   2.6184416086144031
4.9000000000000004   2.6385340116125326
4.9500000000000011   2.6562801400071971
5.0000000000000000   2.6720272100982290
5.0499999999999998   2.6860590909603617
5.0999999999999996   2.6986096126219059
5.1499999999999995   2.7098727901052269
5.2000000000000002   2.7200107230084303
5.2499999999999991   2.7291597425585392
5.2999999999999998   2.7374352269479099
5.3499999999999996   2.7449354019884500
5.3999999999999995   2.7517443577485601
5.4500000000000002   2.7579344654842530
5.5000000000000000   2.7635683218155891
5.5499999999999998   2.7687003239652626
5.6000000000000005   2.7733779546277391
5.6499999999999995   2.7776428370469564
5.7000000000000002   2.7815316022729957
5.7500000000000000   2.7850766113685217
5.7999999999999998   2.7883065545971126
5.8500000000000005   2.7912469547880554
5.8999999999999995   2.7939205899786836
5.9500000000000002   2.7963478516055753
6.0000000000000000   2.7985470467958877
