2.0000000000000000   8.2990683495098895E-003
2.0499999999999998   8.7352547561841722E-003
2.1000000000000001   9.1835935059718047E-003
2.1499999999999999   9.6441687419911350E-003
2.2000000000000002   1.0117094346048374E-002
2.2500000000000000   1.0602511637967570E-002
2.3000000000000003   1.1100583544133513E-002
2.3500000000000001   1.1611486731085046E-002
2.4000000000000004   1.2135403194294592E-002
2.4500000000000002   1.2672512768237176E-002
2.5000000000000000   1.3222987573804230E-002
2.5499999999999998   1.3786988946802062E-002
2.6000000000000001   1.4364666970058162E-002
2.6499999999999999   1.4956162425959306E-002
2.6999999999999997   1.5561610477969046E-002
2.7500000000000000   1.6181145460576422E-002
2.7999999999999998   1.6814905923355529E-002
2.8500000000000001   1.7463039283778931E-002
2.8999999999999999   1.8125705505423414E-002
2.9499999999999997   1.8803079500796956E-002
3.0000000000000000   1.9495352021276311E-002
3.0500000000000003   2.0202729227588995E-002
3.1000000000000001   2.0925431136652392E-002
3.1499999999999999   2.1663689208899533E-002
3.2000000000000002   2.2417743577666193E-002
3.2500000000000004   2.3187840263774403E-002
3.3000000000000003   2.3974228746995379E-002
3.3499999999999996   2.4777160116144503E-002
3.4000000000000004   2.5596886043992201E-002
3.4500000000000002   2.6433658579785784E-002
3.5000000000000000   2.7287730724683067E-002
3.5499999999999998   2.8159357699582839E-002
3.5999999999999996   2.9048798708333719E-002
3.6499999999999999   2.9956318952602565E-002
3.6999999999999997   3.0882191732847605E-002
3.7500000000000004   3.1826700363941529E-002
3.8000000000000003   3.2790139838727035E-002
3.8499999999999996   3.3772818002119884E-002
3.8999999999999995   3.4775056313582901E-002
3.9500000000000002   3.5797190042643631E-002
4.0000000000000000   3.6839568089856195E-002
4.0500000000000007   3.7902552429772300E-002
4.0999999999999996   3.8986517275175547E-002
4.1500000000000004   4.0091848205915964E-002
4.2000000000000002   4.1218941183633069E-002
4.2500000000000000   4.2368201824263471E-002
4.3000000000000007   4.3540044752691368E-002
4.3499999999999996   4.4734893334648453E-002
4.4000000000000004   4.5953179664534730E-002
4.4500000000000002   4.7195344882000168E-002
4.5000000000000000   4.8461839832942333E-002
4.5500000000000007   4.9753125906906642E-002
4.6000000000000005   5.1069676114438384E-002
4.6500000000000004   5.2411976275571877E-002
4.7000000000000002   5.3780526227166975E-002
4.7500000000000000   5.5175841003596696E-002
4.8000000000000007   5.6598452003034823E-002
4.8500000000000005   5.8048907860987466E-002
4.9000000000000004   5.9527775309036329E-002
4.9500000000000011   6.1035639785244948E-002
5.0000000000000000   6.2573105855794009E-002
5.0499999999999998   6.4140797499649765E-002
5.0999999999999996   6.5739358260058417E-002
5.1499999999999995   6.7369451302890460E-002
5.2000000000000002   6.9031759448057270E-002
5.2499999999999991   7.0726985183719962E-002
5.2999999999999998   7.2455850784523837E-002
5.3499999999999996   7.4219098395001154E-002
5.3999999999999995   7.6017490438420821E-002
5.4500000000000002   7.7851809935533076E-002
5.5000000000000000   7.9722861169019082E-002
5.5499999999999998   8.1631470389717659E-002
5.6000000000000005   8.3578486736057583E-002
5.6499999999999995   8.5564783230725527E-002
5.7000000000000002   8.7591257915621071E-002
5.7500000000000000   8.9658835085260707E-002
5.7999999999999998   9.1768466535424503E-002
5.8500000000000005   9.3921132864395254E-002
5.8999999999999995   9.6117844777527967E-002
5.9500000000000002   9.8359644350137637E-002
6.0000000000000000   0.10064760625925716
