2.0000000000000000   3.3309494988014855E-003
2.0499999999999998   3.5021590920531588E-003
2.1000000000000001   3.6779442977504300E-003
2.1499999999999999   3.8583077020902610E-003
2.2000000000000002   4.0432301209723260E-003
2.2500000000000000   4.2326783091695373E-003
2.3000000000000003   4.4266139060686249E-003
2.3500000000000001   4.6250020492658488E-003
2.4000000000000004   4.8278183993433798E-003
2.4500000000000002   5.0350537444173900E-003
2.5000000000000000   5.2467158755036634E-003
2.5499999999999998   5.4628288008636778E-003
2.6000000000000001   5.6834297996381867E-003
2.6499999999999999   5.9085650003266755E-003
2.6999999999999997   6.1382842768713435E-003
2.7500000000000000   6.3726362516974520E-003
2.7999999999999998   6.6116640505913676E-003
2.8500000000000001   6.8554022658888457E-003
2.8999999999999999   7.1038753867589278E-003
2.9499999999999997   7.3570977063328177E-003
3.0000000000000000   7.6150745541548881E-003
3.0500000000000003   7.8778045393103381E-003
3.1000000000000001   8.1452824353396222E-003
3.1499999999999999   8.4175022624501279E-003
3.2000000000000002   8.6944602089976935E-003
3.2500000000000004   8.9761570496236631E-003
3.3000000000000003   9.2625998552864301E-003
3.3499999999999996   9.5538028600803959E-003
3.4000000000000004   9.8497874869646878E-003
3.4500000000000002   1.0150581619729954E-002
3.5000000000000000   1.0456218265730415E-002
3.5499999999999998   1.0766733822520040E-002
3.5999999999999996   1.1082166175589329E-002
3.6499999999999999   1.1402552837229020E-002
3.6999999999999997   1.1727929314531600E-002
3.7500000000000004   1.2058327859192915E-002
3.8000000000000003   1.2393776685527890E-002
3.8499999999999996   1.2734299691928408E-002
3.8999999999999995   1.3079916667531577E-002
3.9500000000000002   1.3430643921446182E-002
4.0000000000000000   1.3786495237553261E-002
4.0500000000000007   1.4147483036514681E-002
4.0999999999999996   1.4513619604604469E-002
4.1500000000000004   1.4884918295496369E-002
4.2000000000000002   1.5261394573567615E-002
4.2500000000000000   1.5643066826898588E-002
4.3000000000000007   1.6029956896937227E-002
4.3499999999999996   1.6422090298492491E-002
4.4000000000000004   1.6819496144139620E-002
4.4500000000000002   1.7222206785515479E-002
4.5000000000000000   1.7630257247807531E-002
4.5500000000000007   1.8043684510861975E-002
4.6000000000000005   1.8462526714038172E-002
4.6500000000000004   1.8886822351192857E-002
4.7000000000000002   1.9316609534776770E-002
4.7500000000000000   1.9751925373643557E-002
4.8000000000000007   2.0192805519778017E-002
4.8500000000000005   2.0639283895624885E-002
4.9000000000000004   2.1091392621459225E-002
4.9500000000000011   2.1549162127345877E-002
5.0000000000000000   2.2012621431501581E-002
5.0499999999999998   2.2481798560752792E-002
5.0999999999999996   2.2956721033311422E-002
5.1499999999999995   2.3437416435557645E-002
5.2000000000000002   2.3923912963729588E-002
5.2499999999999991   2.4416239942288153E-002
5.2999999999999998   2.4914428270341508E-002
5.3499999999999996   2.5418510760908772E-002
5.3999999999999995   2.5928522378009078E-002
5.4500000000000002   2.6444500312874524E-002
5.5000000000000000   2.6966483976625339E-002
5.5499999999999998   2.7494514859816348E-002
5.6000000000000005   2.8028636281091472E-002
5.6499999999999995   2.8568893092206629E-002
5.7000000000000002   2.9115331318947561E-002
5.7500000000000000   2.9667997782149253E-002
5.7999999999999998   3.0226939741338870E-002
5.8500000000000005   3.0792204551661415E-002
5.8999999999999995   3.1363839397972701E-002
5.9500000000000002   3.1941891081638071E-002
6.0000000000000000   3.2526405893237804E-002
