2.5000000E+00 1.9858209E+01
2.5583333E+00 1.8589019E+01
2.6166667E+00 1.7343951E+01
2.6750000E+00 1.6121174E+01
2.7333333E+00 1.4919557E+01
2.7916667E+00 1.3738830E+01
2.8500000E+00 1.2579823E+01
2.9083333E+00 1.1444794E+01
2.9666667E+00 1.0337907E+01
3.0250000E+00 9.2659114E+00
3.0833333E+00 8.2390979E+00
3.1416667E+00 7.2726907E+00
3.2000000E+00 6.3888510E+00
3.2583333E+00 5.6196111E+00
3.3166667E+00 5.0112032E+00
3.3750000E+00 4.6305101E+00
3.4333333E+00 4.5747631E+00
3.4916667E+00 4.9862189E+00
3.5500000E+00 6.0744271E+00
3.6083333E+00 8.1498091E+00
3.6666667E+00 1.1673171E+01
3.7250000E+00 1.7324607E+01
3.7833333E+00 2.6086225E+01
3.8416667E+00 3.9300544E+01
3.9000000E+00 5.8578075E+01
3.9583333E+00 8.5255180E+01
4.0166667E+00 1.1898626E+02
4.0750000E+00 1.5568367E+02
4.1333333E+00 1.8711272E+02
4.1916667E+00 2.0508766E+02
4.2500000E+00 2.0730487E+02
4.3083333E+00 1.9774305E+02
4.3666667E+00 1.8226444E+02
4.4250000E+00 1.6526937E+02
4.4833333E+00 1.4910162E+02
4.5416667E+00 1.3468420E+02
4.6000000E+00 1.2220062E+02
4.6583333E+00 1.1151807E+02
4.7166667E+00 1.0239985E+02
4.7750000E+00 9.4598558E+01
4.8333333E+00 8.7891378E+01
4.8916667E+00 8.2089609E+01
4.9500000E+00 7.7037904E+01
5.0083333E+00 7.2609938E+01
5.0666667E+00 6.8703402E+01
5.1250000E+00 6.5235389E+01
5.1833333E+00 6.2138501E+01
5.2416667E+00 5.9357689E+01
5.3000000E+00 5.6847747E+01
5.3583333E+00 5.4571334E+01
5.4166667E+00 5.2497416E+01
5.4750000E+00 5.0600050E+01
5.5333333E+00 4.8857423E+01
5.5916667E+00 4.7251082E+01
5.6500000E+00 4.5765341E+01
5.7083333E+00 4.4386788E+01
5.7666667E+00 4.3103899E+01
5.8250000E+00 4.1906729E+01
5.8833333E+00 4.0786651E+01
5.9416667E+00 3.9736150E+01
6.0000000E+00 3.8748654E+01
