2.5000000E+00 1.0389953E+01
2.5583333E+00 9.9302214E+00
2.6166667E+00 9.4336201E+00
2.6750000E+00 8.8995683E+00
2.7333333E+00 8.3278645E+00
2.7916667E+00 7.7188218E+00
2.8500000E+00 7.0734648E+00
2.9083333E+00 6.3938140E+00
2.9666667E+00 5.6832963E+00
3.0250000E+00 4.9473391E+00
3.0833333E+00 4.1942325E+00
3.1416667E+00 3.4363923E+00
3.2000000E+00 2.6922248E+00
3.2583333E+00 1.9889050E+00
3.3166667E+00 1.3665583E+00
3.3750000E+00 8.8462176E-01
3.4333333E+00 6.3161554E-01
3.4916667E+00 7.4028435E-01
3.5500000E+00 1.4111861E+00
3.6083333E+00 2.9493873E+00
3.6666667E+00 5.8207054E+00
3.7250000E+00 1.0734261E+01
3.7833333E+00 1.8750879E+01
3.8416667E+00 3.1383832E+01
3.9000000E+00 5.0556717E+01
3.9583333E+00 7.8059680E+01
4.0166667E+00 1.1393375E+02
4.0750000E+00 1.5390037E+02
4.1333333E+00 1.8866472E+02
4.1916667E+00 2.0892132E+02
4.2500000E+00 2.1224438E+02
4.3083333E+00 2.0318846E+02
4.3666667E+00 1.8807075E+02
4.4250000E+00 1.7143319E+02
4.4833333E+00 1.5561283E+02
4.5416667E+00 1.4150235E+02
4.6000000E+00 1.2926852E+02
4.6583333E+00 1.1877582E+02
4.7166667E+00 1.0979247E+02
4.7750000E+00 1.0207877E+02
4.8333333E+00 9.5419746E+01
4.8916667E+00 8.9633698E+01
4.9500000E+00 8.4571088E+01
5.0083333E+00 8.0110267E+01
5.0666667E+00 7.6152615E+01
5.1250000E+00 7.2618120E+01
5.1833333E+00 6.9441640E+01
5.2416667E+00 6.6569892E+01
5.3000000E+00 6.3959053E+01
5.3583333E+00 6.1572865E+01
5.4166667E+00 5.9381152E+01
5.4750000E+00 5.7358649E+01
5.5333333E+00 5.5484080E+01
5.5916667E+00 5.3739426E+01
5.6500000E+00 5.2109344E+01
5.7083333E+00 5.0580698E+01
5.7666667E+00 4.9142193E+01
5.8250000E+00 4.7784062E+01
5.8833333E+00 4.6497826E+01
5.9416667E+00 4.5276094E+01
6.0000000E+00 4.4112392E+01
