2.5000000E+00 1.2927405E+02
2.5583333E+00 1.2682868E+02
2.6166667E+00 1.2452153E+02
2.6750000E+00 1.2234586E+02
2.7333333E+00 1.2029566E+02
2.7916667E+00 1.1836558E+02
2.8500000E+00 1.1655086E+02
2.9083333E+00 1.1484719E+02
2.9666667E+00 1.1325062E+02
3.0250000E+00 1.1175739E+02
3.0833333E+00 1.1036370E+02
3.1416667E+00 1.0906538E+02
3.2000000E+00 1.0785743E+02
3.2583333E+00 1.0673328E+02
3.3166667E+00 1.0568360E+02
3.3750000E+00 1.0469461E+02
3.4333333E+00 1.0374513E+02
3.4916667E+00 1.0280216E+02
3.5500000E+00 1.0181350E+02
3.6083333E+00 1.0069601E+02
3.6666667E+00 9.9316864E+01
3.7250000E+00 9.7464477E+01
3.7833333E+00 9.4806744E+01
3.8416667E+00 9.0841869E+01
3.9000000E+00 8.4874498E+01
3.9583333E+00 7.6118139E+01
4.0166667E+00 6.4116375E+01
4.0750000E+00 4.9569182E+01
4.1333333E+00 3.4928537E+01
4.1916667E+00 2.3446399E+01
4.2500000E+00 1.6985477E+01
4.3083333E+00 1.5129977E+01
4.3666667E+00 1.6270977E+01
4.4250000E+00 1.8873867E+01
4.4833333E+00 2.1941208E+01
4.5416667E+00 2.4951005E+01
4.6000000E+00 2.7676533E+01
4.6583333E+00 3.0046200E+01
4.7166667E+00 3.2061112E+01
4.7750000E+00 3.3752268E+01
4.8333333E+00 3.5159948E+01
4.8916667E+00 3.6324472E+01
4.9500000E+00 3.7282492E+01
5.0083333E+00 3.8065869E+01
5.0666667E+00 3.8701684E+01
5.1250000E+00 3.9212706E+01
5.1833333E+00 3.9617983E+01
5.2416667E+00 3.9933432E+01
5.3000000E+00 4.0172368E+01
5.3583333E+00 4.0345953E+01
5.4166667E+00 4.0463573E+01
5.4750000E+00 4.0533149E+01
5.5333333E+00 4.0561386E+01
5.5916667E+00 4.0553985E+01
5.6500000E+00 4.0515809E+01
5.7083333E+00 4.0451022E+01
5.7666667E+00 4.0363201E+01
5.8250000E+00 4.0255429E+01
5.8833333E+00 4.0130371E+01
5.9416667E+00 3.9990342E+01
6.0000000E+00 3.9837350E+01
