2.5000000E+00 5.7199321E+01
2.5583333E+00 5.8580897E+01
2.6166667E+00 5.9959369E+01
2.6750000E+00 6.1336266E+01
2.7333333E+00 6.2713292E+01
2.7916667E+00 6.4092320E+01
2.8500000E+00 6.5475382E+01
2.9083333E+00 6.6864650E+01
2.9666667E+00 6.8262386E+01
3.0250000E+00 6.9670869E+01
3.0833333E+00 7.1092255E+01
3.1416667E+00 7.2528359E+01
3.2000000E+00 7.3980280E+01
3.2583333E+00 7.5447799E+01
3.3166667E+00 7.6928395E+01
3.3750000E+00 7.8415629E+01
3.4333333E+00 7.9896491E+01
3.4916667E+00 8.1347005E+01
3.5500000E+00 8.2724922E+01
3.6083333E+00 8.3957540E+01
3.6666667E+00 8.4921525E+01
3.7250000E+00 8.5410245E+01
3.7833333E+00 8.5083966E+01
3.8416667E+00 8.3404944E+01
3.9000000E+00 7.9588937E+01
3.9583333E+00 7.2688087E+01
4.0166667E+00 6.2051539E+01
4.0750000E+00 4.8320660E+01
4.1333333E+00 3.4208574E+01
4.1916667E+00 2.3383466E+01
4.2500000E+00 1.7873120E+01
4.3083333E+00 1.7144254E+01
4.3666667E+00 1.9442963E+01
4.4250000E+00 2.3174122E+01
4.4833333E+00 2.7334420E+01
4.5416667E+00 3.1410497E+01
4.6000000E+00 3.5182661E+01
4.6583333E+00 3.8582223E+01
4.7166667E+00 4.1610353E+01
4.7750000E+00 4.4296763E+01
4.8333333E+00 4.6680042E+01
4.8916667E+00 4.8798885E+01
4.9500000E+00 5.0688582E+01
5.0083333E+00 5.2379944E+01
5.0666667E+00 5.3899299E+01
5.1250000E+00 5.5268912E+01
5.1833333E+00 5.6507543E+01
5.2416667E+00 5.7630985E+01
5.3000000E+00 5.8652557E+01
5.3583333E+00 5.9583529E+01
5.4166667E+00 6.0433470E+01
5.4750000E+00 6.1210539E+01
5.5333333E+00 6.1921723E+01
5.5916667E+00 6.2573036E+01
5.6500000E+00 6.3169671E+01
5.7083333E+00 6.3716138E+01
5.7666667E+00 6.4216366E+01
5.8250000E+00 6.4673793E+01
5.8833333E+00 6.5091441E+01
5.9416667E+00 6.5471972E+01
6.0000000E+00 6.5817742E+01
