2.5000000E+00 5.3134448E+01
2.5583333E+00 5.1751497E+01
2.6166667E+00 5.0413572E+01
2.6750000E+00 4.9115403E+01
2.7333333E+00 4.7851747E+01
2.7916667E+00 4.6617289E+01
2.8500000E+00 4.5406527E+01
2.9083333E+00 4.4213638E+01
2.9666667E+00 4.3032323E+01
3.0250000E+00 4.1855601E+01
3.0833333E+00 4.0675556E+01
3.1416667E+00 3.9483015E+01
3.2000000E+00 3.8267113E+01
3.2583333E+00 3.7014732E+01
3.3166667E+00 3.5709747E+01
3.3750000E+00 3.4332024E+01
3.4333333E+00 3.2856094E+01
3.4916667E+00 3.1249418E+01
3.5500000E+00 2.9470230E+01
3.6083333E+00 2.7465093E+01
3.6666667E+00 2.5166837E+01
3.7250000E+00 2.2494823E+01
3.7833333E+00 1.9362571E+01
3.8416667E+00 1.5704104E+01
3.9000000E+00 1.1540425E+01
3.9583333E+00 7.1115712E+00
4.0166667E+00 3.0543531E+00
4.0750000E+00 4.3906178E-01
4.1333333E+00 3.1579994E-01
4.1916667E+00 2.8618134E+00
4.2500000E+00 7.1173723E+00
4.3083333E+00 1.1754016E+01
4.3666667E+00 1.5875454E+01
4.4250000E+00 1.9156416E+01
4.4833333E+00 2.1614526E+01
4.5416667E+00 2.3393309E+01
4.6000000E+00 2.4650982E+01
4.6583333E+00 2.5521412E+01
4.7166667E+00 2.6107369E+01
4.7750000E+00 2.6484634E+01
4.8333333E+00 2.6708249E+01
4.8916667E+00 2.6818095E+01
4.9500000E+00 2.6843180E+01
5.0083333E+00 2.6804758E+01
5.0666667E+00 2.6718532E+01
5.1250000E+00 2.6596216E+01
5.1833333E+00 2.6446629E+01
5.2416667E+00 2.6276467E+01
5.3000000E+00 2.6090856E+01
5.3583333E+00 2.5893753E+01
5.4166667E+00 2.5688233E+01
5.4750000E+00 2.5476697E+01
5.5333333E+00 2.5261033E+01
5.5916667E+00 2.5042732E+01
5.6500000E+00 2.4822974E+01
5.7083333E+00 2.4602696E+01
5.7666667E+00 2.4382644E+01
5.8250000E+00 2.4163412E+01
5.8833333E+00 2.3945472E+01
5.9416667E+00 2.3729198E+01
6.0000000E+00 2.3514887E+01
