2.5000000E+00 4.4371060E+01
2.5583333E+00 4.3977645E+01
2.6166667E+00 4.3567196E+01
2.6750000E+00 4.3140284E+01
2.7333333E+00 4.2696989E+01
2.7916667E+00 4.2236833E+01
2.8500000E+00 4.1758692E+01
2.9083333E+00 4.1260677E+01
2.9666667E+00 4.0739980E+01
3.0250000E+00 4.0192664E+01
3.0833333E+00 3.9613384E+01
3.1416667E+00 3.8995010E+01
3.2000000E+00 3.8328120E+01
3.2583333E+00 3.7600305E+01
3.3166667E+00 3.6795214E+01
3.3750000E+00 3.5891246E+01
3.4333333E+00 3.4859755E+01
3.4916667E+00 3.3662606E+01
3.5500000E+00 3.2248928E+01
3.6083333E+00 3.0551066E+01
3.6666667E+00 2.8480208E+01
3.7250000E+00 2.5923699E+01
3.7833333E+00 2.2749923E+01
3.8416667E+00 1.8835617E+01
3.9000000E+00 1.4146783E+01
3.9583333E+00 8.9179966E+00
4.0166667E+00 3.9233633E+00
4.0750000E+00 5.8724504E-01
4.1333333E+00 3.9181577E-01
4.1916667E+00 3.6585722E+00
4.2500000E+00 9.1632771E+00
4.3083333E+00 1.5208162E+01
4.3666667E+00 2.0676628E+01
4.4250000E+00 2.5173855E+01
4.4833333E+00 2.8719724E+01
4.5416667E+00 3.1480876E+01
4.6000000E+00 3.3639794E+01
4.6583333E+00 3.5350485E+01
4.7166667E+00 3.6731294E+01
4.7750000E+00 3.7869785E+01
4.8333333E+00 3.8829904E+01
4.8916667E+00 3.9658290E+01
4.9500000E+00 4.0389133E+01
5.0083333E+00 4.1047694E+01
5.0666667E+00 4.1652814E+01
5.1250000E+00 4.2218681E+01
5.1833333E+00 4.2756087E+01
5.2416667E+00 4.3273315E+01
5.3000000E+00 4.3776776E+01
5.3583333E+00 4.4271478E+01
5.4166667E+00 4.4761355E+01
5.4750000E+00 4.5249525E+01
5.5333333E+00 4.5738466E+01
5.5916667E+00 4.6230164E+01
5.6500000E+00 4.6726215E+01
5.7083333E+00 4.7227905E+01
5.7666667E+00 4.7736274E+01
5.8250000E+00 4.8252168E+01
5.8833333E+00 4.8776269E+01
5.9416667E+00 4.9309135E+01
6.0000000E+00 4.9851214E+01
