2.5000000E+00 3.9878017E+01
2.5583333E+00 4.0110508E+01
2.6166667E+00 4.0447141E+01
2.6750000E+00 4.0897431E+01
2.7333333E+00 4.1473110E+01
2.7916667E+00 4.2188589E+01
2.8500000E+00 4.3061559E+01
2.9083333E+00 4.4113759E+01
2.9666667E+00 4.5371985E+01
3.0250000E+00 4.6869398E+01
3.0833333E+00 4.8647262E+01
3.1416667E+00 5.0757237E+01
3.2000000E+00 5.3264451E+01
3.2583333E+00 5.6251614E+01
3.3166667E+00 5.9824577E+01
3.3750000E+00 6.4119818E+01
3.4333333E+00 6.9314499E+01
3.4916667E+00 7.5639748E+01
3.5500000E+00 8.3397567E+01
3.6083333E+00 9.2980636E+01
3.6666667E+00 1.0489073E+02
3.7250000E+00 1.1974223E+02
3.7833333E+00 1.3821501E+02
3.8416667E+00 1.6087358E+02
3.9000000E+00 1.8769186E+02
3.9583333E+00 2.1708087E+02
4.0166667E+00 2.4452617E+02
4.0750000E+00 2.6216639E+02
4.1333333E+00 2.6195398E+02
4.1916667E+00 2.4198875E+02
4.2500000E+00 2.0883874E+02
4.3083333E+00 1.7216500E+02
4.3666667E+00 1.3873632E+02
4.4250000E+00 1.1118707E+02
4.4833333E+00 8.9575593E+01
4.5416667E+00 7.2961726E+01
4.6000000E+00 6.0243521E+01
4.6583333E+00 5.0465484E+01
4.7166667E+00 4.2882886E+01
4.7750000E+00 3.6940249E+01
4.8333333E+00 3.2230104E+01
4.8916667E+00 2.8454518E+01
4.9500000E+00 2.5394826E+01
5.0083333E+00 2.2889357E+01
5.0666667E+00 2.0817474E+01
5.1250000E+00 1.9088261E+01
5.1833333E+00 1.7632499E+01
5.2416667E+00 1.6396961E+01
5.3000000E+00 1.5340313E+01
5.3583333E+00 1.4430162E+01
5.4166667E+00 1.3640897E+01
5.4750000E+00 1.2952094E+01
5.5333333E+00 1.2347344E+01
5.5916667E+00 1.1813359E+01
5.6500000E+00 1.1339306E+01
5.7083333E+00 1.0916295E+01
5.7666667E+00 1.0536984E+01
5.8250000E+00 1.0195275E+01
5.8833333E+00 9.8860724E+00
5.9416667E+00 9.6050987E+00
6.0000000E+00 9.3487441E+00
