2.5000000E+00 2.5322485E+01
2.5583333E+00 2.5480493E+01
2.6166667E+00 2.5750031E+01
2.6750000E+00 2.6142016E+01
2.7333333E+00 2.6669397E+01
2.7916667E+00 2.7347672E+01
2.8500000E+00 2.8195547E+01
2.9083333E+00 2.9235764E+01
2.9666667E+00 3.0496190E+01
3.0250000E+00 3.2011223E+01
3.0833333E+00 3.3823647E+01
3.1416667E+00 3.5987107E+01
3.2000000E+00 3.8569416E+01
3.2583333E+00 4.1657030E+01
3.3166667E+00 4.5361127E+01
3.3750000E+00 4.9825892E+01
3.4333333E+00 5.5239784E+01
3.4916667E+00 6.1850677E+01
3.5500000E+00 6.9985628E+01
3.6083333E+00 8.0074955E+01
3.6666667E+00 9.2676735E+01
3.7250000E+00 1.0848772E+02
3.7833333E+00 1.2830112E+02
3.8416667E+00 1.5281445E+02
3.9000000E+00 1.8208960E+02
3.9583333E+00 2.1439573E+02
4.0166667E+00 2.4452943E+02
4.0750000E+00 2.6329443E+02
4.1333333E+00 2.6154192E+02
4.1916667E+00 2.3792067E+02
4.2500000E+00 2.0086492E+02
4.3083333E+00 1.6138302E+02
4.3666667E+00 1.2642600E+02
4.4250000E+00 9.8250481E+01
4.4833333E+00 7.6518901E+01
4.5416667E+00 6.0033256E+01
4.6000000E+00 4.7552148E+01
4.6583333E+00 3.8051659E+01
4.7166667E+00 3.0755765E+01
4.7750000E+00 2.5095830E+01
4.8333333E+00 2.0659703E+01
4.8916667E+00 1.7148543E+01
4.9500000E+00 1.4344335E+01
5.0083333E+00 1.2086592E+01
5.0666667E+00 1.0255941E+01
5.1250000E+00 8.7626293E+00
5.1833333E+00 7.5384380E+00
5.2416667E+00 6.5309693E+00
5.3000000E+00 5.6995679E+00
5.3583333E+00 5.0123859E+00
5.4166667E+00 4.4442475E+00
5.4750000E+00 3.9750798E+00
5.5333333E+00 3.5887499E+00
5.5916667E+00 3.2721928E+00
5.6500000E+00 3.0147532E+00
5.7083333E+00 2.8076822E+00
5.7666667E+00 2.6437521E+00
5.8250000E+00 2.5169562E+00
5.8833333E+00 2.4222751E+00
5.9416667E+00 2.3554923E+00
6.0000000E+00 2.3130489E+00
