0.0 inf
0.25 790.71264
0.5 395.25885
0.75 263.43964
1.0 197.52904
1.25 157.98186
1.5 131.61637
1.75 112.78326
2.0 98.657866
2.25 87.670934
2.5 78.880912
2.75 71.688628
3.0 65.694634
3.25 60.622388
3.5 56.274362
3.75 52.505699
4.0 49.207755
4.25 46.297453
4.5 43.710172
4.75 41.394898
5.0 39.310819
5.25 37.424895
5.5 35.710093
5.75 34.144083
6.0 32.708252
6.25 31.386969
6.5 30.167005
6.75 29.037088
7.0 27.987561
7.25 27.010094
7.5 26.097468
7.75 25.243396
8.0 24.442376
8.25 23.68957
8.5 22.980712
8.75 22.312019
9.0 21.680131
9.25 21.082047
9.5 20.515085
9.75 19.976833
10.0 19.465123
10.25 18.977993
10.5 18.513672
10.75 18.070549
11.0 17.647159
11.25 17.242167
11.5 16.854351
11.75 16.482593
12.0 16.125866
12.25 15.783226
12.5 15.4538
12.75 15.136786
13.0 14.831438
13.25 14.537066
13.5 14.253027
13.75 13.978724
14.0 13.7136
14.25 13.457132
14.5 13.208831
14.75 12.968238
15.0 12.734921
15.25 12.50847
15.5 12.288499
15.75 12.074639
16.0 11.866541
16.25 11.663869
16.5 11.4663
16.75 11.273524
17.0 11.085239
17.25 10.901151
17.5 10.72097
17.75 10.544412
18.0 10.371192
18.25 10.201023
18.5 10.033618
18.75 9.8686779
19.0 9.7058974
19.25 9.5449545
19.5 9.385509
19.75 9.2271953
20.0 9.0696162
20.25 8.9123338
20.5 8.7548589
20.75 8.5966372
21.0 8.4370317
21.25 8.2752999
21.5 8.1105633
21.75 7.9417672
22.0 7.7676258
22.25 7.5865456
22.5 7.3965191
22.75 7.1949701
23.0 6.9785283
23.25 6.7426879
23.5 6.4812811
23.75 6.185637
24.0 5.8431997
24.25 5.4351855
24.5 4.9325384
24.75 4.2891473
25.0 3.4333968
25.25 2.2877218
25.5 1.1943936
25.75 7.2080713
26.0 30.714177
26.25 21.895864
26.5 16.362315
26.75 13.677065
27.0 12.143696
27.25 11.153235
27.5 10.455968
27.75 9.9336683
28.0 9.5238196
28.25 9.190463
28.5 8.9115186
28.75 8.6727047
29.0 8.4643848
29.25 8.2798248
29.5 8.114178
29.75 7.963867
30.0 7.8261938
30.25 7.6990838
30.5 7.5809154
30.75 7.4704022
31.0 7.3665094
31.25 7.2683952
31.5 7.175367
31.75 7.0868492
32.0 7.0023595
32.25 6.9214899
32.5 6.8438928
32.75 6.76927
33.0 6.6973639
33.25 6.6279505
33.5 6.5608341
33.75 6.4958427
34.0 6.4328241
34.25 6.3716435
34.5 6.3121806
34.75 6.2543276
35.0 6.1979875
35.25 6.143073
35.5 6.0895049
35.75 6.0372111
36.0 5.9861259
36.25 5.9361894
36.5 5.8873464
36.75 5.8395462
37.0 5.7927421
37.25 5.7468908
37.5 5.7019523
37.75 5.6578892
38.0 5.6146669
38.25 5.5722531
38.5 5.5306174
38.75 5.4897315
39.0 5.4495689
39.25 5.4101044
39.5 5.3713146
39.75 5.3331771
40.0 5.2956711
40.25 5.2587766
40.5 5.2224749
40.75 5.186748
41.0 5.1515791
41.25 5.116952
41.5 5.0828514
41.75 5.0492626
42.0 5.0161717
42.25 4.9835653
42.5 4.9514306
42.75 4.9197556
43.0 4.8885284
43.25 4.8577379
43.5 4.8273734
43.75 4.7974244
44.0 4.7678811
44.25 4.7387339
44.5 4.7099737
44.75 4.6815915
45.0 4.6535789
45.25 4.6259276
45.5 4.5986297
45.75 4.5716776
46.0 4.5450637
46.25 4.518781
46.5 4.4928225
46.75 4.4671816
47.0 4.4418517
47.25 4.4168266
47.5 4.3921002
47.75 4.3676666
48.0 4.34352
48.25 4.3196549
48.5 4.296066
48.75 4.2727479
49.0 4.2496956
49.25 4.2269041
49.5 4.2043687
49.75 4.1820847
50.0 4.1600475