0.0 inf
0.25 4210.603
0.5 2105.0992
0.75 1403.262
1.0 1052.3413
1.25 841.78712
1.5 701.41623
1.75 601.15
2.0 525.94916
2.25 467.45855
2.5 420.66505
2.75 382.37853
3.0 350.47221
3.25 323.47371
3.5 300.33132
3.75 280.2738
4.0 262.72271
4.25 247.23572
4.5 233.46877
4.75 221.15027
5.0 210.06293
5.25 200.03083
5.5 190.91005
5.75 182.58171
6.0 174.94673
6.25 167.92187
6.5 161.43672
6.75 155.43127
7.0 149.85412
7.25 144.66092
7.5 139.81325
7.75 135.27765
8.0 131.02483
8.25 127.02906
8.5 123.26763
8.75 119.72042
9.0 116.36955
9.25 113.19906
9.5 110.19469
9.75 107.34362
10.0 104.63431
10.25 102.05636
10.5 99.600351
10.75 97.257729
11.0 95.020723
11.25 92.882249
11.5 90.835835
11.75 88.875558
12.0 86.995984
12.25 85.192119
12.5 83.459366
12.75 81.793482
13.0 80.190548
13.25 78.646935
13.5 77.159279
13.75 75.724453
14.0 74.339548
14.25 73.001853
14.5 71.708836
14.75 70.45813
15.0 69.247515
15.25 68.074909
15.5 66.938352
15.75 65.835999
16.0 64.766106
16.25 63.727021
16.5 62.717177
16.75 61.735084
17.0 60.779318
17.25 59.848513
17.5 58.941359
17.75 58.056587
18.0 57.192967
18.25 56.349297
18.5 55.524395
18.75 54.717091
19.0 53.926218
19.25 53.150595
19.5 52.389022
19.75 51.640259
20.0 50.903009
20.25 50.175898
20.5 49.457441
20.75 48.746013
21.0 48.039803
21.25 47.336747
21.5 46.634458
21.75 45.930115
22.0 45.220312
22.25 44.500857
22.5 43.766469
22.75 43.010343
23.0 42.223483
23.25 41.393676
23.5 40.503823
23.75 39.529139
24.0 38.432209
24.25 37.153754
24.5 35.594121
24.75 33.572972
25.0 30.732463
25.25 26.282724
25.5 18.433015
25.75 9.8268122
26.0 53.691489
26.25 59.129131
26.5 53.716437
26.75 50.006811
27.0 47.514282
27.25 45.714712
27.5 44.330337
27.75 43.211557
28.0 42.272601
28.25 41.461252
28.5 40.744045
28.75 40.098591
29.0 39.509354
29.25 38.965218
29.5 38.458017
29.75 37.981609
30.0 37.531283
30.25 37.103359
30.5 36.694916
30.75 36.303604
31.0 35.927505
31.25 35.565036
31.5 35.214877
31.75 34.875914
32.0 34.547203
32.25 34.227931
32.5 33.917396
32.75 33.614988
33.0 33.320172
33.25 33.032473
33.5 32.751474
33.75 32.476798
34.0 32.20811
34.25 31.945106
34.5 31.687512
34.75 31.435077
35.0 31.187574
35.25 30.944792
35.5 30.706538
35.75 30.472634
36.0 30.242916
36.25 30.017228
36.5 29.79543
36.75 29.577386
37.0 29.362971
37.25 29.152069
37.5 28.944567
37.75 28.740362
38.0 28.539355
38.25 28.341453
38.5 28.146567
38.75 27.954614
39.0 27.765512
39.25 27.579186
39.5 27.395563
39.75 27.214574
40.0 27.036152
40.25 26.860233
40.5 26.686758
40.75 26.515666
41.0 26.346903
41.25 26.180413
41.5 26.016146
41.75 25.85405
42.0 25.694079
42.25 25.536184
42.5 25.380322
42.75 25.226449
43.0 25.074523
43.25 24.924504
43.5 24.776351
43.75 24.630029
44.0 24.485499
44.25 24.342726
44.5 24.201675
44.75 24.062313
45.0 23.924608
45.25 23.788527
45.5 23.65404
45.75 23.521118
46.0 23.38973
46.25 23.25985
46.5 23.131449
46.75 23.004502
47.0 22.878981
47.25 22.754862
47.5 22.632119
47.75 22.51073
48.0 22.39067
48.25 22.271917
48.5 22.154448
48.75 22.038242
49.0 21.923277
49.25 21.809533
49.5 21.69699
49.75 21.585627
50.0 21.475427