0.0 inf
0.25 952.51388
0.5 476.19844
0.75 317.42586
1.0 238.03896
1.25 190.40633
1.5 158.65082
1.75 135.96794
2.0 118.95543
2.25 105.72318
2.5 95.137083
2.75 86.475462
3.0 79.257189
3.25 73.149174
3.5 67.913498
3.75 63.375686
4.0 59.40488
4.25 55.901015
4.5 52.786258
4.75 49.999165
5.0 47.49058
5.25 45.220708
5.5 43.156992
5.75 41.272533
6.0 39.544917
6.25 37.955317
6.5 36.4878
6.75 35.128794
7.0 33.866666
7.25 32.691385
7.5 31.59426
7.75 30.56772
8.0 29.605138
8.25 28.700693
8.5 27.849245
8.75 27.046245
9.0 26.287644
9.25 25.569835
9.5 24.889588
9.75 24.244002
10.0 23.630469
10.25 23.046631
10.5 22.490358
10.75 21.959714
11.0 21.452941
11.25 20.968433
11.5 20.504726
11.75 20.060478
12.0 19.634459
12.25 19.225537
12.5 18.832671
12.75 18.4549
13.0 18.091333
13.25 17.74115
13.5 17.403585
13.75 17.07793
14.0 16.763524
14.25 16.45975
14.5 16.166032
14.75 15.881833
15.0 15.606645
15.25 15.339994
15.5 15.081431
15.75 14.830536
16.0 14.586906
16.25 14.350164
16.5 14.119948
16.75 13.895914
17.0 13.67773
17.25 13.465081
17.5 13.257657
17.75 13.055162
18.0 12.857305
18.25 12.663798
18.5 12.474359
18.75 12.288703
19.0 12.106546
19.25 11.927595
19.5 11.751551
19.75 11.5781
20.0 11.40691
20.25 11.237624
20.5 11.069855
20.75 10.903168
21.0 10.737078
21.25 10.571025
21.5 10.404353
21.75 10.236281
22.0 10.065863
22.25 9.8919229
22.5 9.7129743
22.75 9.5270946
23.0 9.3317371
23.25 9.1234373
23.5 8.897342
23.75 8.6464173
24.0 8.3600546
24.25 8.0214749
24.5 7.6025495
24.75 7.0525933
25.0 6.2717263
25.25 5.0423391
25.5 2.8895551
25.75 0.78420889
26.0 13.575473
26.25 14.760122
26.5 13.110181
26.75 12.024775
27.0 11.311181
27.25 10.805104
27.5 10.422088
27.75 10.11723
28.0 9.8649754
28.25 9.6498469
28.5 9.4619618
28.75 9.2947278
29.0 9.1435833
29.25 9.0052716
29.5 8.8774055
29.75 8.7581937
30.0 8.6462652
30.25 8.5405514
30.5 8.4402064
30.75 8.3445509
31.0 8.2530321
31.25 8.1651953
31.5 8.0806619
31.75 7.9991143
32.0 7.9202829
32.25 7.8439376
32.5 7.7698798
32.75 7.6979375
33.0 7.6279604
33.25 7.5598163
33.5 7.4933883
33.75 7.4285727
34.0 7.3652765
34.25 7.3034163
34.5 7.242917
34.75 7.1837103
35.0 7.1257344
35.25 7.0689324
35.5 7.0132526
35.75 6.9586472
36.0 6.9050721
36.25 6.8524865
36.5 6.8008527
36.75 6.7501353
37.0 6.7003015
37.25 6.6513207
37.5 6.6031639
37.75 6.5558041
38.0 6.5092159
38.25 6.4633751
38.5 6.4182591
38.75 6.3738463
39.0 6.3301164
39.25 6.2870501
39.5 6.2446289
39.75 6.2028352
40.0 6.1616524
40.25 6.1210646
40.5 6.0810564
40.75 6.0416132
41.0 6.0027211
41.25 5.9643667
41.5 5.9265371
41.75 5.8892199
42.0 5.8524032
42.25 5.8160757
42.5 5.7802262
42.75 5.7448441
43.0 5.7099193
43.25 5.6754417
43.5 5.6414019
43.75 5.6077907
44.0 5.574599
44.25 5.5418183
44.5 5.5094403
44.75 5.4774567
45.0 5.4458597
45.25 5.4146418
45.5 5.3837956
45.75 5.3533138
46.0 5.3231896
46.25 5.2934162
46.5 5.2639869
46.75 5.2348956
47.0 5.2061358
47.25 5.1777016
47.5 5.1495872
47.75 5.1217867
48.0 5.0942947
48.25 5.0671057
48.5 5.0402144
48.75 5.0136158
49.0 4.9873046
49.25 4.9612762
49.5 4.9355256
49.75 4.9100483
50.0 4.8848397